 4.82717e-08  8.36927e-23 -7.08629e-07  -1.3825e-21  3.91311e-06  6.80831e-21  -1.2285e-05 -1.97435e-20  2.43899e-05   3.9569e-20 -3.05819e-05 -5.66179e-20  2.05317e-05  5.53417e-20  7.28856e-07 -3.02856e-20 -1.31566e-05 -2.30912e-21  6.56664e-06  1.83565e-20   5.0545e-06 -1.21179e-20  -5.2454e-06  8.77724e-23 -1.67042e-06  3.00102e-21  3.00185e-06  2.04762e-22  6.40615e-07 -1.57863e-21 -1.46529e-06    4.787e-22 -3.55799e-07  1.26698e-22  6.10552e-07  9.56333e-23    2.257e-07 -2.09444e-22 -1.97218e-07  1.39042e-22 -1.20401e-07 -6.43103e-23  3.62487e-08  4.19107e-24  4.49366e-08  4.64865e-24  3.30062e-09  8.30186e-24 -9.14424e-09 -1.99666e-24 -3.47746e-09 -2.04397e-24  2.80984e-10  1.30055e-25   4.6677e-10  -1.2501e-25  1.02753e-10  8.59059e-26  3.28533e-12  1.27222e-26 -7.30707e-13
 8.36927e-23  1.02116e-06  7.72478e-22  -8.3447e-06 -8.02699e-21  3.40604e-05  3.03721e-20 -8.48676e-05 -7.36024e-20  0.000135568  1.28727e-19  -0.00013098 -1.62462e-19  4.98122e-05   1.3671e-19  4.19858e-05 -5.63812e-20 -5.63188e-05 -2.01624e-20  1.68866e-06  4.07435e-20  3.19898e-05 -1.71454e-20 -9.34707e-06 -1.25686e-21 -1.56063e-05   -1.762e-21   6.5908e-06  5.99177e-21  7.45476e-06 -2.27432e-21 -3.09452e-06 -5.85917e-22 -3.53729e-06 -3.63831e-22  9.71939e-07  9.87032e-22  1.55224e-06 -5.84729e-22 -9.03186e-08  4.05355e-22 -5.52724e-07 -2.09325e-22 -1.03332e-07  -3.0061e-23  1.27901e-07  7.61642e-24  6.19588e-08  3.40181e-23 -8.23877e-09  1.92504e-24 -1.32042e-08  -5.4968e-24 -2.92396e-09 -4.88074e-25  3.98164e-10 -5.84392e-25  2.53328e-10  1.04461e-25  2.94964e-11  2.02969e-26
-7.08629e-07  7.72478e-22  1.04395e-05  3.42079e-21 -5.79359e-05 -2.46576e-20  0.000183169   7.3721e-20 -0.000367396 -1.52793e-19  0.000468324  2.37422e-19 -0.000325978 -2.62141e-19  3.97509e-06  1.76901e-19  0.000198964 -3.13357e-20 -0.000112159 -5.92252e-20  -6.9581e-05  4.83298e-20  8.62419e-05 -9.22787e-21  1.84857e-05  1.03442e-20 -4.87518e-05 -2.37019e-20  -5.0519e-06  1.24707e-20  2.39916e-05  2.38949e-21   2.8146e-06 -8.74993e-22 -1.04057e-05 -3.68377e-21 -2.29276e-06  2.24752e-21  3.71602e-06 -8.73388e-22  1.50141e-06  1.07926e-21 -9.12451e-07 -3.66345e-22 -6.70871e-07 -1.82564e-22  6.53364e-08 -4.57697e-23   1.7422e-07  7.47508e-23  3.93678e-08  2.08909e-23 -1.51966e-08 -5.72673e-24  -9.0028e-09 -8.31605e-25 -1.21374e-09 -1.20638e-24  1.07079e-10    9.765e-28   2.3286e-11
 -1.3825e-21  -8.3447e-06  3.42079e-21  6.85339e-05  8.90928e-21 -0.000281715 -4.54665e-20  0.000709056    1.077e-19  -0.00115008 -1.99097e-19   0.00114188  2.82334e-19 -0.000476576  -2.5873e-19 -0.000324663  9.97358e-20  0.000499646  6.36557e-20  -5.3814e-05 -8.89931e-20 -0.000269885  2.09843e-20  0.000107325 -1.46082e-20   0.00012475  6.58158e-20 -7.28851e-05 -5.81537e-20 -5.72581e-05  2.74369e-21  3.59901e-05  1.27063e-20  2.71844e-05  6.21549e-21 -1.34959e-05 -9.99287e-21 -1.25695e-05  2.10705e-21  3.20081e-06 -1.51969e-21  4.98925e-06  2.38186e-21  5.45501e-08 -1.37029e-22 -1.42134e-06 -4.19241e-22 -3.93009e-07 -2.29857e-22  1.97068e-07  8.77842e-23  1.28877e-07  4.54143e-23  1.07923e-08  1.66093e-24 -9.63039e-09  1.69909e-24 -2.90431e-09 -1.22277e-24 -2.16526e-10 -7.75669e-26
 3.91311e-06 -8.02699e-21 -5.79359e-05  8.90928e-21  0.000323808  1.39459e-20  -0.00103402 -4.32384e-20   0.00210447  7.72901e-20  -0.00274611 -1.49607e-19   0.00200984  1.97439e-19 -0.000159207 -9.31384e-20  -0.00113122  -1.0414e-19  0.000749691  1.69245e-19  0.000331424 -4.15761e-20 -0.000544356 -2.89664e-20 -4.37765e-05 -9.72543e-20   0.00029923  1.80432e-19  -1.2486e-05 -7.16214e-20  -0.00014668 -3.68561e-20    7.035e-06  1.59588e-20  6.57391e-05  2.54356e-20  2.34515e-06  -1.3993e-20 -2.57139e-05 -6.17641e-22 -4.85531e-06 -3.92379e-21  7.80071e-06  3.76625e-21  3.19667e-06  8.71701e-22 -1.36545e-06 -4.56486e-22 -1.13386e-06 -4.96005e-22 -4.51378e-08  2.41357e-23  1.72492e-07  3.96377e-23  5.53226e-08  1.05348e-23  6.06138e-10  6.94756e-24 -2.18566e-09  -4.7533e-25 -2.20992e-10
 6.80831e-21  3.40604e-05 -2.46576e-20 -0.000281715  1.39459e-20   0.00116961  7.54596e-21  -0.00298598  2.17914e-20   0.00494813 -5.08559e-20  -0.00510177  1.22909e-20     0.002395  -5.1771e-20   0.00117147  2.60078e-19  -0.00225728 -3.84041e-19  0.000484339  1.70606e-19   0.00111892  1.30931e-19 -0.000627278 -2.61333e-20 -0.000464826 -3.13779e-19  0.000407217  3.09465e-19  0.000193082 -1.63322e-20 -0.000206754 -9.36596e-20 -8.90584e-05 -7.54883e-21  8.65661e-05  5.04248e-20  4.41116e-05 -8.01388e-21 -2.80245e-05 -3.86893e-21 -2.02303e-05 -8.81039e-21  5.36892e-06  3.74552e-21  7.19525e-06  2.36531e-21  3.56503e-07  3.14559e-23 -1.54218e-06 -6.16171e-22 -5.05899e-07 -9.47082e-23  8.15407e-08 -2.19743e-23  7.59399e-08  7.90578e-24  1.30481e-08  1.02274e-23   8.5451e-11   8.4937e-26
 -1.2285e-05  3.03721e-20  0.000183169 -4.54665e-20  -0.00103402  7.54596e-21   0.00334886 -2.53058e-20  -0.00695665  1.57945e-19   0.00937682 -2.35022e-19  -0.00733573  2.64275e-19   0.00123097 -5.03607e-19    0.0036235  8.00449e-19  -0.00296879 -6.30783e-19 -0.000714221 -4.95341e-20   0.00198489   3.7933e-19 -0.000180896  1.48543e-19  -0.00103239 -6.43508e-19  0.000250838  3.52758e-19  0.000491591  1.24326e-19 -0.000140516 -1.27664e-19 -0.000223995 -6.32137e-20  4.97796e-05  6.36125e-20  9.50969e-05   9.7101e-21   -6.961e-06 -2.85921e-21  -3.4395e-05 -1.43409e-20 -4.38377e-06  1.00828e-21  8.90935e-06  3.23975e-21  3.32267e-06  1.00471e-21 -1.01598e-06 -3.58652e-22 -8.69223e-07 -1.64253e-22 -1.14925e-07 -1.12898e-22  4.53947e-08 -8.33214e-24   1.4655e-08  8.19251e-24  9.13624e-10
-1.97435e-20 -8.48676e-05   7.3721e-20  0.000709056 -4.32384e-20  -0.00298598 -2.53058e-20   0.00777846 -8.33168e-20   -0.0132828  2.89704e-19    0.0144161  -3.6566e-19  -0.00779802  5.95362e-19  -0.00214765 -1.17652e-18   0.00634938  1.43445e-18  -0.00230329 -6.59308e-19  -0.00269599 -5.37455e-19   0.00227631  5.47279e-19  0.000865717  5.58975e-19  -0.00139338  -9.6096e-19 -0.000245848  2.28427e-19  0.000709277  3.04329e-19  8.88439e-05 -1.01971e-19  -0.00031764 -1.29161e-19 -5.35461e-05  4.88279e-20  0.000121967  3.08451e-20  3.53776e-05  5.99005e-21 -3.60804e-05 -1.65716e-20 -1.80673e-05 -4.18695e-21     5.95e-06  2.38645e-21  5.86746e-06  1.94019e-21   4.0646e-07  2.67416e-22 -8.18623e-07 -8.44513e-23 -2.75806e-07 -1.67669e-22 -1.14712e-08 -2.30368e-23  5.98354e-09  3.57007e-24
 2.43899e-05 -7.36024e-20 -0.000367396    1.077e-19   0.00210447  2.17914e-20  -0.00695665 -8.33168e-20    0.0148813 -1.27943e-19   -0.0209879  2.82528e-19     0.017917 -3.72739e-19  -0.00505755  1.03441e-18  -0.00709279 -2.00403e-18   0.00779953  1.95309e-18  0.000102653 -2.93555e-19  -0.00460298  -1.1938e-18   0.00150309  4.73697e-19   0.00213392  1.11981e-18  -0.00121806 -1.10434e-18 -0.000922308 -5.19901e-20  0.000675327   4.4017e-19  0.000407696 -1.40677e-20 -0.000297023 -1.69199e-19 -0.000186909  4.18257e-21  0.000100142  4.18605e-20  8.15668e-05  2.17471e-20 -2.01852e-05 -1.21676e-20 -2.88581e-05 -9.82396e-21 -1.26054e-06 -3.57991e-22  6.31941e-06  2.15444e-21  2.00195e-06   9.5985e-22 -3.28987e-07  1.38847e-22 -2.79822e-07 -1.44774e-22 -4.40379e-08 -2.15643e-23 -8.19935e-10
  3.9569e-20  0.000135568 -1.52793e-19  -0.00115008  7.72901e-20   0.00494813  1.57945e-19   -0.0132828 -1.27943e-19     0.023694 -9.99979e-20    -0.027608  5.60442e-20    0.0176771 -3.06101e-19  0.000759481  1.57824e-18   -0.0116585 -2.81728e-18   0.00682592  2.13377e-18   0.00351212  4.78268e-19  -0.00542728 -1.80197e-18 -0.000206965  1.24674e-19   0.00303268  1.63232e-18 -0.000474811 -9.90994e-19  -0.00148448 -3.90202e-19  0.000355639  4.68872e-19  0.000682272  1.06118e-19 -0.000150319 -1.58151e-19 -0.000294184 -5.72375e-20  3.08355e-05  3.27876e-20  0.000110972  3.91214e-20  8.93506e-06 -8.07006e-22 -3.11094e-05 -1.32184e-20 -9.80035e-06 -4.01131e-21  4.16617e-06  1.26043e-21  2.88638e-06  1.31528e-21   3.0508e-07  3.77056e-22 -1.39505e-07 -7.08276e-23 -3.35563e-08 -8.76152e-24
-3.05819e-05  1.28727e-19  0.000468324 -1.99097e-19  -0.00274611 -5.08559e-20   0.00937682  2.89704e-19   -0.0209879 -9.99979e-20    0.0316485  3.60909e-20   -0.0303823 -3.47676e-19    0.0131534 -2.31146e-19   0.00764267  2.09705e-18   -0.0138767 -3.42111e-18   0.00364443   1.8791e-18   0.00655581  1.47213e-18  -0.00477448 -2.17528e-18  -0.00219678 -3.91651e-19   0.00319414  1.93259e-18  0.000565031 -6.61863e-19  -0.00171671  -6.7906e-19 -0.000140285   3.7816e-19  0.000810881  2.23522e-19  7.50595e-05 -9.39969e-20 -0.000335312 -1.16034e-19 -6.36986e-05  2.31908e-21  0.000111522  5.10342e-20  4.11369e-05  1.45497e-20 -2.32689e-05  -1.2362e-20 -1.61142e-05 -7.01736e-21  2.80965e-07 -5.58291e-22  2.59795e-06  1.11142e-21  6.98229e-07   4.7192e-22  1.64263e-08 -1.14529e-23 -8.59306e-09
-5.66179e-20  -0.00013098  2.37422e-19   0.00114188 -1.49607e-19  -0.00510177 -2.35022e-19    0.0144161  2.82528e-19    -0.027608  3.60909e-20    0.0357822  2.66678e-19   -0.0282183 -8.29244e-19   0.00614685 -7.95705e-20    0.0130148  2.42364e-18   -0.0131894 -3.72741e-18 -0.000373976  1.26532e-18   0.00824829  2.45889e-18  -0.00305187 -2.26387e-18   -0.0038027 -9.43683e-19   0.00266089  1.99458e-18   0.00156165 -2.20684e-19  -0.00158562 -8.63325e-19 -0.000658201  1.91965e-19  0.000767188  3.15769e-19  0.000312467   8.5166e-21 -0.000300367 -1.54367e-19 -0.000155615 -4.26194e-20  8.28628e-05  5.15601e-20  6.60784e-05  2.91889e-20 -7.85129e-06 -6.77341e-21 -1.77632e-05 -8.02158e-21 -3.65821e-06 -2.57557e-21  1.34946e-06  4.79939e-22  6.60323e-07  3.71697e-22  7.37538e-08  2.70381e-24
 2.05317e-05 -1.62462e-19 -0.000325978  2.82334e-19   0.00200984  1.22909e-20  -0.00733573  -3.6566e-19     0.017917  5.60442e-20   -0.0303823  2.66678e-19    0.0347922  5.40389e-19   -0.0226437 -1.35848e-18 -0.000460336  2.83864e-19    0.0155553  2.57294e-18   -0.0106143   -3.821e-18  -0.00384456  4.56337e-19   0.00851902  3.32068e-18 -0.000982781 -2.11539e-18   -0.0047426 -1.47994e-18   0.00171428  1.89422e-18   0.00230766  2.45504e-19  -0.00118337 -9.35889e-19  -0.00108542 -5.46992e-20   0.00058087  3.68737e-19  0.000508707  1.29167e-19 -0.000202286  -1.5978e-19   -0.0002228 -9.04879e-20   3.3179e-05  3.81846e-20  7.68272e-05  3.85969e-20  1.02361e-05  2.26661e-21 -1.42641e-05 -6.43918e-21   -6.031e-06 -3.86287e-21 -1.29355e-07 -1.64806e-22  3.27557e-07  1.80622e-22  4.03592e-08
 5.53417e-20  4.98122e-05 -2.62141e-19 -0.000476576  1.97439e-19     0.002395  2.64275e-19  -0.00779802 -3.72739e-19    0.0176771 -3.47676e-19   -0.0282183  5.40389e-19    0.0300859  8.18319e-19   -0.0166249 -2.02442e-18   -0.0047953  8.38557e-19    0.0157644  2.79222e-18  -0.00762151  -3.8846e-18  -0.00622255  -4.1872e-19   0.00788313  4.04729e-18   0.00093244  -1.7839e-18  -0.00507776 -2.00893e-18  0.000622124  1.70742e-18   0.00274831  6.88655e-19 -0.000627655 -9.04709e-19   -0.0013685  -3.2586e-19  0.000301985   3.6767e-19  0.000633066  2.48278e-19 -6.46453e-05 -1.27528e-19  -0.00025266 -1.29346e-19 -2.53293e-05  1.27062e-20  7.10634e-05  3.97624e-20  2.56327e-05  1.20085e-20 -7.05325e-06  -2.7493e-21  -6.0091e-06 -3.82996e-21 -1.04535e-06 -4.32993e-22  2.21934e-08  4.57119e-23
 7.28856e-07   1.3671e-19  3.97509e-06  -2.5873e-19 -0.000159207  -5.1771e-20   0.00123097  5.95362e-19  -0.00505755 -3.06101e-19    0.0131534 -8.29244e-19   -0.0226437  8.18319e-19    0.0246354  1.13249e-18   -0.0123299 -2.93979e-18  -0.00689534  1.34181e-18    0.0149596  3.35683e-18  -0.00504147 -4.05805e-18  -0.00769692 -1.29553e-18   0.00684171  4.63503e-18   0.00253314  -1.3075e-18  -0.00497413 -2.51899e-18 -0.000457241   1.4561e-18    0.0029052  1.08299e-18 -1.34351e-05 -7.76102e-19  -0.00149376 -5.85986e-19 -1.94796e-05  2.99695e-19  0.000673788   3.4823e-19  8.66768e-05 -6.19885e-20 -0.000241774 -1.49847e-19 -8.00242e-05 -1.94573e-20   5.0808e-05  3.16837e-20  3.41189e-05  1.90571e-20  1.15584e-06  1.54658e-21  -3.9272e-06 -2.65581e-21 -1.06199e-06 -2.89367e-22  -6.2388e-08
-3.02856e-20  4.19858e-05  1.76901e-19 -0.000324663 -9.31384e-20   0.00117147 -5.03607e-19  -0.00214765  1.03441e-18  0.000759481 -2.31146e-19   0.00614685 -1.35848e-18   -0.0166249  1.13249e-18    0.0206958  1.57712e-18   -0.0100111 -4.09442e-18  -0.00785273  1.52851e-18    0.0140447  4.34177e-18  -0.00294746 -4.35321e-18  -0.00861434 -2.12631e-18   0.00563911  5.04835e-18   0.00382143 -7.33986e-19  -0.00456335 -2.95352e-18  -0.00144238  1.12396e-18   0.00282075   1.4146e-18  0.000590221  -5.5675e-19   -0.0014693 -8.03153e-19 -0.000340448   1.6343e-19   0.00063284   4.1386e-19  0.000228028  2.44907e-20 -0.000194188 -1.46334e-19 -0.000120269 -5.07835e-20  2.13959e-05  1.56796e-20   3.3694e-05   2.0725e-20  7.38009e-06      4.5e-21 -1.13322e-06 -1.20847e-21 -5.23845e-07 -5.30415e-23
-1.31566e-05 -5.63812e-20  0.000198964  9.97358e-20  -0.00113122  2.60078e-19    0.0036235 -1.17652e-18  -0.00709279  1.57824e-18   0.00764267 -7.95705e-20 -0.000460336 -2.02442e-18   -0.0123299  1.57712e-18    0.0186144   2.2143e-18  -0.00874449 -5.32916e-18  -0.00852662  1.33918e-18    0.0132161   5.5817e-18  -0.00116056 -4.67175e-18  -0.00916322 -2.86344e-18   0.00436552  5.26554e-18   0.00481937 -1.17887e-19  -0.00393782 -3.25436e-18  -0.00228741  6.92075e-19   0.00254235  1.67873e-18   0.00113432 -2.57502e-19  -0.00131555 -9.51802e-19 -0.000626858 -2.58557e-20  0.000521566  4.32971e-19  0.000340381  1.15157e-19  -0.00011936 -1.16974e-19 -0.000138948 -7.31496e-20 -9.92348e-06 -4.27129e-21  2.50914e-05  1.65002e-20  9.53382e-06  4.81423e-21  7.79141e-07 -3.31757e-22 -7.63896e-08
-2.30912e-21 -5.63188e-05 -3.13357e-20  0.000499646  -1.0414e-19  -0.00225728  8.00449e-19   0.00634938 -2.00403e-18   -0.0116585  2.09705e-18    0.0130148  2.83864e-19   -0.0047953 -2.93979e-18   -0.0100111   2.2143e-18    0.0175265  2.99383e-18   -0.0077333 -6.46272e-18  -0.00913133  9.31833e-19    0.0123879   6.8066e-18  0.000407554 -4.88692e-18  -0.00941804 -3.49729e-18   0.00308055   5.3108e-18   0.00554734  5.10892e-19  -0.00317229 -3.40333e-18  -0.00296869  1.58866e-19   0.00211794  1.86698e-18   0.00158656  1.04784e-19  -0.00105924  -1.0119e-18 -0.000854018 -2.39094e-19  0.000357135  3.97643e-19  0.000410423  1.92809e-19 -3.01476e-05 -6.44149e-20 -0.000133305 -7.97132e-20 -3.55739e-05 -2.20401e-20   1.1683e-05  8.69414e-21  7.48217e-06  2.87014e-21  1.09651e-06  -1.0528e-22
 6.56664e-06 -2.01624e-20 -0.000112159  6.36557e-20  0.000749691 -3.84041e-19  -0.00296879  1.43445e-18   0.00779953 -2.81728e-18   -0.0138767  2.42364e-18    0.0155553  8.38557e-19  -0.00689534 -4.09442e-18  -0.00874449  2.99383e-18    0.0166605    3.787e-18  -0.00678219 -7.42852e-18  -0.00960065  5.16766e-19    0.0115365  7.80991e-18   0.00176542 -4.92084e-18  -0.00944124 -4.07145e-18   0.00183331  5.22525e-18   0.00603482  1.15809e-18  -0.00232669 -3.41672e-18  -0.00347954 -4.55296e-19    0.0015916  1.95249e-18   0.00192792  5.03269e-19 -0.000729266 -9.68826e-19  -0.00100581 -4.40764e-19  0.000159878  3.06566e-19  0.000430878  2.42617e-19  5.90276e-05   2.8641e-21 -0.000105267 -6.77489e-20 -4.93515e-05   -3.154e-20 -1.36314e-06  1.44566e-21  3.34994e-06  5.82599e-22  4.82231e-07
 1.83565e-20  1.68866e-06 -5.92252e-20  -5.3814e-05  1.69245e-19  0.000484339 -6.30783e-19  -0.00230329  1.95309e-18   0.00682592 -3.42111e-18   -0.0131894  2.57294e-18    0.0157644  1.34181e-18  -0.00785273 -5.32916e-18   -0.0077333    3.787e-18    0.0158323  4.49956e-18  -0.00596947 -8.28675e-18  -0.00992562  2.10616e-19    0.0107046  8.53371e-18   0.00293095 -4.76824e-18  -0.00929551 -4.63938e-18  0.000650893  5.02088e-18   0.00631525  1.84238e-18  -0.00144499 -3.30905e-18  -0.00382324 -1.10946e-18   0.00100155   1.8943e-18   0.00214897  8.97847e-19 -0.000354387 -8.18129e-19  -0.00107354 -5.97315e-19 -4.85547e-05  1.67255e-19  0.000400499  2.53932e-19  0.000133885  7.02782e-20 -6.13353e-05 -4.11848e-20 -4.81837e-05  -2.9858e-20 -8.98744e-06 -1.89254e-21   1.8336e-07 -3.64881e-22
  5.0545e-06  4.07435e-20  -6.9581e-05 -8.89931e-20  0.000331424  1.70606e-19 -0.000714221 -6.59308e-19  0.000102653  2.13377e-18   0.00364443 -3.72741e-18   -0.0106143  2.79222e-18    0.0149596  1.52851e-18  -0.00852662 -6.46272e-18  -0.00678219  4.49956e-18    0.0151283  5.13476e-18  -0.00531435  -9.1204e-18   -0.0101644  6.33549e-21   0.00991583  9.04079e-18   0.00393882 -4.46073e-18  -0.00902617 -5.21154e-18 -0.000455834  4.67067e-18   0.00641841  2.56411e-18 -0.000558893 -3.06725e-18  -0.00400793 -1.74729e-18  0.000380397  1.66179e-18   0.00224701  1.23942e-18   3.7849e-05 -5.71655e-19  -0.00105489 -6.84474e-19 -0.000246508 -3.09837e-21  0.000323961  2.22368e-19  0.000182017  1.20148e-19  -1.1925e-05 -1.03466e-20 -3.38274e-05 -1.94281e-20 -9.15407e-06 -1.36727e-21 -5.97203e-07
-1.21179e-20  3.19898e-05  4.83298e-20 -0.000269885 -4.15761e-20   0.00111892 -4.95341e-20  -0.00269599 -2.93555e-19   0.00351212   1.8791e-18 -0.000373976   -3.821e-18  -0.00762151  3.35683e-18    0.0140447  1.33918e-18  -0.00913133 -7.42852e-18  -0.00596947  5.13476e-18    0.0145747  5.74386e-18  -0.00476462 -9.92622e-18   -0.0103569 -1.77923e-19   0.00916746  9.41677e-18   0.00481785 -4.01436e-18  -0.00866279 -5.74807e-18   -0.0014827  4.13832e-18   0.00636937  3.28913e-18   0.00030821  -2.6587e-18  -0.00404402 -2.30743e-18 -0.000244038  1.25862e-18   0.00222418  1.48195e-18  0.000421473 -2.57832e-19 -0.000953212 -6.90326e-19 -0.000413378 -1.77973e-19   0.00021173  1.52816e-19  0.000194812  1.38024e-19  3.00916e-05  1.20652e-20 -1.36646e-05 -7.26576e-21   -4.708e-06  2.07323e-23
 -5.2454e-06 -1.71454e-20  8.62419e-05  2.09843e-20 -0.000544356  1.30931e-19   0.00198489 -5.37455e-19  -0.00460298  4.78268e-19   0.00655581  1.26532e-18  -0.00384456  -3.8846e-18  -0.00504147  4.34177e-18    0.0132161  9.31833e-19  -0.00960065 -8.28675e-18  -0.00531435  5.74386e-18    0.0141248  6.33433e-18  -0.00428314 -1.05973e-17   -0.0105151 -4.31001e-19   0.00845512  9.68572e-18   0.00558848 -3.41417e-18  -0.00822693 -6.19739e-18  -0.00242911  3.41369e-18   0.00618917  3.95526e-18   0.00113895 -2.06332e-18  -0.00394271 -2.73617e-18 -0.000847747   7.2803e-19   0.00208624  1.59437e-18  0.000772151  8.55516e-20 -0.000777169 -6.12983e-19 -0.000530664 -3.23919e-19  7.98516e-05    6.116e-20  0.000169679   1.1936e-19  5.24371e-05  1.76167e-20  1.87934e-06 -1.63859e-22 -8.70279e-07
 8.77724e-23 -9.34707e-06 -9.22787e-21  0.000107325 -2.89664e-20 -0.000627278   3.7933e-19   0.00227631  -1.1938e-18  -0.00542728  1.47213e-18   0.00824829  4.56337e-19  -0.00622255 -4.05805e-18  -0.00294746   5.5817e-18    0.0123879  5.16766e-19  -0.00992562  -9.1204e-18  -0.00476462  6.33433e-18    0.0137453  6.84173e-18  -0.00385889  -1.1002e-17   -0.0106478 -7.97576e-19     0.007777  9.80395e-18   0.00626822 -2.64325e-18  -0.00773444 -6.53828e-18  -0.00329695  2.52339e-18   0.00589493  4.49412e-18    0.0019201 -1.30102e-18   -0.0037151  -2.9952e-18  -0.00140949  1.38403e-19    0.0018419  1.56458e-18   0.00106712   4.2008e-19 -0.000540754 -4.57819e-19  -0.00058332 -4.08361e-19 -5.06825e-05  -2.8673e-20  0.000112682  7.33458e-20  4.93585e-05  8.51864e-21  6.50842e-06  9.34447e-22
-1.67042e-06 -1.25686e-21  1.84857e-05 -1.46082e-20 -4.37765e-05 -2.61333e-20 -0.000180896  5.47279e-19   0.00150309 -1.80197e-18  -0.00477448  2.45889e-18   0.00851902  -4.1872e-19  -0.00769692 -4.35321e-18  -0.00116056   6.8066e-18    0.0115365  2.10616e-19   -0.0101644 -9.92622e-18  -0.00428314  6.84173e-18    0.0134283  7.18483e-18  -0.00348347 -1.10799e-17    -0.010765 -1.26616e-18   0.00712972   9.7244e-18   0.00687224 -1.71555e-18  -0.00719599 -6.78361e-18  -0.00408916   1.5161e-18   0.00550014  4.85121e-18   0.00264093 -4.34427e-19  -0.00337186 -3.06198e-18  -0.00190979 -4.40704e-19   0.00150271   1.3953e-18   0.00128522  7.10387e-19 -0.000263623 -2.40838e-19 -0.000561759 -4.12328e-19 -0.000155384 -9.13771e-20  4.12887e-05  2.17627e-20  2.81784e-05  -2.7855e-21  3.41827e-06
 3.00102e-21 -1.56063e-05  1.03442e-20   0.00012475 -9.72543e-20 -0.000464826  1.48543e-19  0.000865717  4.73697e-19 -0.000206965 -2.17528e-18  -0.00305187  3.32068e-18   0.00788313 -1.29553e-18  -0.00861434 -4.67175e-18  0.000407554  7.80991e-18    0.0107046  6.33549e-21   -0.0103569 -1.05973e-17  -0.00385889  7.18483e-18    0.0131681  7.33536e-18  -0.00314656 -1.08704e-17   -0.0108742 -1.79585e-18   0.00650857  9.46129e-18    0.0074129 -6.79685e-19  -0.00661842 -6.94491e-18  -0.00480869  4.45206e-19   0.00501516  4.99237e-18   0.00329198  4.50673e-19  -0.00292326 -2.92922e-18  -0.00233008 -9.61278e-19   0.00108345  1.09789e-18   0.00140726  9.23262e-19  2.83217e-05  4.87716e-21 -0.000464717 -3.38942e-19 -0.000209431 -1.07581e-19  -1.7192e-05 -1.09456e-20   6.8424e-06 -5.40308e-21
 3.00185e-06   -1.762e-21 -4.87518e-05  6.58158e-20   0.00029923 -3.13779e-19  -0.00103239  5.58975e-19   0.00213392  1.24674e-19  -0.00219678 -2.26387e-18 -0.000982781  4.04729e-18   0.00684171 -2.12631e-18  -0.00916322 -4.88692e-18   0.00176542  8.53371e-18   0.00991583 -1.77923e-19   -0.0105151  -1.1002e-17  -0.00348347  7.33536e-18    0.0129567  7.33322e-18  -0.00284025 -1.04645e-17   -0.0109802 -2.35132e-18    0.0059087  9.09264e-18   0.00790022   4.0081e-19  -0.00600565 -6.99958e-18    -0.005458  -6.3749e-19   0.00444777  4.90308e-18   0.00386399  1.27396e-18  -0.00237956 -2.60915e-18  -0.00265195 -1.40715e-18   0.00060293  6.91669e-19   0.00141693  1.02909e-18  0.000302547  2.31382e-19 -0.000303088 -2.11253e-19 -0.000196355 -7.46379e-20 -3.97097e-05 -1.56753e-20  -1.7071e-06
 2.04762e-22   6.5908e-06 -2.37019e-20 -7.28851e-05  1.80432e-19  0.000407217 -6.43508e-19  -0.00139338  1.11981e-18   0.00303268 -3.91651e-19   -0.0038027 -2.11539e-18   0.00093244  4.63503e-18   0.00563911 -2.86344e-18  -0.00941804 -4.92084e-18   0.00293095  9.04079e-18   0.00916746 -4.31001e-19   -0.0106478 -1.10799e-17  -0.00314656  7.33322e-18    0.0127885  7.24337e-18  -0.00255877  -9.9423e-18   -0.0110871 -2.91712e-18   0.00532512   8.7046e-18   0.00834232  1.46974e-18  -0.00535925 -6.89992e-18  -0.00603851 -1.68271e-18    0.0038036  4.59348e-18   0.00434702  1.98653e-18   -0.0017516 -2.13493e-18  -0.00285668 -1.78123e-18  8.53428e-05  2.11365e-19   0.00130281  1.00963e-18  0.000520546  3.88918e-19 -0.000106268 -6.78116e-20 -0.000125147 -1.82142e-20  -2.8158e-05 -6.25905e-21
 6.40615e-07  5.99177e-21  -5.0519e-06 -5.81537e-20  -1.2486e-05  3.09465e-19  0.000250838  -9.6096e-19  -0.00121806  1.63232e-18   0.00319414 -9.43683e-19   -0.0047426  -1.7839e-18   0.00253314  5.04835e-18   0.00436552 -3.49729e-18  -0.00944124 -4.76824e-18   0.00393882  9.41677e-18   0.00845512 -7.97576e-19    -0.010765 -1.08704e-17  -0.00284025  7.24337e-18    0.0126596  7.10688e-18   -0.0022971 -9.35709e-18   -0.0111984 -3.49185e-18   0.00475263  8.33766e-18   0.00874563  2.49277e-18  -0.00467885 -6.61692e-18  -0.00655021 -2.64854e-18   0.00308672  4.10556e-18   0.00472956  2.58464e-18  -0.00105188 -1.54721e-18  -0.00292517 -2.07414e-18 -0.000437949 -2.85235e-19   0.00106218  8.65264e-19  0.000639422  4.37098e-19   7.1322e-05  4.08359e-20 -3.94604e-05  1.91993e-20 -8.32841e-06
-1.57863e-21  7.45476e-06  1.24707e-20 -5.72581e-05 -7.16214e-20  0.000193082  3.52758e-19 -0.000245848 -1.10434e-18 -0.000474811  1.93259e-18   0.00266089 -1.47994e-18  -0.00507776  -1.3075e-18   0.00382143  5.26554e-18   0.00308055 -4.07145e-18  -0.00929551 -4.46073e-18   0.00481785  9.68572e-18     0.007777 -1.26616e-18   -0.0108742 -1.04645e-17  -0.00255877  7.10688e-18    0.0125675  6.93662e-18  -0.00205085 -8.76332e-18   -0.0113168 -4.08102e-18   0.00418577   7.9845e-18   0.00911503  3.46137e-18  -0.00396245 -6.17412e-18  -0.00699124 -3.50652e-18   0.00230013  3.50463e-18   0.00499787  3.10094e-18 -0.000295964 -8.73517e-19  -0.00283835 -2.24339e-18 -0.000925938 -7.23981e-19  0.000706166  6.13529e-19  0.000618329   3.5555e-19  0.000163947  7.52968e-20   1.0157e-05  1.90759e-20
-1.46529e-06 -2.27432e-21  2.39916e-05  2.74369e-21  -0.00014668 -1.63322e-20  0.000491591  2.28427e-19 -0.000922308 -9.90994e-19  0.000565031  1.99458e-18   0.00171428 -2.00893e-18  -0.00497413 -7.33986e-19   0.00481937   5.3108e-18   0.00183331 -4.63938e-18  -0.00902617 -4.01436e-18   0.00558848  9.80395e-18   0.00712972 -1.79585e-18   -0.0109802  -9.9423e-18   -0.0022971  6.93662e-18    0.0125098   6.7563e-18  -0.00181619 -8.23862e-18   -0.0114448 -4.69674e-18   0.00361884  7.62941e-18    0.0094539  4.38214e-18  -0.00320662 -5.63779e-18  -0.00735745 -4.24392e-18   0.00144652  2.84764e-18   0.00513511  3.56925e-18  0.000495441 -1.29594e-19  -0.00257845 -2.23196e-18  -0.00132673 -1.03688e-18  0.000268175  2.90895e-19  0.000446383  1.73898e-19  0.000145223  4.66596e-20  1.35999e-05
   4.787e-22 -3.09452e-06  2.38949e-21  3.59901e-05 -3.68561e-20 -0.000206754  1.24326e-19  0.000709277 -5.19901e-20  -0.00148448 -6.61863e-19   0.00156165  1.89422e-18  0.000622124 -2.51899e-18  -0.00456335 -1.17887e-19   0.00554734  5.22525e-18  0.000650893 -5.21154e-18  -0.00866279 -3.41417e-18   0.00626822   9.7244e-18   0.00650857 -2.35132e-18   -0.0110871 -9.35709e-18  -0.00205085   6.7563e-18    0.0124854   6.6317e-18  -0.00158965 -7.86436e-18   -0.0115843 -5.35461e-18   0.00304569  7.27694e-18   0.00976415  5.25399e-18  -0.00240666 -5.07393e-18  -0.00764176 -4.86735e-18  0.000529104  2.14604e-18   0.00512078  3.97871e-18   0.00129398  6.48392e-19  -0.00213318 -2.01095e-18  -0.00157746 -1.17277e-18  -0.00017489 -2.55012e-20  0.000189239 -8.01434e-21  6.66702e-05  1.07625e-20
-3.55799e-07 -5.85917e-22   2.8146e-06  1.27063e-20    7.035e-06 -9.36596e-20 -0.000140516  3.04329e-19  0.000675327 -3.90202e-19  -0.00171671 -2.20684e-19   0.00230766  1.70742e-18 -0.000457241 -2.95352e-18  -0.00393782  5.10892e-19   0.00603482  5.02088e-18 -0.000455834 -5.74807e-18  -0.00822693 -2.64325e-18   0.00687224  9.46129e-18    0.0059087 -2.91712e-18   -0.0111984 -8.76332e-18  -0.00181619   6.6317e-18    0.0124934  6.64986e-18  -0.00136791 -7.68004e-18   -0.0117373 -6.05959e-18   0.00245967  6.94194e-18    0.0100461   6.0504e-18  -0.00155671 -4.51253e-18  -0.00783352  -5.4102e-18 -0.000447034  1.35639e-18   0.00493064  4.25451e-18    0.0020589   1.3787e-18  -0.00150292 -1.59367e-18  -0.00160052 -1.08182e-18 -0.000486998 -2.18136e-19 -1.76913e-05  -8.4647e-20  9.58825e-06
 1.26698e-22 -3.53729e-06 -8.74993e-22  2.71844e-05  1.59588e-20 -8.90584e-05 -1.27664e-19  8.88439e-05   4.4017e-19  0.000355639  -6.7906e-19  -0.00158562  2.45504e-19   0.00274831   1.4561e-18  -0.00144238 -3.25436e-18  -0.00317229  1.15809e-18   0.00631525  4.67067e-18   -0.0014827 -6.19739e-18  -0.00773444 -1.71555e-18    0.0074129  9.09264e-18   0.00532512 -3.49185e-18   -0.0113168 -8.23862e-18  -0.00158965  6.64986e-18    0.0125339  6.85998e-18  -0.00114777 -7.65696e-18   -0.0119056 -6.78861e-18   0.00185338  6.62437e-18    0.0102982  6.72778e-18 -0.000649987 -3.94213e-18  -0.00791753   -5.924e-18  -0.00147277  4.21123e-19   0.00453599   4.2939e-18   0.00273127  1.95871e-18 -0.000706371 -1.01035e-18  -0.00131947 -7.37515e-19 -0.000537225 -2.17443e-19 -8.10506e-05 -5.51425e-20
 6.10552e-07 -3.63831e-22 -1.04057e-05  6.21549e-21  6.57391e-05 -7.54883e-21 -0.000223995 -1.01971e-19  0.000407696  4.68872e-19 -0.000140285 -8.63325e-19  -0.00118337  6.88655e-19    0.0029052  1.12396e-18  -0.00228741 -3.40333e-18  -0.00232669  1.84238e-18   0.00641841  4.13832e-18  -0.00242911 -6.53828e-18  -0.00719599 -6.79685e-19   0.00790022   8.7046e-18   0.00475263 -4.08102e-18   -0.0114448 -7.86436e-18  -0.00136791  6.85998e-18    0.0126072  7.23447e-18 -0.000925934 -7.71687e-18   -0.0120907 -7.48772e-18   0.00121851  6.30457e-18    0.0105168   7.2638e-18  0.000321042 -3.31656e-18  -0.00787249  -6.4309e-18  -0.00253284  -6.5715e-19   0.00390457  4.03506e-18   0.00323387  2.31001e-18  0.000196032 -3.21904e-19 -0.000751615 -2.41275e-19 -0.000344138 -9.94273e-20 -4.23665e-05
 9.56333e-23  9.71939e-07 -3.68377e-21 -1.34959e-05  2.54356e-20  8.65661e-05 -6.32137e-20  -0.00031764 -1.40677e-20  0.000682272   3.7816e-19 -0.000658201 -9.35889e-19 -0.000627655  1.08299e-18   0.00282075  6.92075e-19  -0.00296869 -3.41672e-18  -0.00144499  2.56411e-18   0.00636937  3.41369e-18  -0.00329695 -6.78361e-18  -0.00661842   4.0081e-19   0.00834232  8.33766e-18   0.00418577 -4.69674e-18   -0.0115843 -7.68004e-18  -0.00114777  7.23447e-18    0.0127145  7.68676e-18 -0.000698936 -7.77815e-18   -0.0122943 -8.08942e-18  0.000545437  5.96014e-18    0.0106952  7.70122e-18   0.00136453 -2.55228e-18  -0.00767034  -6.8644e-18  -0.00360193 -1.76966e-18   0.00301036  3.48449e-18   0.00346192  2.35704e-18    0.0010267  2.97639e-19 -0.000118876  1.49418e-19 -0.000104508 -1.52473e-20
   2.257e-07  9.87032e-22 -2.29276e-06 -9.99287e-21  2.34515e-06  5.04248e-20  4.97796e-05 -1.29161e-19 -0.000297023  1.06118e-19  0.000810881  1.91965e-19  -0.00108542 -9.04709e-19 -1.34351e-05   1.4146e-18   0.00254235  1.58866e-19  -0.00347954 -3.30905e-18 -0.000558893  3.28913e-18   0.00618917  2.52339e-18  -0.00408916 -6.94491e-18  -0.00600565  1.46974e-18   0.00874563   7.9845e-18   0.00361884 -5.35461e-18   -0.0117373 -7.65696e-18 -0.000925934  7.68676e-18    0.0128574  8.12294e-18 -0.000462949 -7.79034e-18   -0.0125177 -8.54093e-18 -0.000177037  5.57704e-18    0.0108236  8.15067e-18   0.00248768 -1.54357e-18  -0.00727479 -7.07179e-18  -0.00463208 -2.74291e-18   0.00183951   2.6568e-18   0.00324731  1.97416e-18   0.00146384   5.8637e-19  0.000253045  2.37282e-19  7.12286e-06
-2.09444e-22  1.55224e-06  2.24752e-21 -1.25695e-05  -1.3993e-20  4.41116e-05  6.36125e-20 -5.35461e-05 -1.69199e-19 -0.000150319  2.23522e-19  0.000767188 -5.46992e-20   -0.0013685 -7.76102e-19  0.000590221  1.67873e-18   0.00211794 -4.55296e-19  -0.00382324 -3.06725e-18   0.00030821  3.95526e-18   0.00589493   1.5161e-18  -0.00480869 -6.99958e-18  -0.00535925  2.49277e-18   0.00911503  7.62941e-18   0.00304569 -6.05959e-18   -0.0119056 -7.71687e-18 -0.000698936  8.12294e-18    0.0130384  8.47874e-18 -0.000213663 -7.73555e-18   -0.0127622 -8.83418e-18 -0.000961872  5.12974e-18    0.0108865  8.71432e-18   0.00369482 -2.37363e-19  -0.00663375 -6.90739e-18  -0.00554598 -3.44622e-18  0.000380106  1.52673e-18   0.00240959  1.11166e-18   0.00127253  4.54476e-19  0.000253689   1.1576e-19
-1.97218e-07 -5.84729e-22  3.71602e-06  2.10705e-21 -2.57139e-05 -8.01388e-21  9.50969e-05  4.88279e-20 -0.000186909 -1.58151e-19  7.50595e-05  3.15769e-19   0.00058087  -3.2586e-19  -0.00149376  -5.5675e-19   0.00113432  1.86698e-18    0.0015916 -1.10946e-18  -0.00400793  -2.6587e-18   0.00113895  4.49412e-18   0.00550014  4.45206e-19    -0.005458 -6.89992e-18  -0.00467885  3.46137e-18    0.0094539  7.27694e-18   0.00245967 -6.78861e-18   -0.0120907 -7.77815e-18 -0.000462949  8.47874e-18    0.0132606  8.72133e-18  5.39842e-05 -7.60917e-18   -0.0130285 -9.03592e-18  -0.00182516  4.53481e-18    0.0108606  9.36368e-18    0.0049903  1.26933e-18  -0.00568168 -6.33095e-18  -0.00624867 -3.81902e-18  -0.00129808  1.79112e-19    0.0010428  7.07224e-20  0.000646014   1.5474e-19  9.36242e-05
 1.39042e-22 -9.03186e-08 -8.73388e-22  3.20081e-06 -6.17641e-22 -2.80245e-05   9.7101e-21  0.000121967  4.18257e-21 -0.000294184 -9.39969e-20  0.000312467  3.68737e-19  0.000301985 -5.85986e-19   -0.0014693 -2.57502e-19   0.00158656  1.95249e-18   0.00100155 -1.74729e-18  -0.00404402 -2.06332e-18    0.0019201  4.85121e-18   0.00501516  -6.3749e-19  -0.00603851 -6.61692e-18  -0.00396245  4.38214e-18   0.00976415  6.94194e-18   0.00185338 -7.48772e-18   -0.0122943 -7.79034e-18 -0.000213663  8.72133e-18    0.0135284  8.83429e-18  0.000346427 -7.40812e-18    -0.013317 -9.30204e-18  -0.00278728  3.63421e-18    0.0107169   9.8947e-18   0.00636939  2.73411e-18  -0.00436533 -5.35659e-18  -0.00656507 -3.70242e-18  -0.00279585 -9.54061e-19   -0.0002601  -5.6776e-19   0.00010387  1.70017e-20
-1.20401e-07  4.05355e-22  1.50141e-06 -1.51969e-21 -4.85531e-06 -3.86893e-21   -6.961e-06  3.08451e-20  0.000100142 -5.72375e-20 -0.000335312   8.5166e-21  0.000508707   3.6767e-19 -1.94796e-05 -8.03153e-19  -0.00131555  1.04784e-19   0.00192792   1.8943e-18  0.000380397 -2.30743e-18  -0.00394271 -1.30102e-18   0.00264093  4.99237e-18   0.00444777 -1.68271e-18  -0.00655021 -6.17412e-18  -0.00320662  5.25399e-18    0.0100461  6.62437e-18   0.00121851 -8.08942e-18   -0.0125177 -7.73555e-18  5.39842e-05  8.83429e-18    0.0138474  8.81857e-18  0.000671075 -7.13281e-18   -0.0136286 -9.83239e-18  -0.00386842  2.27804e-18    0.0104123  1.00622e-17   0.00778508  3.97791e-18  -0.00260857 -3.82204e-18  -0.00607857 -2.74084e-18  -0.00336586 -1.28414e-18 -0.000816177 -5.23732e-19 -6.31896e-05
-6.43103e-23 -5.52724e-07  1.07926e-21  4.98925e-06 -3.92379e-21 -2.02303e-05 -2.85921e-21  3.53776e-05  4.18605e-20  3.08355e-05 -1.16034e-19 -0.000300367  1.29167e-19  0.000633066  2.99695e-19 -0.000340448 -9.51802e-19  -0.00105924  5.03269e-19   0.00214897  1.66179e-18 -0.000244038 -2.73617e-18   -0.0037151 -4.34427e-19   0.00329198  4.90308e-18    0.0038036 -2.64854e-18  -0.00699124 -5.63779e-18  -0.00240666   6.0504e-18    0.0102982  6.30457e-18  0.000545437 -8.54093e-18   -0.0127622 -7.60917e-18  0.000346427  8.81857e-18    0.0142245  8.73608e-18    0.0010365 -6.77496e-18   -0.0139578  -1.0762e-17  -0.00509411  4.82543e-19   0.00985932  9.84717e-18   0.00917315  5.17402e-18 -0.000220246 -1.34251e-18  -0.00430118 -8.20084e-19  -0.00259463 -7.52546e-19 -0.000590317 -1.67455e-19
 3.62487e-08 -2.09325e-22 -9.12451e-07  2.38186e-21  7.80071e-06 -8.81039e-21  -3.4395e-05  5.99005e-21  8.15668e-05  3.27876e-20 -6.36986e-05 -1.54367e-19 -0.000202286  2.48278e-19  0.000673788   1.6343e-19 -0.000626858  -1.0119e-18 -0.000729266  8.97847e-19   0.00224701  1.25862e-18 -0.000847747  -2.9952e-18  -0.00337186  4.50673e-19   0.00386399  4.59348e-18   0.00308672 -3.50652e-18  -0.00735745 -5.07393e-18  -0.00155671  6.72778e-18    0.0105168  5.96014e-18 -0.000177037 -8.83418e-18   -0.0130285 -7.40812e-18  0.000671075  8.73608e-18    0.0146678  8.78936e-18   0.00145855 -6.30384e-18    -0.014297 -1.20851e-17  -0.00651895 -1.44646e-18   0.00895775  9.61965e-18    0.0105196  6.73233e-18   0.00283916  2.05095e-18  -0.00147086  1.29833e-18  -0.00110572 -5.35891e-20 -0.000175308
 4.19107e-24 -1.03332e-07 -3.66345e-22  5.45501e-08  3.76625e-21  5.36892e-06 -1.43409e-20 -3.60804e-05  2.17471e-20  0.000110972  2.31908e-21 -0.000155615  -1.5978e-19 -6.46453e-05   3.4823e-19   0.00063284 -2.58557e-20 -0.000854018 -9.68826e-19 -0.000354387  1.23942e-18   0.00222418   7.2803e-19  -0.00140949 -3.06198e-18  -0.00292326  1.27396e-18   0.00434702  4.10556e-18   0.00230013 -4.24392e-18  -0.00764176 -4.51253e-18 -0.000649987   7.2638e-18    0.0106952  5.57704e-18 -0.000961872 -9.03592e-18    -0.013317 -7.13281e-18    0.0010365  8.78936e-18    0.0151924  9.32757e-18   0.00195716 -5.74648e-18   -0.0146562 -1.36702e-17  -0.00818542 -2.94903e-18   0.00766749  9.78383e-18    0.0115887  8.47605e-18   0.00572573  5.09799e-18   0.00103834  2.30339e-18 -4.07184e-05  8.81248e-20
 4.49366e-08  -3.0061e-23 -6.70871e-07 -1.37029e-22  3.19667e-06  3.74552e-21 -4.38377e-06 -1.65716e-20 -2.01852e-05  3.91214e-20  0.000111522 -4.26194e-20   -0.0002228 -1.27528e-19  8.66768e-05   4.1386e-19  0.000521566 -2.39094e-19  -0.00100581 -8.18129e-19   3.7849e-05  1.48195e-18   0.00208624  1.38403e-19  -0.00190979 -2.92922e-18  -0.00237956  1.98653e-18   0.00472956  3.50463e-18   0.00144652 -4.86735e-18  -0.00783352 -3.94213e-18  0.000321042  7.70122e-18    0.0108236  5.12974e-18  -0.00182516 -9.30204e-18   -0.0136286 -6.77496e-18   0.00145855  9.32757e-18    0.0158172  1.06117e-17   0.00253631 -5.32762e-18   -0.0150179 -1.52653e-17   -0.0100426 -3.60784e-18   0.00576911  9.81454e-18    0.0113554  9.03449e-18   0.00674575  5.93572e-18   0.00187211  1.71289e-18    0.0001798
 4.64865e-24  1.27901e-07 -1.82564e-22 -1.42134e-06  8.71701e-22  7.19525e-06  1.00828e-21 -1.80673e-05 -1.21676e-20  8.93506e-06  5.10342e-20  8.28628e-05 -9.04879e-20  -0.00025266 -6.19885e-20  0.000228028  4.32971e-19  0.000357135 -4.40764e-19  -0.00107354 -5.71655e-19  0.000421473  1.59437e-18    0.0018419 -4.40704e-19  -0.00233008 -2.60915e-18   -0.0017516  2.58464e-18   0.00499787  2.84764e-18  0.000529104  -5.4102e-18  -0.00791753 -3.31656e-18   0.00136453  8.15067e-18    0.0108865  4.53481e-18  -0.00278728 -9.83239e-18   -0.0139578 -6.30384e-18   0.00195716  1.06117e-17    0.0165444   1.2445e-17   0.00322963 -5.39182e-18   -0.0152542 -1.65393e-17   -0.0121581  -3.8538e-18    0.0024561   7.9252e-18   0.00845932   6.9714e-18   0.00506058  4.15835e-18   0.00120122  4.48331e-19
 3.30062e-09  7.61642e-24  6.53364e-08 -4.19241e-22 -1.36545e-06  2.36531e-21  8.90935e-06 -4.18695e-21 -2.88581e-05 -8.07006e-22  4.11369e-05  5.15601e-20   3.3179e-05 -1.29346e-19 -0.000241774  2.44907e-20  0.000340381  3.97643e-19  0.000159878 -5.97315e-19  -0.00105489 -2.57832e-19  0.000772151  1.56458e-18   0.00150271 -9.61278e-19  -0.00265195 -2.13493e-18  -0.00105188  3.10094e-18   0.00513511  2.14604e-18 -0.000447034   -5.924e-18  -0.00787249 -2.55228e-18   0.00248768  8.71432e-18    0.0108606  3.63421e-18  -0.00386842  -1.0762e-17    -0.014297 -5.74648e-18   0.00253631   1.2445e-17    0.0174044  1.41502e-17   0.00417944 -6.07342e-18    -0.015332 -1.73177e-17   -0.0150294 -4.99426e-18  -0.00293846  2.97825e-18   0.00318611  2.92672e-18   0.00206912  1.53312e-18  0.000325214
 8.30186e-24  6.19588e-08 -4.57697e-23 -3.93009e-07 -4.56486e-22  3.56503e-07  3.23975e-21     5.95e-06 -9.82396e-21 -3.11094e-05  1.45497e-20  6.60784e-05  3.81846e-20 -2.53293e-05 -1.49847e-19 -0.000194188  1.15157e-19  0.000410423  3.06566e-19 -4.85547e-05 -6.84474e-19 -0.000953212  8.55516e-20   0.00106712   1.3953e-18   0.00108345 -1.40715e-18  -0.00285668 -1.54721e-18 -0.000295964  3.56925e-18   0.00512078  1.35639e-18  -0.00147277  -6.4309e-18  -0.00767034 -1.54357e-18   0.00369482  9.36368e-18    0.0107169  2.27804e-18  -0.00509411 -1.20851e-17   -0.0146562 -5.32762e-18   0.00322963  1.41502e-17     0.018534  1.50503e-17   0.00543065 -7.06052e-18   -0.0155798 -1.74442e-17   -0.0187368  -7.5443e-18   -0.0089782 -2.98746e-18  -0.00168528 -3.80131e-19     3.64e-05  2.29947e-19
-9.14424e-09  3.40181e-23   1.7422e-07 -2.29857e-22 -1.13386e-06  3.14559e-23  3.32267e-06  2.38645e-21 -1.26054e-06 -1.32184e-20 -2.32689e-05  2.91889e-20  7.68272e-05  1.27062e-20 -8.00242e-05 -1.46334e-19  -0.00011936  1.92809e-19  0.000430878  1.67255e-19 -0.000246508 -6.90326e-19 -0.000777169   4.2008e-19   0.00128522  1.09789e-18   0.00060293 -1.78123e-18  -0.00292517 -8.73517e-19  0.000495441  3.97871e-18   0.00493064  4.21123e-19  -0.00253284  -6.8644e-18  -0.00727479 -2.37363e-19    0.0049903   9.8947e-18    0.0104123  4.82543e-19  -0.00651895 -1.36702e-17   -0.0150179 -5.39182e-18   0.00417944  1.50503e-17    0.0199663  1.49466e-17   0.00667538 -7.43058e-18   -0.0158211 -1.58025e-17   -0.0211812 -9.48062e-18   -0.0120513  -5.9858e-18  -0.00342837 -1.13542e-18 -0.000350188
-1.99666e-24 -8.23877e-09  7.47508e-23  1.97068e-07 -4.96005e-22 -1.54218e-06  1.00471e-21  5.86746e-06 -3.57991e-22 -9.80035e-06  -1.2362e-20 -7.85129e-06  3.85969e-20  7.10634e-05 -1.94573e-20 -0.000120269 -1.16974e-19 -3.01476e-05  2.42617e-19  0.000400499 -3.09837e-21 -0.000413378 -6.12983e-19 -0.000540754  7.10387e-19   0.00140726  6.91669e-19  8.53428e-05 -2.07414e-18  -0.00283835 -1.29594e-19   0.00129398  4.25451e-18   0.00453599  -6.5715e-19  -0.00360193 -7.07179e-18  -0.00663375  1.26933e-18   0.00636939  1.00622e-17   0.00985932 -1.44646e-18  -0.00818542 -1.52653e-17   -0.0152542 -6.07342e-18   0.00543065  1.49466e-17    0.0213812  1.43887e-17   0.00811513 -5.34111e-18   -0.0138317 -1.03222e-17   -0.0187637 -7.86821e-18  -0.00996676 -4.44252e-18  -0.00230428   3.3249e-19
