  6.0818e-07 -7.93251e-21 -7.82276e-06  8.70287e-20  3.84005e-05 -3.29817e-19  -0.00010863  7.16431e-19  0.000197045 -1.05564e-18 -0.000229644  1.11233e-18  0.000148286 -8.37018e-19 -2.22131e-06  4.41985e-19  -8.6406e-05 -1.58975e-19  6.92936e-05  3.62428e-20 -1.68972e-05
-7.93251e-21    1.123e-05 -4.08297e-20 -8.09467e-05  3.51861e-19  0.000295186 -1.04255e-18 -0.000664904  1.86853e-18  0.000971442 -2.41613e-18 -0.000870337  2.34738e-18  0.000314838 -1.74456e-18  0.000255688  9.89971e-19 -0.000394371 -3.97924e-19  0.000184062  8.71579e-20
-7.82276e-06 -4.08297e-20   0.00010088 -1.54657e-19 -0.000496215  9.50216e-19   0.00140544 -2.14789e-18  -0.00254839   3.3046e-18   0.00295732 -4.05689e-18  -0.00187174  4.07757e-18 -5.49896e-05 -3.30573e-18   0.00120693  1.97472e-18 -0.000949657 -6.98244e-19  0.000230818
 8.70287e-20 -8.09467e-05 -1.54657e-19  0.000584706 -3.82796e-19  -0.00213549  1.59914e-18   0.00481282 -2.86782e-18  -0.00702084  4.42458e-18   0.00624123  -6.1383e-18  -0.00213908  7.00368e-18  -0.00204288 -5.81874e-18   0.00300994  3.00544e-18  -0.00139522  -6.8818e-19
 3.84005e-05  3.51861e-19 -0.000496215 -3.82796e-19   0.00244479 -5.66266e-19  -0.00693146  1.50674e-18    0.0125672 -2.85423e-18    -0.014543  6.24712e-18   0.00907827 -1.06538e-17   0.00054937  1.23984e-17  -0.00624787 -9.16128e-18   0.00485793  3.69075e-18  -0.00117749
-3.29817e-19  0.000295186  9.50216e-19  -0.00213549 -5.66266e-19   0.00780843  -3.7585e-19   -0.0176089  7.69776e-19     0.025676 -4.29735e-18   -0.0227461  1.22726e-17   0.00759637 -1.96906e-17   0.00779439  1.90004e-17   -0.0112654 -1.02175e-17   0.00520141  1.92597e-18
 -0.00010863 -1.04255e-18   0.00140544  1.59914e-18  -0.00693146  -3.7585e-19    0.0196684  3.73196e-20   -0.0356829  2.09233e-18    0.0413126 -1.19589e-17   -0.0258022  2.67114e-17  -0.00153657 -3.44347e-17    0.0177046  2.70961e-17   -0.0137493 -1.20687e-17   0.00332349
 7.16431e-19 -0.000664904 -2.14789e-18   0.00481282  1.50674e-18   -0.0176089  3.73196e-20    0.0397483 -5.09845e-19   -0.0580801  8.80195e-18    0.0517792 -2.76974e-17   -0.0180328  4.50891e-17   -0.0164143 -4.27759e-17    0.0244284  2.09157e-17   -0.0112898 -5.58183e-19
 0.000197045  1.86853e-18  -0.00254839 -2.86782e-18    0.0125672  7.69776e-19   -0.0356829 -5.09845e-19    0.0649026 -3.63161e-18   -0.0757594  2.31684e-17    0.0489156 -5.32012e-17 -0.000681391  7.07066e-17   -0.0284363 -5.92399e-17    0.0226342  3.10982e-17  -0.00544812
-1.05564e-18  0.000971442   3.3046e-18  -0.00702084 -2.85423e-18     0.025676  2.09233e-18   -0.0580801 -3.63161e-18    0.0856024 -7.77912e-18   -0.0786468  3.74205e-17    0.0328055 -6.50817e-17    0.0152811  5.88393e-17   -0.0284543 -1.89342e-17    0.0133637 -1.65052e-17
-0.000229644 -2.41613e-18   0.00295732  4.42458e-18    -0.014543 -4.29735e-18    0.0413126  8.80195e-18   -0.0757594 -7.77912e-18    0.0910532 -1.84826e-17   -0.0657185  6.70869e-17    0.0160011 -1.05089e-16    0.0167683  1.03678e-16   -0.0161741 -7.06236e-17   0.00382576
 1.11233e-18 -0.000870337 -4.05689e-18   0.00624123  6.24712e-18   -0.0227461 -1.19589e-17    0.0517792  2.31684e-17   -0.0786468 -1.84826e-17    0.0797753 -1.17107e-17   -0.0503072  4.15328e-17    0.0148217 -2.68075e-17    0.0017598 -3.07363e-17   -0.0017538  7.36208e-17
 0.000148286  2.34738e-18  -0.00187174  -6.1383e-18   0.00907827  1.22726e-17   -0.0258022 -2.76974e-17    0.0489156  3.74205e-17   -0.0657185 -1.17107e-17    0.0653174 -5.60744e-17   -0.0507618  1.30888e-16    0.0328378 -1.68076e-16   -0.0167601  1.48605e-16    0.0042419
-8.37018e-19  0.000314838  4.07757e-18  -0.00213908 -1.06538e-17   0.00759637  2.67114e-17   -0.0180328 -5.32012e-17    0.0328055  6.70869e-17   -0.0503072 -5.60744e-17    0.0667033  4.72457e-17   -0.0716336 -8.65437e-17    0.0545645  1.60342e-16    -0.023136 -1.87142e-16
-2.22131e-06 -1.74456e-18 -5.49896e-05  7.00368e-18   0.00054937 -1.96906e-17  -0.00153657  4.50891e-17 -0.000681391 -6.50817e-17    0.0160011  4.15328e-17   -0.0507618  4.72457e-17    0.0888145 -1.73833e-16   -0.0956582  2.74428e-16    0.0595838 -2.76811e-16   -0.0147187
 4.41985e-19  0.000255688 -3.30573e-18  -0.00204288  1.23984e-17   0.00779439 -3.44347e-17   -0.0164143  7.07066e-17    0.0152811 -1.05089e-16    0.0148217  1.30888e-16   -0.0716336 -1.73833e-16     0.113716  2.63155e-16   -0.0989304  -3.5154e-16    0.0429472  3.25874e-16
 -8.6406e-05  9.89971e-19   0.00120693 -5.81874e-18  -0.00624787  1.90004e-17    0.0177046 -4.27759e-17   -0.0284363  5.88393e-17    0.0167683 -2.68075e-17    0.0328378 -8.65437e-17   -0.0956582  2.63155e-16     0.116243 -4.17376e-16   -0.0747248    4.175e-16    0.0184367
-1.58975e-19 -0.000394371  1.97472e-18   0.00300994 -9.16128e-18   -0.0112654  2.70961e-17    0.0244284 -5.92399e-17   -0.0284543  1.03678e-16    0.0017598 -1.68076e-16    0.0545645  2.74428e-16   -0.0989304 -4.17376e-16    0.0889518  5.02061e-16    -0.038892 -3.95862e-16
 6.92936e-05 -3.97924e-19 -0.000949657  3.00544e-18   0.00485793 -1.02175e-17   -0.0137493  2.09157e-17    0.0226342 -1.89342e-17   -0.0161741 -3.07363e-17   -0.0167601  1.60342e-16    0.0595838  -3.5154e-16   -0.0747248  5.02061e-16    0.0484819 -4.59311e-16   -0.0119993
 3.62428e-20  0.000184062 -6.98244e-19  -0.00139522  3.69075e-18   0.00520141 -1.20687e-17   -0.0112898  3.10982e-17    0.0133637 -7.06236e-17   -0.0017538  1.48605e-16    -0.023136 -2.76811e-16    0.0429472    4.175e-16    -0.038892 -4.59311e-16    0.0170817  3.03779e-16
-1.68972e-05  8.71579e-20  0.000230818  -6.8818e-19  -0.00117749  1.92597e-18   0.00332349 -5.58183e-19  -0.00544812 -1.65052e-17   0.00382576  7.36208e-17    0.0042419 -1.87142e-16   -0.0147187  3.25874e-16    0.0184367 -3.95862e-16   -0.0119993  3.03779e-16   0.00298946
