   0.0207229  5.94486e-14    0.0429183  6.70548e-14    0.0290286   2.3296e-14  -0.00104611 -1.67833e-14   -0.0142248 -1.93661e-14  -0.00681096 -1.72277e-15   0.00319871  8.00409e-15   0.00460672  4.57242e-15  0.000780855 -1.32774e-15  -0.00161739 -2.59724e-15  -0.00111612 -7.23354e-16  0.000108004  6.83514e-16  0.000496358  6.31662e-16  0.000216228  7.59694e-17 -6.70286e-05  -1.8587e-16 -0.000112461  -1.2887e-16 -4.06266e-05 -1.26885e-17  1.21737e-05  3.21005e-17  1.92062e-05  2.27236e-17  8.19082e-06  5.30463e-18  1.56988e-07 -2.19134e-18 -1.76082e-06 -2.47839e-18  -1.1086e-06 -1.10006e-18 -3.65919e-07 -2.65883e-19 -5.73971e-08 -1.46328e-20  7.29321e-09  1.51151e-20  6.97436e-09   6.5711e-21  2.04598e-09  1.43945e-21  3.41281e-10  1.83123e-22   3.1591e-11  1.14937e-23  1.09788e-12
 5.94486e-14    0.0642554  1.21706e-13     0.072836  8.35658e-14    0.0260828 -1.03119e-15   -0.0177721 -4.00444e-14   -0.0217035 -2.07367e-14  -0.00275565  8.13168e-15   0.00875773  1.37418e-14   0.00574474  3.37621e-15 -0.000964753 -4.32981e-15  -0.00301919 -3.74705e-15  -0.00120205 -2.06311e-16  0.000591537  1.41022e-15  0.000812177   8.8019e-16  0.000237151 -2.37397e-17 -0.000162827 -3.35425e-16 -0.000183026 -1.96919e-16 -5.79161e-05 -1.21323e-17  2.22828e-05  5.37524e-17  3.19115e-05  3.85691e-17  1.47115e-05  1.10703e-17  1.60419e-06 -1.96806e-18 -2.27284e-06 -3.62435e-18 -1.77973e-06 -1.94539e-18 -7.33265e-07 -6.41812e-19  -1.9575e-07 -1.37522e-19 -3.25134e-08 -1.63887e-20 -2.16178e-09  7.13961e-23   3.5659e-10  3.75578e-22  1.00069e-10  5.56044e-23  8.39839e-12  2.42496e-24
   0.0429183  1.21706e-13    0.0901955  1.40912e-13    0.0641145  5.39138e-14   0.00149347 -3.26185e-14   -0.0303804 -4.51656e-14   -0.0184061  -9.8456e-15   0.00415257  1.60214e-14    0.0110477   1.3658e-14   0.00432171  3.77862e-16  -0.00257614 -5.98346e-15  -0.00344664 -3.70344e-15 -0.000925122  3.64242e-16  0.000914029  1.79195e-15  0.000955645  9.79761e-16  0.000238714 -8.19961e-17 -0.000217668 -4.28669e-16  -0.00023362 -2.56899e-16 -8.03336e-05 -2.66817e-17  2.31738e-05   6.4709e-17  4.11597e-05  5.31449e-17   2.2188e-05  1.96829e-17  4.97029e-06  9.38085e-19 -1.51611e-06 -3.38301e-18 -1.91951e-06 -2.31463e-18 -9.53786e-07 -9.15641e-19 -3.12068e-07 -2.52593e-19 -7.30011e-08 -5.02593e-20 -1.22483e-08 -7.05146e-21 -1.40908e-09 -6.39411e-22 -9.83011e-11 -2.96353e-23 -2.74143e-12
 6.70548e-14     0.072836  1.40912e-13    0.0872255   1.0777e-13    0.0395059  1.41622e-14    -0.013948 -4.33868e-14   -0.0284065 -3.50376e-14   -0.0110317    -5.68e-16   0.00726994  1.71584e-14    0.0101519  1.12763e-14   0.00291553 -1.18277e-15  -0.00308683 -6.25891e-15  -0.00342822  -3.5548e-15 -0.000810761  5.52963e-16   0.00103483  1.98306e-15   0.00106202  1.10957e-15   0.00028408 -6.77156e-17 -0.000238767 -4.92143e-16 -0.000279142  -3.2337e-16 -0.000111657 -5.75721e-17  1.49365e-05  6.45846e-17  4.60992e-05  6.45132e-17  2.94357e-05   2.9703e-17  9.75342e-06   6.2854e-18  6.09122e-07  -1.3796e-18 -1.25146e-06 -1.79141e-18 -8.14048e-07 -8.32716e-19 -2.97824e-07 -2.49857e-19 -7.42022e-08 -5.20422e-20 -1.27622e-08 -7.30286e-21 -1.41547e-09 -6.05215e-22 -8.18787e-11 -1.91073e-23
   0.0290286  8.35658e-14    0.0641145   1.0777e-13    0.0560647   6.2494e-14    0.0168691 -3.48901e-15    -0.016358 -3.64002e-14    -0.021972 -2.55055e-14  -0.00727704  1.70906e-15   0.00707974  1.56025e-14   0.00914777  1.01359e-14   0.00255139 -1.39934e-15  -0.00313802 -6.34942e-15  -0.00351427 -3.69719e-15 -0.000864649  5.59906e-16   0.00109906  2.15037e-15   0.00117854  1.27429e-15  0.000355636 -1.26928e-17 -0.000238378 -5.31073e-16  -0.00031695 -3.88835e-16 -0.000148033 -1.01889e-16 -2.64399e-06  5.08237e-17  4.44675e-05  6.89337e-17  3.43961e-05  3.85209e-17  1.47818e-05  1.28344e-17  3.64294e-06  1.99462e-18  1.15943e-07 -4.36644e-19 -3.20758e-07  -3.9075e-19 -1.52031e-07 -1.31946e-19 -3.92549e-08 -2.70149e-20 -6.28481e-09 -3.35627e-21 -5.74858e-10  -2.0607e-22 -1.99764e-11
  2.3296e-14    0.0260828  5.39138e-14    0.0395059   6.2494e-14    0.0347711   3.9627e-14    0.0123322 -1.75938e-15   -0.0117392 -2.87628e-14   -0.0183882  -2.2536e-14  -0.00681036  1.27576e-15    0.0065909  1.50111e-14   0.00895378  1.00404e-14   0.00252853 -1.48245e-15  -0.00324076 -6.57443e-15  -0.00366327 -3.89788e-15 -0.000942932   5.2546e-16   0.00113279  2.27209e-15   0.00127787  1.43732e-15  0.000441939  8.15523e-17  -0.00021136  -5.3412e-16 -0.000340572 -4.45695e-16 -0.000186473 -1.57359e-16  -2.9448e-05  2.20082e-17  3.46216e-05  6.30836e-17  3.48534e-05  4.27569e-17  1.82141e-05  1.81735e-17  6.42302e-06  5.35549e-18  1.56638e-06  1.06378e-18   2.4053e-07  1.15372e-19  1.28972e-08 -3.20867e-21 -3.24761e-09 -3.27805e-21 -7.94014e-10 -4.52775e-22 -6.37216e-11 -1.81667e-23
 -0.00104611 -1.03119e-15   0.00149347  1.41622e-14    0.0168691   3.9627e-14    0.0267023   3.6944e-14    0.0131914  1.72465e-15   -0.0100018  -2.6825e-14   -0.0177156  -2.1872e-14  -0.00647724  1.67825e-15   0.00675307  1.50596e-14   0.00888503  9.84534e-15   0.00241275 -1.62219e-15  -0.00330805 -6.68031e-15  -0.00374987 -4.06406e-15   -0.0010462  4.03573e-16   0.00110546  2.31746e-15   0.00135335  1.60056e-15  0.000546637  2.20627e-16 -0.000154866 -4.96614e-16 -0.000346282 -4.86973e-16 -0.000222533 -2.18024e-16 -6.30614e-05 -2.03383e-17  1.61922e-05  4.48427e-17  2.89365e-05  3.91032e-17  1.80586e-05  1.94844e-17  7.50988e-06  6.92995e-18  2.30525e-06  1.85091e-18  5.33709e-07  3.71306e-19  9.18152e-08  5.37363e-20  1.11318e-08  5.07784e-21  8.35974e-10  2.51185e-22  2.54266e-11
-1.67833e-14   -0.0177721 -3.26185e-14    -0.013948 -3.48901e-15    0.0123322   3.6944e-14    0.0270152  3.66814e-14    0.0127458  4.67196e-16   -0.0104004 -2.64539e-14   -0.0169371  -2.0254e-14  -0.00564593  2.39135e-15    0.0067856  1.46978e-14   0.00860528  9.53667e-15   0.00236487 -1.53427e-15  -0.00323205 -6.63697e-15  -0.00380781 -4.27164e-15  -0.00120639  1.78134e-16   0.00102172  2.30032e-15   0.00140954  1.76233e-15  0.000664939  3.97039e-16   -7.086e-05 -4.15877e-16 -0.000329294 -5.02312e-16 -0.000249483  -2.7437e-16 -9.89424e-05  -7.1427e-17 -9.26523e-06  1.48567e-17  1.62531e-05  2.62136e-17  1.33248e-05  1.52748e-17  6.15142e-06  5.85828e-18  1.99396e-06  1.62462e-18  4.70875e-07  3.26132e-19  7.91323e-08  4.46983e-20  8.71476e-09  3.61858e-21  5.05102e-10  1.10938e-22
  -0.0142248 -4.00444e-14   -0.0303804 -4.33868e-14    -0.016358 -1.75938e-15    0.0131914  3.66814e-14    0.0249866  3.23212e-14    0.0103168 -1.49421e-15   -0.0102924 -2.47413e-14   -0.0155656 -1.84753e-14  -0.00508491  2.42789e-15   0.00648153  1.40939e-14   0.00835676  9.45017e-15   0.00247648 -1.24387e-15   -0.0030828  -6.5549e-15  -0.00387388 -4.52499e-15  -0.00140617 -1.19215e-16  0.000892894  2.22054e-15   0.00143824  1.90482e-15  0.000787018  6.01111e-16  3.89304e-05 -2.88566e-16 -0.000284678 -4.80925e-16  -0.00025983  -3.1446e-16  -0.00013036 -1.22219e-16 -3.73307e-05 -2.16029e-17   -8.295e-07  6.81407e-18  5.25448e-06  7.05088e-18  3.06736e-06  3.02229e-18  1.03601e-06  8.36242e-19  2.34413e-07  1.55622e-19  3.50789e-08  1.80705e-20  3.08869e-09  1.03843e-21  1.05012e-10
-1.93661e-14   -0.0217035 -4.51656e-14   -0.0284065 -3.64002e-14   -0.0117392  1.72465e-15    0.0127458  3.23212e-14    0.0216732  2.78632e-14   0.00891278 -1.54455e-15   -0.0093969 -2.27722e-14   -0.0145279 -1.75175e-14  -0.00496361  2.10055e-15   0.00614822  1.36372e-14   0.00823005  9.52758e-15   0.00265466 -8.86964e-16  -0.00290225 -6.43423e-15  -0.00392459 -4.78109e-15   -0.0016278  -4.8014e-16  0.000714927  2.06313e-15   0.00142866  2.01136e-15  0.000903922  8.21901e-16  0.000170519 -1.15829e-16 -0.000209854 -4.14067e-16 -0.000246151  -3.2468e-16  -0.00014863 -1.59436e-16 -6.05178e-05 -5.40859e-17 -1.68525e-05 -1.20076e-17 -2.73023e-06 -1.12458e-18  2.86193e-08  2.95826e-19  1.50602e-07  1.47344e-19  4.24011e-08  2.92951e-20  5.99129e-09  2.84992e-21  3.97692e-10  8.71041e-23
 -0.00681096 -2.07367e-14   -0.0184061 -3.50376e-14    -0.021972 -2.87628e-14   -0.0100018  4.67196e-16    0.0103168  2.78632e-14    0.0194244  2.57689e-14   0.00855571 -1.01631e-15  -0.00870594 -2.15702e-14   -0.0139268 -1.69775e-14  -0.00491378  1.83123e-15   0.00587766  1.32514e-14   0.00812062  9.62622e-15   0.00285755 -4.60283e-16  -0.00266704  -6.2339e-15  -0.00394374 -5.02868e-15  -0.00187007 -9.06774e-16  0.000485438  1.82066e-15    0.0013733  2.06529e-15   0.00100395  1.04157e-15  0.000315395  9.46036e-17  -0.00010562 -2.97091e-16 -0.000202632 -2.92419e-16 -0.000144784 -1.68273e-16 -7.00892e-05  -7.0228e-17 -2.54887e-05 -2.24636e-17 -7.16741e-06 -5.56775e-18 -1.55851e-06 -1.05013e-18 -2.56306e-07 -1.42908e-19 -3.01925e-08 -1.28963e-20 -2.24115e-09 -6.55369e-22 -6.86004e-11
-1.72277e-15  -0.00275565  -9.8456e-15   -0.0110317 -2.55055e-14   -0.0183882  -2.6825e-14   -0.0104004 -1.49421e-15   0.00891278  2.57689e-14    0.0183711  2.45635e-14   0.00816849 -1.00497e-15  -0.00835388 -2.06975e-14   -0.0133907  -1.6425e-14   -0.0048527  1.52907e-15   0.00556473  1.28047e-14   0.00799827   9.7608e-15   0.00310964  6.68762e-17  -0.00237027 -5.95387e-15  -0.00393216 -5.26189e-15  -0.00212576 -1.38745e-15  0.000207892  1.48886e-15   0.00126338  2.04529e-15   0.00107182  1.23588e-15  0.000460563  3.27029e-16  2.20597e-05 -1.33367e-16 -0.000127987 -2.11591e-16 -0.000113597 -1.39771e-16 -6.09548e-05 -6.34739e-17 -2.38319e-05 -2.16324e-17 -7.07709e-06 -5.60571e-18 -1.58878e-06 -1.07384e-18 -2.59341e-07 -1.41574e-19 -2.81367e-08 -1.11612e-20 -1.62271e-09  -3.4084e-22
  0.00319871  8.13168e-15   0.00415257    -5.68e-16  -0.00727704  -2.2536e-14   -0.0177156 -2.64539e-14   -0.0102924 -1.54455e-15   0.00855571  2.45635e-14    0.0173833  2.30899e-14    0.0076128 -1.09075e-15  -0.00796692 -1.97446e-14   -0.0128516 -1.59702e-14  -0.00488552  1.08252e-15   0.00519654   1.2336e-14   0.00789399  9.95533e-15   0.00340802  6.74715e-16  -0.00202207 -5.59459e-15  -0.00388097 -5.45778e-15  -0.00238085 -1.90633e-15 -0.000114227  1.06296e-15   0.00108986  1.92928e-15   0.00109058  1.37519e-15  0.000587919  5.55384e-16   0.00015974   6.0358e-17 -3.00031e-05 -9.16237e-17  -5.9753e-05 -8.04334e-17 -3.67875e-05 -3.91879e-17 -1.47942e-05 -1.33502e-17 -4.27636e-06 -3.29184e-18 -8.90532e-07 -5.67455e-19 -1.27025e-07 -6.19728e-20 -1.08801e-08 -3.34444e-21 -3.64647e-10
 8.00409e-15   0.00875773  1.60214e-14   0.00726994  1.70906e-15  -0.00681036  -2.1872e-14   -0.0169371 -2.47413e-14   -0.0093969 -1.01631e-15   0.00816849  2.30899e-14     0.016302  2.17322e-14   0.00722906 -9.14853e-16  -0.00751299 -1.88564e-14   -0.0124228 -1.57107e-14  -0.00500743  5.61862e-16   0.00481606  1.18747e-14   0.00780077  1.01755e-14   0.00373322  1.34847e-15  -0.00161988 -5.13846e-15   -0.0037755 -5.59227e-15  -0.00262188 -2.44631e-15 -0.000474774  5.44084e-16  0.000846794  1.69747e-15   0.00104257   1.4253e-15  0.000674197  7.41421e-16   0.00028392  2.47819e-16  7.00922e-05  3.62605e-17 -4.37819e-07 -1.36258e-17 -9.28078e-06 -1.16191e-17 -4.69751e-06 -4.38423e-18 -1.38277e-06 -1.04744e-18 -2.65552e-07 -1.57617e-19 -3.18338e-08 -1.28845e-20 -1.94279e-09 -3.03516e-22
  0.00460672  1.37418e-14    0.0110477  1.71584e-14   0.00707974  1.27576e-15  -0.00647724  -2.0254e-14   -0.0155656 -2.27722e-14  -0.00870594 -1.00497e-15    0.0076128  2.17322e-14    0.0154636  2.08022e-14   0.00702015 -6.72178e-16  -0.00712307 -1.81359e-14   -0.0120906 -1.55536e-14  -0.00516384  9.72491e-18   0.00441814  1.13853e-14   0.00769601  1.03981e-14   0.00408106  2.09225e-15  -0.00115751 -4.57181e-15  -0.00360412 -5.64213e-15  -0.00283238 -2.98179e-15 -0.000861526  -5.7682e-17  0.000533044  1.33575e-15  0.000911757  1.35025e-15  0.000691705  8.34668e-16  0.000361252  3.75784e-16  0.000141401  1.28733e-16  4.22998e-05  3.36263e-17  9.58447e-06  6.49882e-18  1.59361e-06  8.53455e-19  1.83086e-07  6.46248e-20  1.30616e-08  3.12656e-21  4.77932e-10  5.07273e-22  6.48797e-12
 4.57242e-15   0.00574474   1.3658e-14    0.0101519  1.56025e-14    0.0065909  1.67825e-15  -0.00564593 -1.84753e-14   -0.0145279 -2.15702e-14  -0.00835388 -1.09075e-15   0.00722906  2.08022e-14    0.0148536  2.00648e-14   0.00683231 -4.87894e-16  -0.00678691 -1.74887e-14   -0.0117947 -1.54489e-14  -0.00535561 -6.01681e-16    0.0039839   1.0849e-14   0.00757479  1.06197e-14   0.00444871  2.90195e-15 -0.000634691 -3.88526e-15  -0.00335383 -5.57757e-15  -0.00299046 -3.47739e-15  -0.00125519 -7.19775e-16  0.000155476  8.40954e-16  0.000686819  1.11773e-15  0.000613475  7.85652e-16  0.000360449  3.98157e-16  0.000159918  1.56376e-16  5.57089e-05  4.84456e-17  1.53134e-05   1.1696e-17  3.26239e-06  2.11552e-18  5.15031e-07  2.69722e-19  5.48934e-08  2.16976e-20  3.15154e-09  8.56834e-22
 0.000780855  3.37621e-15   0.00432171  1.12763e-14   0.00914777  1.50111e-14   0.00675307  2.39135e-15  -0.00508491 -1.75175e-14   -0.0139268 -2.06975e-14  -0.00796692 -9.14853e-16   0.00702015  2.00648e-14    0.0143086  1.93749e-14   0.00666448 -2.80205e-16  -0.00644936 -1.68714e-14   -0.0115357 -1.54189e-14  -0.00559512 -1.27889e-15   0.00351429  1.02655e-14   0.00743164  1.08248e-14    0.0048255  3.76708e-15  -5.1409e-05  -3.0666e-15  -0.00300936 -5.36399e-15  -0.00306964 -3.88661e-15  -0.00162727 -1.40305e-15  -0.00026833   2.2757e-16  0.000368681  7.19471e-16  0.000431326  5.81297e-16  0.000275647  3.10873e-16  0.000126323  1.24061e-16  4.40051e-05  3.78449e-17  1.17114e-05  8.66832e-18  2.32017e-06  1.41532e-18  3.21399e-07  1.49721e-19    2.712e-08  8.26007e-21  9.05021e-10
-1.32774e-15 -0.000964753  3.77862e-16   0.00291553  1.01359e-14   0.00895378  1.50596e-14    0.0067856  2.42789e-15  -0.00496361 -1.69775e-14   -0.0133907 -1.97446e-14  -0.00751299 -6.72178e-16   0.00683231  1.93749e-14    0.0138217  1.88029e-14   0.00656121 -2.14957e-17  -0.00611763  -1.6311e-14   -0.0113223 -1.54591e-14  -0.00587298 -2.01153e-15   0.00300811  9.61927e-15   0.00725258  1.09917e-14   0.00520026  4.67752e-15  0.000591657 -2.10559e-15  -0.00255574  -4.9632e-15  -0.00303867 -4.15156e-15  -0.00194012 -2.04877e-15 -0.000703762 -4.51525e-16 -1.01336e-05  2.08921e-16  0.000179611  2.77346e-16  0.000140351   1.6292e-16  6.66082e-05  6.49982e-17  2.25123e-05  1.87957e-17  5.54878e-06  3.87188e-18  9.69261e-07  5.29551e-19  1.10233e-07  4.05459e-20   6.5485e-09  1.07759e-21
 -0.00161739 -4.32981e-15  -0.00257614 -1.18277e-15   0.00255139  1.00404e-14   0.00888503  1.46978e-14   0.00648153  2.10055e-15  -0.00491378  -1.6425e-14   -0.0128516 -1.88564e-14  -0.00712307 -4.87894e-16   0.00666448  1.88029e-14    0.0134315  1.83645e-14   0.00650448  2.48515e-16  -0.00580414 -1.58004e-14     -0.01114 -1.55477e-14  -0.00618346 -2.80658e-15   0.00245565  8.88996e-15   0.00702439  1.10993e-14    0.0055602  5.61675e-15   0.00128975 -9.96539e-16  -0.00197958 -4.33738e-15  -0.00286501 -4.20623e-15   -0.0021442 -2.56302e-15  -0.00108335 -1.07522e-15 -0.000369224 -2.83489e-16 -6.45536e-05 -1.58631e-17   1.1846e-05  2.60347e-17  1.33068e-05  1.46681e-17  5.19753e-06  4.44016e-18  1.25147e-06  8.23813e-19  1.92875e-07  8.42069e-20    1.716e-08  2.37439e-21  5.81114e-10
-2.59724e-15  -0.00301919 -5.98346e-15  -0.00308683 -1.39934e-15   0.00252853  9.84534e-15   0.00860528  1.40939e-14   0.00614822  1.83123e-15   -0.0048527 -1.59702e-14   -0.0124228 -1.81359e-14  -0.00678691 -2.80205e-16   0.00656121  1.83645e-14    0.0131148   1.8009e-14   0.00647419  5.29551e-16  -0.00549577 -1.53138e-14   -0.0109791 -1.56814e-14  -0.00652935 -3.67395e-15   0.00184967  8.06082e-15     0.006733  1.11203e-14    0.0058876  6.55979e-15   0.00203265    2.556e-16  -0.00127484 -3.45734e-15   -0.0025154 -3.96718e-15  -0.00216764 -2.80048e-15  -0.00130317 -1.46702e-15 -0.000601462  -6.0237e-16 -0.000220185  -1.9733e-16 -6.46002e-05 -5.14319e-17 -1.51601e-05 -1.04564e-17  -2.8069e-06 -1.64291e-18 -3.96394e-07 -2.09083e-19 -3.94023e-08 -2.39245e-20 -2.21677e-09 -1.90652e-21
 -0.00111612 -3.74705e-15  -0.00344664 -6.25891e-15  -0.00313802 -1.48245e-15   0.00241275  9.53667e-15   0.00835676  1.36372e-14   0.00587766  1.52907e-15  -0.00488552 -1.57107e-14   -0.0120906 -1.74887e-14  -0.00644936 -2.14957e-17   0.00650448   1.8009e-14    0.0128476  1.77265e-14   0.00647769  8.40322e-16  -0.00518464 -1.48444e-14   -0.0108381  -1.5858e-14  -0.00690957 -4.61722e-15   0.00118337   7.1116e-15   0.00636087  1.10205e-14   0.00615929  7.46757e-15   0.00279812  1.62549e-15   -0.0004445 -2.29609e-15  -0.00194904 -3.32949e-15  -0.00192549 -2.60696e-15  -0.00126683 -1.48668e-15 -0.000635431 -6.63214e-16 -0.000252783 -2.35804e-16 -8.03089e-05 -6.62546e-17 -2.01049e-05 -1.42917e-17 -3.83156e-06 -2.27224e-18 -5.19611e-07 -2.50492e-19 -4.35391e-08 -1.82442e-20 -1.45972e-09
-7.23354e-16  -0.00120205 -3.70344e-15  -0.00342822 -6.34942e-15  -0.00324076 -1.62219e-15   0.00236487  9.45017e-15   0.00823005  1.32514e-14   0.00556473  1.08252e-15  -0.00500743 -1.55536e-14   -0.0117947 -1.68714e-14  -0.00611763  2.48515e-16   0.00647419  1.77265e-14    0.0126339  1.75261e-14   0.00651737  1.18032e-15  -0.00487093 -1.43857e-14   -0.0107111 -1.60682e-14  -0.00732193 -5.64117e-15  0.000448336  6.02028e-15   0.00588762   1.0755e-14   0.00634073  8.27886e-15    0.0035519  3.07644e-15  0.000506236 -8.30643e-16  -0.00113563 -2.23163e-15  -0.00138096 -1.93969e-15 -0.000962791 -1.14151e-15 -0.000488769 -5.07584e-16 -0.000190993  -1.7473e-16  -5.7912e-05 -4.59924e-17 -1.33805e-05 -8.91595e-18 -2.25076e-06  -1.1941e-18 -2.51085e-07 -9.98994e-20  -1.4832e-08 -4.75383e-21
 0.000108004 -2.06311e-16 -0.000925122  -3.5548e-15  -0.00351427 -6.57443e-15  -0.00330805 -1.53427e-15   0.00247648  9.52758e-15   0.00812062  1.28047e-14   0.00519654  5.61862e-16  -0.00516384 -1.54489e-14   -0.0115357  -1.6311e-14  -0.00580414  5.29551e-16   0.00647769  1.75261e-14    0.0124732  1.73978e-14   0.00658824  1.55013e-15  -0.00454933 -1.39238e-14   -0.0105908 -1.63042e-14  -0.00776479  -6.7486e-15 -0.000363839  4.75956e-15   0.00528487  1.02621e-14   0.00638867  8.92549e-15   0.00425727  4.55921e-15   0.00154842  8.82331e-16 -0.000124552 -7.84766e-16 -0.000623026 -9.66264e-16 -0.000502101 -6.05726e-16 -0.000258903 -2.65686e-16 -9.73542e-05 -8.61869e-17 -2.73291e-05 -2.04293e-17 -5.62019e-06 -3.36101e-18 -7.98165e-07 -3.42949e-19 -6.83474e-08 -1.91967e-20 -2.29468e-09
 6.83514e-16  0.000591537  3.64242e-16 -0.000810761 -3.69719e-15  -0.00366327 -6.68031e-15  -0.00323205 -1.24387e-15   0.00265466  9.62622e-15   0.00799827   1.2336e-14   0.00481606  9.72491e-18  -0.00535561 -1.54189e-14   -0.0113223 -1.58004e-14  -0.00549577  8.40322e-16   0.00651737  1.73978e-14    0.0123578  1.73339e-14   0.00669163  1.95854e-15  -0.00421323 -1.34472e-14   -0.0104702 -1.65557e-14  -0.00823493 -7.94381e-15  -0.00126644  3.29288e-15   0.00452179  9.48568e-15   0.00626494  9.33514e-15   0.00485375  5.93463e-15   0.00256065  2.58677e-15  0.000892192  6.68985e-16  0.000131011 -1.65949e-17 -6.47511e-05 -1.15172e-16 -5.73457e-05 -6.42428e-17 -2.38128e-05 -2.11591e-17 -6.47588e-06 -4.46458e-18 -1.18931e-06 -5.47457e-19 -1.38212e-07  -2.4048e-20 -8.22073e-09 -4.25869e-22
 0.000496358  1.41022e-15  0.000914029  5.52963e-16 -0.000864649 -3.89788e-15  -0.00374987 -6.63697e-15   -0.0030828 -8.86964e-16   0.00285755   9.7608e-15   0.00789399  1.18747e-14   0.00441814 -6.01681e-16  -0.00559512 -1.54591e-14     -0.01114 -1.53138e-14  -0.00518464  1.18032e-15   0.00658824  1.73339e-14    0.0122871  1.73357e-14   0.00683041  2.41232e-15  -0.00385632 -1.29429e-14   -0.0103406 -1.68135e-14  -0.00873264  -9.2359e-15  -0.00227005  1.60084e-15   0.00358207  8.38087e-15   0.00591581  9.35558e-15   0.00519316  6.87439e-15   0.00329045  3.82872e-15   0.00162557  1.69258e-15  0.000644608  6.03595e-16  0.000207481  1.73592e-16  5.43027e-05  3.99508e-17  1.14804e-05  7.51996e-18  1.91993e-06   1.2593e-18  2.40764e-07  2.05485e-19   1.9794e-08  2.40831e-20  6.87745e-10
 6.31662e-16  0.000812177  1.79195e-15   0.00103483  5.59906e-16 -0.000942932 -4.06406e-15  -0.00380781  -6.5549e-15  -0.00290225 -4.60283e-16   0.00310964  9.95533e-15   0.00780077  1.13853e-14    0.0039839 -1.27889e-15  -0.00587298 -1.55477e-14   -0.0109791 -1.48444e-14  -0.00487093  1.55013e-15   0.00669163  1.73357e-14    0.0122616  1.74044e-14   0.00700735  2.92073e-15  -0.00347034 -1.23999e-14   -0.0101966 -1.70721e-14  -0.00925291 -1.06093e-14  -0.00336356 -3.11738e-16   0.00244302  6.83887e-15   0.00521305  8.67759e-15   0.00502758  6.92629e-15   0.00345033  4.18126e-15   0.00185226  2.01352e-15   0.00080233  7.84895e-16  0.000282107  2.46079e-16  7.96817e-05  6.08819e-17  1.75973e-05  1.16327e-17  2.88795e-06  1.68209e-18  3.19638e-07  1.85109e-19   1.8994e-08  1.12182e-20
 0.000216228   8.8019e-16  0.000955645  1.98306e-15   0.00109906   5.2546e-16   -0.0010462 -4.27164e-15  -0.00387388 -6.43423e-15  -0.00266704  6.68762e-17   0.00340802  1.01755e-14   0.00769601   1.0849e-14   0.00351429 -2.01153e-15  -0.00618346 -1.56814e-14   -0.0108381 -1.43857e-14  -0.00454933  1.95854e-15   0.00683041  1.74044e-14    0.0122824  1.75448e-14   0.00722725  3.49095e-15  -0.00305111 -1.18114e-14    -0.010027 -1.72979e-14  -0.00976577 -1.20179e-14  -0.00453732  -2.4937e-15   0.00101916  4.62784e-15    0.0039648  6.95563e-15   0.00414828  5.81067e-15   0.00291938  3.54679e-15   0.00156596  1.68805e-15  0.000663222  6.35577e-16  0.000222725  1.87321e-16  5.84182e-05  4.21329e-17  1.15515e-05  6.97438e-18  1.60954e-06   8.2868e-19  1.37301e-07    7.155e-20   4.6483e-09
 7.59694e-17  0.000237151  9.79761e-16   0.00106202  2.15037e-15   0.00113279  4.03573e-16  -0.00120639 -4.52499e-15  -0.00392459  -6.2339e-15  -0.00237027  6.74715e-16   0.00373322  1.03981e-14   0.00757479  1.02655e-14   0.00300811 -2.80658e-15  -0.00652935  -1.5858e-14   -0.0107111 -1.39238e-14  -0.00421323  2.41232e-15   0.00700735  1.75448e-14    0.0123523   1.7761e-14   0.00749059  4.12533e-15  -0.00258874 -1.11415e-14  -0.00979513  -1.7425e-14   -0.0102424 -1.34674e-14  -0.00583912 -5.09425e-15 -0.000809845  1.55518e-15    0.0020848   4.1485e-15   0.00260415  3.72266e-15   0.00187516  2.26125e-15  0.000980852  1.03316e-15  0.000393338  3.62627e-16  0.000121846  9.64411e-17  2.86315e-05  1.87777e-17  4.87724e-06  2.54414e-18  5.48846e-07  2.48121e-19  3.25919e-08  1.96048e-20
-6.70286e-05 -2.37397e-17  0.000238714  1.10957e-15   0.00117854  2.27209e-15   0.00110546  1.78134e-16  -0.00140617 -4.78109e-15  -0.00394374 -5.95387e-15  -0.00202207  1.34847e-15   0.00408106  1.06197e-14   0.00743164  9.61927e-15   0.00245565 -3.67395e-15  -0.00690957 -1.60682e-14   -0.0105908 -1.34472e-14  -0.00385632  2.92073e-15   0.00722725   1.7761e-14      0.01247  1.80521e-14   0.00780347  4.85552e-15  -0.00204793 -1.03227e-14  -0.00946764 -1.74429e-14   -0.0107122 -1.50545e-14  -0.00733476 -8.17237e-15  -0.00301214 -2.17444e-15 -0.000194092  7.79648e-16  0.000784567  1.32672e-15  0.000716865  8.93111e-16  0.000387275  4.03964e-16  0.000149309  1.31877e-16   4.2534e-05  3.07102e-17  8.81858e-06   4.8119e-18   1.2564e-06  4.81326e-19  1.07476e-07  5.05586e-20  3.59046e-09
 -1.8587e-16 -0.000162827 -8.19961e-17   0.00028408  1.27429e-15   0.00127787  2.31746e-15   0.00102172 -1.19215e-16   -0.0016278 -5.02868e-15  -0.00393216 -5.59459e-15  -0.00161988  2.09225e-15   0.00444871  1.08248e-14   0.00725258  8.88996e-15   0.00184967 -4.61722e-15  -0.00732193 -1.63042e-14   -0.0104702 -1.29429e-14  -0.00347034  3.49095e-15   0.00749059  1.80521e-14    0.0126397   1.8446e-14   0.00819721  5.74281e-15  -0.00139953 -9.34818e-15  -0.00907321 -1.74315e-14   -0.0112155 -1.67582e-14  -0.00891196 -1.13407e-14  -0.00521035 -5.76994e-15  -0.00230616 -2.21042e-15 -0.000756337 -6.01624e-16 -0.000166175 -9.09715e-17 -1.40156e-05  5.68527e-18   5.4666e-06  5.99044e-18  2.63192e-06  7.64539e-19  5.63592e-07 -2.21902e-19  6.66272e-08 -4.31383e-20  3.67689e-09  1.51244e-20
-0.000112461 -3.35425e-16 -0.000217668 -6.77156e-17  0.000355636  1.43732e-15   0.00135335  2.30032e-15  0.000892894  -4.8014e-16  -0.00187007 -5.26189e-15  -0.00388097 -5.13846e-15  -0.00115751  2.90195e-15    0.0048255  1.09917e-14   0.00702439  8.06082e-15   0.00118337 -5.64117e-15  -0.00776479 -1.65557e-14   -0.0103406 -1.23999e-14  -0.00305111  4.12533e-15   0.00780347   1.8446e-14    0.0128909  1.89987e-14   0.00869535  6.78216e-15 -0.000679929 -8.30462e-15  -0.00864913  -1.7341e-14   -0.0116031  -1.8096e-14   -0.0101143 -1.36599e-14  -0.00674389 -8.15227e-15  -0.00362965 -3.97646e-15  -0.00161127 -1.60224e-15 -0.000593277 -5.32329e-16 -0.000179985 -1.45377e-16  -4.4094e-05 -3.28067e-17 -8.39142e-06 -6.17172e-18 -1.15545e-06 -9.11984e-19 -9.96196e-08 -4.88786e-20 -3.47198e-09
 -1.2887e-16 -0.000183026 -4.28669e-16 -0.000238767 -1.26928e-17  0.000441939  1.60056e-15   0.00140954  2.22054e-15  0.000714927 -9.06774e-16  -0.00212576 -5.45778e-15   -0.0037755 -4.57181e-15 -0.000634691  3.76708e-15   0.00520026  1.10993e-14     0.006733   7.1116e-15  0.000448336  -6.7486e-15  -0.00823493 -1.68135e-14   -0.0101966 -1.18114e-14  -0.00258874  4.85552e-15   0.00819721  1.89987e-14    0.0132446  1.96959e-14   0.00925364   7.8721e-15  6.64632e-05 -7.14337e-15  -0.00803932 -1.66625e-14   -0.0113974 -1.80979e-14   -0.0102745 -1.40744e-14  -0.00703408 -8.59212e-15  -0.00385505 -4.24199e-15  -0.00172005 -1.70246e-15 -0.000624277 -5.50976e-16 -0.000181702 -1.41953e-16 -4.11932e-05 -2.87345e-17 -6.90686e-06 -4.54683e-18  -7.7722e-07  -4.9395e-19 -4.67494e-08  2.11413e-21
-4.06266e-05 -1.96919e-16  -0.00023362 -4.92143e-16 -0.000238378  8.15523e-17  0.000546637  1.76233e-15   0.00143824  2.06313e-15  0.000485438 -1.38745e-15  -0.00238085 -5.59227e-15  -0.00360412 -3.88526e-15  -5.1409e-05  4.67752e-15    0.0055602  1.11203e-14   0.00636087  6.02028e-15 -0.000363839 -7.94381e-15  -0.00873264 -1.70721e-14    -0.010027 -1.11415e-14  -0.00204793  5.74281e-15   0.00869535  1.96959e-14    0.0136536  2.04253e-14   0.00982033  9.04967e-15  0.000990402 -5.36411e-15  -0.00677786 -1.44692e-14  -0.00998517 -1.58535e-14  -0.00894635 -1.21328e-14  -0.00597676 -7.17184e-15  -0.00314747  -3.3733e-15  -0.00132752 -1.26599e-15  -0.00044693 -3.74868e-16 -0.000117892 -8.60512e-17 -2.34787e-05  -1.5126e-17 -3.29708e-06 -2.03828e-18 -2.83553e-07 -1.43288e-19 -9.68065e-09
-1.26885e-17 -5.79161e-05 -2.56899e-16 -0.000279142 -5.31073e-16  -0.00021136  2.20627e-16  0.000664939  1.90482e-15   0.00142866  1.82066e-15  0.000207892 -1.90633e-15  -0.00262188 -5.64213e-15  -0.00335383  -3.0666e-15  0.000591657  5.61675e-15    0.0058876  1.10205e-14   0.00588762  4.75956e-15  -0.00126644  -9.2359e-15  -0.00925291 -1.72979e-14  -0.00979513 -1.03227e-14  -0.00139953  6.78216e-15   0.00925364  2.04253e-14    0.0140631  2.12148e-14    0.0105399  1.07987e-14   0.00253778 -2.10574e-15  -0.00432557 -1.00438e-14    -0.007092 -1.12704e-14  -0.00629058 -8.38248e-15  -0.00403068 -4.70315e-15  -0.00199686 -2.05957e-15 -0.000778714 -7.04645e-16 -0.000237811 -1.85572e-16 -5.55365e-05 -3.69241e-17 -9.45149e-06 -5.64649e-18 -1.06657e-06 -6.54811e-19 -6.36977e-08 -4.69516e-21
 1.21737e-05 -1.21323e-17 -8.03336e-05  -3.2337e-16  -0.00031695  -5.3412e-16 -0.000154866  3.97039e-16  0.000787018  2.01136e-15    0.0013733  1.48886e-15 -0.000114227 -2.44631e-15  -0.00283238 -5.57757e-15  -0.00300936 -2.10559e-15   0.00128975  6.55979e-15   0.00615929   1.0755e-14   0.00528487  3.29288e-15  -0.00227005 -1.06093e-14  -0.00976577  -1.7425e-14  -0.00946764 -9.34818e-15 -0.000679929   7.8721e-15   0.00982033  2.12148e-14    0.0146153  2.25379e-14    0.0118434  1.39268e-14   0.00518319  3.17386e-15 -0.000570012 -3.64142e-15  -0.00314045 -5.36447e-15  -0.00306525 -4.09379e-15  -0.00193912 -2.21137e-15 -0.000909602 -8.98167e-16 -0.000326766  -2.7513e-16 -8.95864e-05 -6.24454e-17 -1.82021e-05 -1.05678e-17 -2.57105e-06 -1.52793e-18  -2.1987e-07 -1.38437e-19 -7.39148e-09
 3.21005e-17  2.22828e-05 -2.66817e-17 -0.000111657 -3.88835e-16 -0.000340572 -4.96614e-16   -7.086e-05  6.01111e-16  0.000903922  2.06529e-15   0.00126338  1.06296e-15 -0.000474774 -2.98179e-15  -0.00299046 -5.36399e-15  -0.00255574 -9.96539e-16   0.00203265  7.46757e-15   0.00634073  1.02621e-14   0.00452179  1.60084e-15  -0.00336356 -1.20179e-14   -0.0102424 -1.74429e-14  -0.00907321 -8.30462e-15  6.64632e-05  9.04967e-15    0.0105399  2.25379e-14     0.015736   2.5174e-14    0.0141648  1.88539e-14   0.00891798  9.94732e-15   0.00385523  3.33735e-15  0.000864854  2.18519e-16 -0.000215992 -5.49328e-16 -0.000323053 -4.09703e-16 -0.000176856 -1.68191e-16  -6.3296e-05 -4.40972e-17 -1.59484e-05 -7.41193e-18 -2.78576e-06 -1.19135e-18 -3.11058e-07 -2.94965e-19 -1.78078e-08  3.76078e-21
 1.92062e-05  5.37524e-17  2.31738e-05 -5.75721e-17 -0.000148033 -4.45695e-16 -0.000346282 -4.15877e-16  3.89304e-05  8.21901e-16   0.00100395  2.04529e-15   0.00108986  5.44084e-16 -0.000861526 -3.47739e-15  -0.00306964  -4.9632e-15  -0.00197958    2.556e-16   0.00279812  8.27886e-15   0.00638867  9.48568e-15   0.00358207 -3.11738e-16  -0.00453732 -1.34674e-14   -0.0107122 -1.74315e-14  -0.00864913 -7.14337e-15  0.000990402  1.07987e-14    0.0118434   2.5174e-14    0.0178456   2.9483e-14    0.0174242  2.48785e-14    0.0129667  1.65526e-14   0.00778075  9.00936e-15   0.00386456  4.08228e-15   0.00160957  1.55632e-15  0.000564525  5.07541e-16  0.000165896  1.45695e-16   4.0115e-05  3.68399e-17  7.68094e-06  7.12801e-18  1.08252e-06  5.73035e-19  9.68113e-08 -2.61587e-20  3.53099e-09
 2.27236e-17  3.19115e-05   6.4709e-17  1.49365e-05 -1.01889e-16 -0.000186473 -4.86973e-16 -0.000329294 -2.88566e-16  0.000170519  1.04157e-15   0.00107182  1.92928e-15  0.000846794  -5.7682e-17  -0.00125519 -3.88661e-15  -0.00303867 -4.33738e-15  -0.00127484  1.62549e-15    0.0035519  8.92549e-15   0.00626494  8.38087e-15   0.00244302  -2.4937e-15  -0.00583912 -1.50545e-14   -0.0112155  -1.7341e-14  -0.00803932 -5.36411e-15   0.00253778  1.39268e-14    0.0141648   2.9483e-14    0.0208411  3.46818e-14    0.0207691  3.01918e-14    0.0160721  2.10016e-14     0.010122  1.20149e-14   0.00528171   5.7077e-15   0.00229071  2.25307e-15  0.000819577  7.37568e-16  0.000237574  1.98873e-16  5.40609e-05  4.26183e-17  9.15415e-06  6.23786e-18  1.04544e-06  3.66406e-19  6.40767e-08  2.18797e-20
 8.19082e-06  3.85691e-17  4.11597e-05  6.45846e-17 -2.64399e-06 -1.57359e-16 -0.000222533 -5.02312e-16 -0.000284678 -1.15829e-16  0.000315395  1.23588e-15   0.00109058  1.69747e-15  0.000533044 -7.19775e-16  -0.00162727 -4.15156e-15  -0.00286501 -3.45734e-15   -0.0004445  3.07644e-15   0.00425727  9.33514e-15   0.00591581  6.83887e-15   0.00101916 -5.09425e-15  -0.00733476 -1.67582e-14   -0.0116031 -1.66625e-14  -0.00677786 -2.10574e-15   0.00518319  1.88539e-14    0.0174242  3.46818e-14    0.0238463  3.88997e-14    0.0229061  3.27858e-14    0.0171801  2.20703e-14    0.0104415   1.2131e-14   0.00520682  5.47525e-15   0.00212829  2.02451e-15  0.000704928  6.08928e-16  0.000184885  1.46293e-16  3.69019e-05  2.64005e-17  5.22609e-06  2.88969e-18  4.55613e-07  1.14358e-19  1.58385e-08
 5.30463e-18  1.47115e-05  5.31449e-17  4.60992e-05  5.08237e-17  -2.9448e-05 -2.18024e-16 -0.000249483 -4.80925e-16 -0.000209854  9.46036e-17  0.000460563  1.37519e-15   0.00104257  1.33575e-15  0.000155476 -1.40305e-15  -0.00194012 -4.20623e-15   -0.0025154 -2.29609e-15  0.000506236  4.55921e-15   0.00485375  9.35558e-15   0.00521305  4.62784e-15 -0.000809845 -8.17237e-15  -0.00891196  -1.8096e-14   -0.0113974 -1.44692e-14  -0.00432557  3.17386e-15   0.00891798  2.48785e-14    0.0207691  3.88997e-14    0.0255589  4.01365e-14    0.0228234  3.15897e-14    0.0160095  1.98715e-14   0.00907553  1.01553e-14   0.00419079  4.22712e-15   0.00156911   1.4261e-15  0.000468937   3.8522e-16  0.000108615  8.07375e-17  1.85197e-05  1.18681e-17  2.11086e-06  8.98547e-19  1.28201e-07  3.63416e-20
 1.56988e-07  1.10703e-17   2.2188e-05  6.45132e-17  4.44675e-05  2.20082e-17 -6.30614e-05  -2.7437e-16  -0.00025983 -4.14067e-16  -0.00010562  3.27029e-16  0.000587919   1.4253e-15  0.000911757  8.40954e-16  -0.00026833 -2.04877e-15   -0.0021442 -3.96718e-15  -0.00194904 -8.30643e-16   0.00154842  5.93463e-15   0.00519316  8.67759e-15    0.0039648  1.55518e-15  -0.00301214 -1.13407e-14   -0.0101143 -1.80979e-14  -0.00998517 -1.00438e-14 -0.000570012  9.94732e-15    0.0129667  3.01918e-14    0.0229061  4.01365e-14    0.0249856  3.74192e-14    0.0203584  2.70003e-14      0.01312   1.5603e-14   0.00682492  7.30034e-15   0.00287488  2.76362e-15  0.000971964  8.39473e-16  0.000258224  2.00696e-16  5.18847e-05  3.58419e-17  7.35993e-06  4.06145e-18  6.40067e-07   1.9712e-19  2.21228e-08
-2.19134e-18  1.60419e-06  1.96829e-17  2.94357e-05  6.89337e-17  3.46216e-05 -2.03383e-17 -9.89424e-05  -3.1446e-16 -0.000246151 -2.97091e-16  2.20597e-05  5.55384e-16  0.000674197  1.35025e-15  0.000686819   2.2757e-16 -0.000703762 -2.56302e-15  -0.00216764 -3.32949e-15  -0.00113563  8.82331e-16   0.00256065  6.87439e-15   0.00502758  6.95563e-15    0.0020848 -2.17444e-15  -0.00521035 -1.36599e-14   -0.0102745 -1.58535e-14    -0.007092 -3.64142e-15   0.00385523  1.65526e-14    0.0160721  3.27858e-14    0.0228234  3.74192e-14    0.0220075  3.13048e-14    0.0162243  2.05221e-14   0.00951839  1.07958e-14   0.00450214  4.58372e-15   0.00171378  1.56419e-15  0.000517752  4.23496e-16  0.000120687  8.82469e-17  2.06358e-05  1.29725e-17  2.35191e-06   1.0426e-18    1.425e-07  3.87651e-20
-1.76082e-06 -1.96806e-18  4.97029e-06   2.9703e-17  3.43961e-05  6.30836e-17  1.61922e-05  -7.1427e-17  -0.00013036  -3.2468e-16 -0.000202632 -1.33367e-16   0.00015974  7.41421e-16  0.000691705  1.11773e-15  0.000368681 -4.51525e-16  -0.00108335 -2.80048e-15  -0.00192549 -2.23163e-15 -0.000124552  2.58677e-15   0.00329045  6.92629e-15   0.00414828   4.1485e-15 -0.000194092 -5.76994e-15  -0.00674389 -1.40744e-14  -0.00894635 -1.12704e-14  -0.00314045  3.33735e-15   0.00778075  2.10016e-14    0.0171801  3.15897e-14    0.0203584  3.13048e-14    0.0173922  2.34618e-14      0.01156  1.39098e-14   0.00614177  6.62394e-15   0.00262497  2.53635e-15  0.000896162  7.74548e-16  0.000239548  1.84977e-16  4.82917e-05  3.28975e-17  6.85757e-06  3.77217e-18  5.95939e-07  1.95737e-19  2.05522e-08
-2.47839e-18 -2.27284e-06  9.38085e-19  9.75342e-06  3.85209e-17  3.48534e-05  4.48427e-17 -9.26523e-06 -1.22219e-16  -0.00014863 -2.92419e-16 -0.000127987   6.0358e-17   0.00028392  8.34668e-16  0.000613475  7.19471e-16 -1.01336e-05 -1.07522e-15  -0.00130317 -2.60696e-15  -0.00138096 -7.84766e-16  0.000892192  3.82872e-15   0.00345033  5.81067e-15   0.00260415  7.79648e-16  -0.00230616 -8.15227e-15  -0.00703408 -1.21328e-14  -0.00629058 -5.36447e-15  0.000864854  9.00936e-15     0.010122  2.20703e-14    0.0160095  2.70003e-14    0.0162243  2.34618e-14    0.0123238  1.57576e-14   0.00737417  8.42632e-15   0.00353511   3.6174e-15   0.00135799  1.24251e-15  0.000412714   3.3703e-16  9.65459e-05  7.00641e-17  1.65358e-05   1.0295e-17  1.88497e-06  8.48417e-19  1.14093e-07  3.06601e-20
 -1.1086e-06 -3.62435e-18 -1.51611e-06   6.2854e-18  1.47818e-05  4.27569e-17  2.89365e-05  1.48567e-17 -3.73307e-05 -1.59436e-16 -0.000144784 -2.11591e-16 -3.00031e-05  2.47819e-16  0.000361252  7.85652e-16  0.000431326  2.08921e-16 -0.000369224 -1.46702e-15  -0.00126683 -1.93969e-15 -0.000623026  6.68985e-16   0.00162557  4.18126e-15   0.00291938  3.72266e-15  0.000784567 -2.21042e-15  -0.00362965 -8.59212e-15  -0.00597676 -8.38248e-15  -0.00306525  2.18519e-16   0.00386456  1.20149e-14    0.0104415  1.98715e-14      0.01312  2.05221e-14      0.01156  1.57576e-14   0.00783343  9.49113e-15   0.00421581  4.56831e-15   0.00181763   1.7614e-15   0.00062417  5.39748e-16  0.000167461  1.28886e-16  3.38284e-05  2.28729e-17  4.80739e-06  2.63678e-18  4.17659e-07  1.41289e-19  1.43877e-08
-1.10006e-18 -1.77973e-06 -3.38301e-18  6.09122e-07  1.28344e-17  1.82141e-05  3.91032e-17  1.62531e-05 -2.16029e-17 -6.05178e-05 -1.68273e-16 -0.000113597 -9.16237e-17  7.00922e-05  3.75784e-16  0.000360449  5.81297e-16  0.000179611 -2.83489e-16 -0.000601462 -1.48668e-15 -0.000962791 -9.66264e-16  0.000131011  1.69258e-15   0.00185226  3.54679e-15   0.00187516  1.32672e-15 -0.000756337 -3.97646e-15  -0.00385505 -7.17184e-15  -0.00403068 -4.09379e-15 -0.000215992  4.08228e-15   0.00528171   1.2131e-14   0.00907553   1.5603e-14   0.00951839  1.39098e-14   0.00737417  9.49113e-15    0.0044689  5.12889e-15   0.00216072  2.21734e-15   0.00083482  7.64836e-16  0.000254672  2.07762e-16  5.97111e-05  4.31429e-17  1.02385e-05  6.33629e-18  1.16738e-06  5.28924e-19  7.06217e-08  1.89274e-20
-3.65919e-07 -1.94539e-18 -1.91951e-06  -1.3796e-18  3.64294e-06  1.81735e-17  1.80586e-05  2.62136e-17   -8.295e-07 -5.40859e-17 -7.00892e-05 -1.39771e-16  -5.9753e-05  3.62605e-17  0.000141401  3.98157e-16  0.000275647  2.77346e-16 -6.45536e-05  -6.0237e-16 -0.000635431 -1.14151e-15 -0.000502101 -1.65949e-17  0.000644608  2.01352e-15   0.00156596  2.26125e-15  0.000716865 -6.01624e-16  -0.00161127 -4.24199e-15  -0.00314747 -4.70315e-15  -0.00193912 -5.49328e-16   0.00160957   5.7077e-15   0.00520682  1.01553e-14   0.00682492  1.07958e-14   0.00614177  8.42632e-15   0.00421581  5.12889e-15   0.00228818  2.48607e-15  0.000992189  9.62943e-16  0.000342016   2.9578e-16  9.19834e-05  7.06411e-17   1.8607e-05   1.2521e-17  2.64572e-06  1.44731e-18  2.29832e-07  7.89614e-20  7.91232e-09
-2.65883e-19 -7.33265e-07 -2.31463e-18 -1.25146e-06  1.99462e-18  6.42302e-06  1.94844e-17  1.33248e-05  6.81407e-18 -1.68525e-05  -7.0228e-17 -6.09548e-05 -8.04334e-17 -4.37819e-07  1.28733e-16  0.000159918  3.10873e-16  0.000140351 -1.58631e-17 -0.000220185 -6.63214e-16 -0.000488769 -6.05726e-16 -6.47511e-05  6.03595e-16   0.00080233  1.68805e-15  0.000980852  8.93111e-16 -0.000166175 -1.60224e-15  -0.00172005  -3.3733e-15  -0.00199686 -2.21137e-15 -0.000323053  1.55632e-15   0.00229071  5.47525e-15   0.00419079  7.30034e-15   0.00450214  6.62394e-15   0.00353511  4.56831e-15   0.00216072  2.48607e-15   0.00105068  1.07985e-15  0.000407501  3.73548e-16  0.000124626  1.01584e-16  2.92652e-05  2.10829e-17  5.02196e-06  3.09511e-18  5.72706e-07  2.60208e-19  3.46367e-08  9.29886e-21
-5.73971e-08 -6.41812e-19 -9.53786e-07 -1.79141e-18  1.15943e-07  5.35549e-18  7.50988e-06  1.52748e-17  5.25448e-06 -1.20076e-17 -2.54887e-05 -6.34739e-17 -3.67875e-05 -1.36258e-17  4.22998e-05  1.56376e-16  0.000126323   1.6292e-16   1.1846e-05  -1.9733e-16 -0.000252783 -5.07584e-16 -0.000258903 -1.15172e-16  0.000207481  7.84895e-16  0.000663222  1.03316e-15  0.000387275 -9.09715e-17 -0.000593277 -1.70246e-15  -0.00132752 -2.05957e-15 -0.000909602 -4.09703e-16  0.000564525  2.25307e-15   0.00212829  4.22712e-15   0.00287488  4.58372e-15   0.00262497   3.6174e-15   0.00181763  2.21734e-15  0.000992189  1.07985e-15  0.000431883  4.19553e-16  0.000149256  1.29086e-16  4.02076e-05  3.08371e-17  8.14113e-06  5.46181e-18  1.15805e-06  6.32182e-19  1.00597e-07   3.4868e-20  3.46188e-09
-1.46328e-20  -1.9575e-07 -9.15641e-19 -8.14048e-07 -4.36644e-19  1.56638e-06  6.92995e-18  6.15142e-06  7.05088e-18 -2.73023e-06 -2.24636e-17 -2.38319e-05 -3.91879e-17 -9.28078e-06  3.36263e-17  5.57089e-05  1.24061e-16  6.66082e-05  2.60347e-17 -6.46002e-05 -2.35804e-16 -0.000190993 -2.65686e-16 -5.73457e-05  1.73592e-16  0.000282107  6.35577e-16  0.000393338  4.03964e-16 -1.40156e-05 -5.32329e-16 -0.000624277 -1.26599e-15 -0.000778714 -8.98167e-16 -0.000176856  5.07541e-16  0.000819577  2.02451e-15   0.00156911  2.76362e-15   0.00171378  2.53635e-15   0.00135799   1.7614e-15   0.00083482  9.62943e-16  0.000407501  4.19553e-16  0.000158455  1.45413e-16  4.85429e-05  3.95758e-17   1.1411e-05   8.2113e-18  1.95923e-06  1.20502e-18  2.23467e-07   1.0171e-19  1.35129e-08  3.64779e-21
