 2.44513e-33 -2.67289e-36 -5.02181e-34  8.91336e-36 -2.15251e-34   -4.971e-36 -2.10183e-32 -2.87765e-35  3.60631e-31  3.57599e-35 -4.61944e-30  1.02374e-35  4.70346e-29  4.68257e-36 -3.91887e-28  5.24485e-36  2.72627e-27 -1.38223e-37 -1.60684e-26  9.15009e-37  8.10969e-26  2.95205e-36 -3.53208e-25 -1.22005e-35  1.33486e-24  5.31939e-35 -4.39317e-24 -2.27986e-34  1.26146e-23   8.7938e-34 -3.16101e-23  -3.0441e-33  6.90194e-23  9.48313e-33 -1.30848e-22 -2.65944e-32  2.14063e-22  6.70431e-32 -2.99233e-22 -1.51358e-31  3.51828e-22  3.03689e-31 -3.38822e-22 -5.33478e-31  2.54095e-22  7.94897e-31 -1.31115e-22 -9.25711e-31  2.49473e-23  5.90323e-31  2.64195e-23  7.19676e-31 -2.64494e-23   -3.565e-30  7.10502e-24  8.29683e-30  4.52104e-24 -1.47304e-29 -3.98342e-24  2.19376e-29  1.48209e-25 -2.83609e-29  1.00186e-24   3.2314e-29 -2.61365e-25 -3.26798e-29 -1.90167e-25  2.94289e-29   8.0085e-26 -2.36316e-29  3.34546e-26  1.69432e-29 -1.65416e-26 -1.08787e-29 -6.13169e-27   6.3003e-30  2.53717e-27 -3.33814e-30  1.12749e-27  1.65398e-30 -2.57433e-28 -7.84221e-31 -1.79059e-28  3.58657e-31  6.63569e-30  -1.5483e-31  2.07095e-29  5.99548e-32  2.78133e-30 -1.92445e-32 -1.36693e-30  4.38065e-33  -4.7537e-31 -2.86863e-34  7.61868e-33 -2.96749e-34  3.13453e-32   1.6275e-34   5.5861e-33 -4.49851e-35 -4.29425e-34  6.50189e-36 -3.06596e-34 -7.27819e-38 -3.99538e-35 -9.05705e-38  1.94884e-36 -2.04675e-38  1.23614e-36  1.17154e-38   1.4704e-37 -1.03982e-39  1.76984e-39 -2.68517e-40  -1.3544e-39  5.78707e-41 -1.55374e-40 -7.84219e-43  -5.5488e-42 -5.00299e-43     3.98e-44  1.87047e-44  1.54207e-44  9.36794e-46  2.96687e-46 -1.31073e-47
-2.67289e-36  4.32904e-33 -1.34925e-35 -2.31535e-33  2.77534e-35  5.38169e-32 -8.57879e-36 -1.09042e-30 -5.93361e-35  1.59706e-29  8.54781e-35 -1.82187e-28  1.83975e-35  1.67852e-27  1.10486e-35 -1.27952e-26  1.39209e-35  8.20966e-26  2.18859e-36 -4.48922e-25 -5.46856e-36  2.11129e-24  4.41734e-35 -8.59639e-24 -2.17308e-34  3.04396e-23  9.84941e-34 -9.39959e-23 -4.03207e-33  2.53396e-22  1.48444e-32 -5.96019e-22 -4.92408e-32  1.22021e-21  1.47435e-31 -2.16418e-21 -3.98704e-31  3.29986e-21   9.7315e-31 -4.27301e-21 -2.13867e-30  4.60663e-21  4.21064e-30  -3.9924e-21 -7.35572e-30  2.58543e-21  1.11904e-29 -1.00087e-21 -1.42314e-29 -8.39842e-23  1.34721e-29   4.0856e-22 -4.57193e-30 -2.34288e-22 -1.68863e-29  2.19831e-26  5.30879e-29  7.04397e-23 -1.01503e-28 -2.75655e-23  1.53808e-28 -1.02464e-23 -1.97599e-28  9.72296e-24  2.20855e-28  5.46467e-25 -2.17178e-28 -2.30403e-24  1.88777e-28  1.08551e-25 -1.45283e-28  4.58521e-25  9.90717e-29 -2.71889e-26 -5.99984e-29 -8.10514e-26  3.25035e-29  1.72034e-28 -1.60233e-29  1.22318e-26  7.41078e-30  1.26381e-27 -3.33544e-30 -1.39901e-27  1.48561e-30 -3.49138e-28 -6.37594e-31  9.21651e-29  2.47549e-31  4.91351e-29  -7.9794e-32  9.77635e-31  1.83832e-32  -3.5732e-30  -1.4442e-33 -7.47949e-31 -1.03565e-33  6.83205e-32  5.68544e-34  5.16408e-32 -1.44494e-34  6.67244e-33  1.51966e-35 -7.31125e-34  1.86406e-36 -3.38509e-34 -6.00743e-37 -3.69691e-35 -7.20207e-38  1.39237e-36  4.58789e-38  8.12028e-37 -4.14978e-39  8.48066e-38 -8.22295e-40  2.03616e-39   1.6585e-40 -3.67762e-40  -9.6899e-43 -3.38643e-41 -1.18574e-42  -1.3679e-42  2.66286e-44 -3.20535e-45  1.53489e-45  1.95955e-46
-5.02181e-34 -1.34925e-35   7.4284e-33 -4.05717e-35 -8.96161e-32  4.82675e-35  2.14228e-30 -2.77921e-36 -3.63124e-29 -7.70435e-35  4.68086e-28  1.40452e-34 -4.79694e-27  2.05438e-35  4.02356e-26   1.4315e-35 -2.81879e-25  2.15819e-35  1.67365e-24  2.06918e-35 -8.51248e-24 -1.06114e-34  3.73784e-23  5.91604e-34 -1.42482e-22 -2.85883e-33  4.73204e-22  1.24164e-32 -1.37193e-21 -4.84529e-32  3.47331e-21  1.70379e-31 -7.66767e-21 -5.41162e-31    1.471e-20  1.55522e-30 -2.43783e-20 -4.04725e-30  3.45699e-20  9.53515e-30 -4.13137e-20 -2.03055e-29  4.05645e-20  3.89487e-29 -3.11962e-20 -6.68457e-29  1.67682e-20  1.01383e-28  -3.7544e-21 -1.32572e-28 -2.96545e-21  1.41092e-28  3.34469e-21 -1.00706e-28 -1.04471e-21 -1.29001e-29  -5.0165e-22  2.08255e-28  5.26166e-22 -4.65459e-28 -4.88008e-23  7.33733e-28  -1.2569e-22 -9.45071e-28   4.1438e-23  1.04074e-27  2.25651e-23 -9.97523e-28 -1.20846e-23  8.38034e-28  -3.7885e-24 -6.18363e-28   2.5134e-24  4.00768e-28  6.98325e-25 -2.28357e-28 -4.04236e-25  1.15117e-28 -1.36886e-25 -5.23433e-29  4.64283e-26  2.23672e-29  2.37286e-26 -9.50578e-30 -2.50241e-27  4.14166e-30 -3.03569e-27 -1.78382e-30 -2.48413e-28  6.99735e-31  2.33513e-28 -2.27432e-31  6.33007e-29  5.29573e-32 -4.97279e-30 -4.59622e-33  -5.0058e-30 -2.61403e-33 -6.84417e-31  1.43349e-33  1.11891e-31 -3.35797e-34  4.90949e-32  2.20143e-35  4.89903e-33  9.04125e-36 -5.85725e-34 -2.06139e-36 -2.09677e-34 -1.73044e-37 -2.01477e-35  1.18474e-37  3.59496e-37 -1.03883e-38  2.61991e-37 -1.78319e-39   2.4607e-38  3.23513e-40  6.85546e-40  6.17493e-43 -2.87343e-41 -1.85279e-42 -2.92049e-42  2.04051e-44 -4.66452e-44   1.2205e-45
 8.91336e-36 -2.31535e-33 -4.05717e-35  1.10822e-31 -9.07131e-35 -3.12053e-30  4.94721e-35  6.23113e-29  1.66598e-35 -9.17389e-28 -7.30609e-35  1.05318e-26  1.86714e-34 -9.76816e-26  1.54593e-35  7.49854e-25  1.15636e-35 -4.84669e-24 -8.95676e-37  2.67082e-23  2.18794e-34 -1.26634e-22 -1.25142e-33  5.20041e-22  6.47413e-33 -1.85818e-21 -2.98179e-32  5.79319e-21  1.23227e-31 -1.57772e-20 -4.58378e-31  3.75155e-20  1.53956e-30 -7.77066e-20 -4.68006e-30  1.39577e-19  1.28977e-29 -2.15801e-19 -3.22532e-29  2.83827e-19  7.31918e-29 -3.11551e-19  -1.5057e-28  2.76059e-19  2.80093e-28 -1.84415e-19 -4.68869e-28  7.60964e-20  7.00066e-28  1.82075e-21 -9.16915e-28 -2.80786e-20  1.01742e-27  1.77529e-20 -8.73142e-28 -9.88566e-22  3.77648e-28 -4.94468e-21  4.88438e-28  2.27083e-21  -1.6088e-27  6.10975e-22  2.73783e-27 -7.55054e-22  -3.5783e-27  5.81738e-24  3.90305e-27  1.74579e-22 -3.65628e-27 -1.94772e-23  2.97309e-27 -3.46042e-23 -2.10432e-27  4.40642e-24  1.29534e-27  6.24989e-24 -6.92678e-28 -4.24295e-25  3.23035e-28  -9.9142e-25 -1.34017e-28 -4.19241e-26  5.21652e-29  1.23344e-25 -2.07797e-29  2.26028e-26  8.92324e-30 -9.68847e-27 -3.90864e-30 -3.85172e-27  1.56447e-30   1.5092e-28 -5.16113e-31  3.27975e-28  1.21992e-31  5.22912e-29 -1.14066e-32 -9.74548e-30 -5.45932e-33 -4.61708e-30  3.01126e-33 -4.30655e-31 -6.59746e-34  9.83382e-32   2.0887e-35  3.11346e-32  2.53114e-35   2.5787e-33 -5.08347e-36 -2.64359e-34 -3.18404e-37 -8.11601e-35  2.36268e-37 -6.96537e-36  -1.9629e-38 -2.35186e-38 -3.12175e-39  4.43934e-38   4.9364e-40  3.42433e-39   4.4028e-42  9.86309e-41 -2.14723e-42  -6.9354e-43  6.87354e-45 -2.71646e-44
-2.15251e-34  2.77534e-35 -8.96161e-32 -9.07131e-35  3.53185e-30 -1.65191e-34 -8.49159e-29  1.84133e-35   1.4475e-27  4.03754e-35 -1.87774e-26 -5.70571e-35  1.93719e-25  2.15078e-34 -1.63627e-24  2.08708e-36  1.15477e-23  3.70585e-35  -6.9095e-23  -3.2108e-34  3.54289e-22  2.21067e-33 -1.56902e-21  -1.2151e-32  6.03502e-21  5.94466e-32  -2.0235e-20 -2.60118e-31  5.92618e-20  1.02297e-30 -1.51656e-19 -3.62844e-30  3.38675e-19  1.16414e-29 -6.57856e-19 -3.38603e-29  1.10512e-18   8.9428e-29 -1.59081e-18 -2.14672e-28  1.93381e-18    4.685e-28 -1.93745e-18 -9.28978e-28   1.5293e-18  1.67059e-27 -8.56599e-19 -2.71472e-27   2.2093e-19  3.96003e-27   1.2932e-19 -5.12324e-27 -1.68179e-19  5.74131e-27  6.04554e-20 -5.28144e-27  2.12324e-20  3.35937e-27 -2.75662e-20  1.02655e-29  4.15448e-21  -4.2712e-27  6.19355e-21  8.42035e-27 -2.55014e-21 -1.13587e-26 -1.02712e-21  1.23511e-26  7.14806e-22 -1.13428e-26  1.58783e-22  8.94078e-27 -1.49498e-22 -6.07299e-27 -2.91264e-23  3.54803e-27  2.50393e-23  -1.7758e-27  6.23967e-24  7.61069e-28 -3.16452e-24 -2.84132e-28 -1.20996e-24  9.86771e-29  2.34718e-25 -3.64277e-29  1.73206e-25  1.56155e-29  4.25619e-27 -7.08846e-30 -1.53642e-26  2.93117e-30 -3.18028e-27 -9.90987e-31   5.3378e-28  2.40198e-31  3.10033e-28 -2.43329e-32  2.93946e-29 -9.84796e-33 -9.65886e-30  5.56012e-33 -3.04094e-30 -1.16802e-33 -2.05115e-31   1.0875e-35  5.44782e-32  5.30059e-35  1.37363e-32 -1.01165e-35  1.01016e-33  -4.5911e-37 -6.75508e-35  3.89171e-37 -1.93841e-35 -3.03042e-38 -1.49333e-36 -4.62328e-39 -2.32411e-38  6.20296e-40  3.22434e-39  9.07347e-42   2.0156e-40 -1.88483e-42  2.81583e-42 -1.76198e-45
  -4.971e-36  5.38169e-32  4.82675e-35 -3.12053e-30 -1.65191e-34  9.39576e-29 -2.53935e-34 -1.88737e-27 -2.98096e-35  2.79645e-26  5.02832e-35 -3.23184e-25 -4.76371e-35  3.01855e-24  2.26387e-34 -2.33425e-23 -6.50205e-35   1.5204e-22  4.54389e-34 -8.44639e-22 -3.30767e-33    4.039e-21  1.95642e-32 -1.67362e-20 -1.01713e-31  6.03701e-20  4.71707e-31 -1.90112e-19 -1.96178e-30  5.23304e-19  7.34719e-30 -1.25858e-18  -2.4861e-29  2.63902e-18  7.62076e-29 -4.80354e-18 -2.12062e-28  7.53566e-18  5.36512e-28 -1.00738e-17 -1.23532e-27  1.12678e-17  2.58959e-27 -1.02166e-17 -4.94082e-27  7.04582e-18  8.56876e-27 -3.09417e-18  -1.3471e-26  1.02317e-19  1.91006e-26  1.02304e-18 -2.42039e-26 -7.17592e-19  2.69425e-26  7.97923e-20 -2.54132e-26   1.8325e-19  1.84768e-26  -9.8989e-20 -6.55796e-27  -1.7566e-20 -8.06484e-27  3.10713e-20  2.18196e-26 -2.28958e-21 -3.11615e-26  -6.9722e-21  3.40499e-26  1.28183e-21 -3.07597e-26  1.36864e-21   2.3539e-26 -2.83563e-22 -1.53495e-26 -2.51999e-22  8.50372e-27  3.64624e-23 -3.97161e-27  4.20507e-23  1.55225e-27 -1.03738e-24 -5.12118e-28 -5.67932e-24  1.53616e-28 -6.77874e-25 -5.15232e-29  5.15728e-25  2.25593e-29   1.5482e-25 -1.09033e-29   -1.799e-26  4.73343e-30 -1.56392e-26 -1.66359e-30  -1.7309e-27  4.20091e-31   6.2872e-28 -4.70574e-32  2.13712e-28 -1.55483e-32  1.15483e-29   9.2357e-33 -6.23103e-30 -1.91534e-33 -1.48027e-30  2.43693e-36 -7.99575e-32  9.07833e-35  1.97027e-32  -1.7221e-35  4.19927e-33 -4.97619e-37  2.83258e-34  5.49518e-37 -8.12152e-36 -3.99143e-38 -2.69178e-36 -5.91517e-39 -1.71171e-37  6.55184e-40 -3.49912e-39  1.22175e-41  7.13947e-41 -1.21312e-42  1.85814e-42
-2.10183e-32 -8.57879e-36  2.14228e-30  4.94721e-35 -8.49159e-29 -2.53935e-34  2.05932e-27  -3.3396e-34  -3.5328e-26 -5.74872e-35   4.6135e-25   3.5712e-35 -4.79294e-24 -5.98713e-35   4.0782e-23  2.73525e-34 -2.90033e-22 -6.22117e-34  1.74946e-21  4.30965e-33 -9.04697e-21 -2.75404e-32  4.04257e-20  1.52467e-31 -1.56965e-19 -7.50316e-31  5.31572e-19  3.30319e-30 -1.57337e-18 -1.30697e-29  4.07203e-18  4.66514e-29 -9.20407e-18 -1.50673e-28  1.81127e-17  4.41398e-28 -3.08619e-17 -1.17511e-27  4.51287e-17  2.84711e-27 -5.58439e-17 -6.28395e-27  5.71376e-17  1.26409e-26 -4.63302e-17 -2.31742e-26  2.70523e-17  3.86844e-26  -7.9088e-18 -5.86807e-26 -3.34697e-18   8.0575e-26  5.19866e-18 -9.94433e-26 -2.13598e-18  1.08872e-25 -5.14849e-19 -1.03005e-25  8.85305e-19  7.92136e-26 -1.88018e-19 -4.01852e-26 -1.84452e-19 -5.89787e-27  9.48028e-20  4.77483e-26  2.71131e-20 -7.52267e-26  -2.5676e-20  8.34444e-26 -3.54964e-21 -7.44296e-26  5.38953e-21  5.53785e-26   6.2904e-22 -3.46726e-26 -9.35285e-22   1.8192e-26 -1.57615e-22 -7.89968e-27   1.2796e-22  2.78954e-27  3.60636e-23 -7.93324e-28 -1.15736e-23  1.94207e-28 -5.91166e-24 -5.67328e-29  2.51203e-25  2.65937e-29  6.04358e-25 -1.42755e-29  8.97172e-26  6.66136e-30 -2.85489e-26 -2.48862e-30 -1.14657e-26  6.68565e-31 -5.60974e-28 -8.44785e-32  4.68052e-28 -2.14799e-32   1.1188e-28  1.39282e-32  3.34129e-30 -2.93218e-33 -2.78615e-30  1.89347e-35 -5.35238e-31  1.32726e-34 -2.61739e-32  -2.5969e-35  4.54478e-33 -3.16008e-37  8.49879e-34  6.80698e-37  5.24131e-35 -4.60054e-38 -1.16357e-37 -6.59744e-39 -1.79212e-37  5.83329e-40 -8.50196e-39  1.20382e-41   -1.073e-40 -5.02718e-43
-2.87765e-35 -1.09042e-30 -2.77921e-36  6.23113e-29  1.84133e-35 -1.88737e-27  -3.3396e-34  3.81594e-26   -3.789e-34 -5.69178e-25 -3.26513e-35  6.62408e-24   6.3177e-36 -6.23239e-23 -1.39513e-34  4.85667e-22  8.18289e-34 -3.18898e-21 -5.13633e-33  1.78666e-20   3.4237e-32  -8.6202e-20 -2.02854e-31  3.60563e-19  1.06105e-30 -1.31359e-18 -4.95129e-30  4.18036e-18  2.07197e-29 -1.16362e-17 -7.80785e-29  2.83219e-17   2.6584e-28 -6.01524e-17 -8.20024e-28   1.1102e-16  2.29666e-27  -1.7684e-16 -5.85028e-27  2.40462e-16  1.35719e-26 -2.74289e-16 -2.87007e-26  2.54709e-16  5.53575e-26 -1.81483e-16  -9.7395e-26   8.4696e-17  1.56228e-25 -7.41557e-18  -2.2816e-25 -2.47959e-17  3.02499e-25  1.94643e-17  -3.6211e-25 -3.25666e-18  3.87381e-25 -4.49082e-18 -3.63018e-25  2.87564e-18  2.85264e-25  2.67841e-19 -1.66113e-25 -8.51092e-19  3.16298e-26   1.2243e-19  8.62388e-26  1.83856e-19 -1.61558e-25 -4.93589e-20   1.8434e-25  -3.5433e-20 -1.63027e-25  1.08605e-20  1.18095e-25  6.63071e-21 -7.09741e-26 -1.59386e-21  3.51998e-26 -1.16726e-21 -1.41443e-26  1.20155e-22  4.45918e-27  1.71465e-22 -1.05396e-27  9.17329e-24  1.86903e-28 -1.77192e-23 -4.16816e-29 -3.92442e-24  2.39322e-29   9.0137e-25 -1.55024e-29  4.85728e-25  8.12772e-30  2.85963e-26 -3.35283e-30 -2.49605e-26  9.82106e-31 -6.38406e-27 -1.41134e-31  -4.3605e-29 -2.56813e-32  2.46468e-28  1.91016e-32  4.53133e-29 -4.18542e-33  8.67601e-31   9.1041e-35 -8.68227e-31  1.69549e-34 -1.40677e-31 -3.55062e-35 -6.70289e-33  1.64905e-37  6.09207e-34  7.50931e-37  1.04681e-34 -4.70693e-38  5.46199e-36 -6.42167e-39  6.12697e-38  4.32697e-40 -4.02499e-39  8.68148e-42 -7.81615e-41
 3.60631e-31 -5.93361e-35 -3.63124e-29  1.66598e-35   1.4475e-27 -2.98096e-35  -3.5328e-26   -3.789e-34  6.10116e-25 -3.73425e-34 -8.02338e-24   4.5051e-35  8.39668e-23  1.91128e-35 -7.19957e-22 -6.98706e-34  5.16159e-21  5.37594e-33 -3.13988e-20 -3.82789e-32  1.63823e-19  2.41364e-31  -7.3892e-19 -1.34581e-30  2.89759e-18  6.66771e-30 -9.91599e-18  -2.9551e-29  2.96772e-17  1.17701e-28 -7.77202e-17 -4.22881e-28  1.77908e-16  1.37461e-27 -3.54914e-16 -4.05239e-27  6.13784e-16  1.08555e-26 -9.12384e-16 -2.64639e-26  1.15019e-15  5.87802e-26 -1.20285e-15 -1.19057e-25  1.00278e-15  2.20028e-25  -6.1059e-16 -3.71116e-25  1.99823e-16  5.71189e-25  5.79753e-17 -8.01552e-25 -1.14053e-16  1.02355e-24  5.33526e-17 -1.18451e-24  7.68483e-18  1.23244e-24 -2.01109e-17 -1.13487e-24  5.62153e-18  8.94693e-25  3.80303e-18 -5.55276e-25 -2.46877e-18  1.90702e-25 -4.55555e-19  1.17719e-25  6.47352e-19 -3.10475e-25  3.72786e-20  3.70937e-25 -1.36001e-19 -3.26773e-25 -5.34442e-21  2.30717e-25  2.43544e-20 -1.32987e-25  2.21632e-21  6.21605e-26 -3.57182e-21 -2.29599e-26 -6.99068e-22  6.35608e-27  3.73725e-22 -1.17595e-27  1.37837e-22  1.03158e-28 -1.77109e-23 -1.90743e-30 -1.64128e-23  1.17363e-29 -1.47857e-24 -1.25052e-29  9.81421e-25  8.33461e-30  2.89792e-25 -4.08597e-30 -1.86315e-27  1.33963e-30 -1.51957e-26 -2.17396e-31 -2.78374e-27 -2.57839e-32  5.32789e-29  2.37327e-32  9.46275e-29 -5.55055e-33  1.41731e-29  2.45363e-34  2.64779e-31  1.91745e-34 -1.82755e-31 -4.47117e-35 -2.54673e-32  9.22123e-37 -1.18275e-33  7.44996e-37  3.82356e-35 -4.30215e-38  6.58465e-36 -5.42031e-39  2.52811e-37  2.59913e-40  2.43747e-39  4.09194e-42
 3.57599e-35  1.59706e-29 -7.70435e-35 -9.17389e-28  4.03754e-35  2.79645e-26 -5.74872e-35 -5.69178e-25 -3.73425e-34  8.54925e-24 -3.18445e-34 -1.00227e-22  1.23534e-34   9.5026e-22  4.26633e-34 -7.46483e-21 -4.88157e-33  4.94312e-20  3.80845e-32 -2.79414e-19 -2.58703e-31  1.36076e-18  1.53948e-30 -5.74807e-18 -8.11598e-30  2.11601e-17  3.81565e-29 -6.80862e-17 -1.60857e-28  1.91754e-16  6.10605e-28 -4.72591e-16 -2.09392e-27   1.0173e-15  6.50416e-27 -1.90509e-15 -1.83385e-26  3.08329e-15  4.70113e-26 -4.26784e-15 -1.09715e-25  4.96876e-15  2.33334e-25 -4.72969e-15 -4.52555e-25  3.48427e-15  8.00906e-25 -1.72576e-15  -1.2938e-24   2.4157e-16  1.90803e-24  4.40068e-16 -2.56814e-24 -3.91431e-16  3.15134e-24  8.80148e-17 -3.51581e-24  7.98635e-17  3.54494e-24 -6.15539e-17 -3.19029e-24 -8.06685e-19  2.49618e-24  1.71077e-17 -1.59569e-24 -3.78226e-18    6.769e-25 -3.51381e-18  7.39769e-26  1.31127e-18 -5.34527e-25   6.5546e-19  6.85534e-25 -2.88576e-19 -6.04656e-25 -1.24075e-19  4.16435e-25  4.59794e-20 -2.29843e-25   2.3193e-20  1.00796e-25 -4.68788e-21 -3.38832e-26 -3.73267e-21  8.02754e-27   7.3532e-23 -1.03138e-27  4.36556e-22 -5.54457e-29  6.59096e-23  5.35668e-29 -2.85623e-23 -1.04969e-29 -1.07722e-23 -3.25765e-30  1.80984e-26  6.47596e-30  6.93644e-25 -4.49897e-30  1.33531e-25  1.69392e-30 -7.67854e-27 -3.04446e-31 -6.86171e-27 -1.98859e-32 -9.67216e-28  2.64461e-32  2.81146e-29 -6.82184e-33  2.63328e-29  4.91324e-34  3.33525e-30  1.93371e-34  7.91436e-32 -5.23641e-35 -2.41083e-32  1.80463e-36 -2.89885e-33  6.68364e-37 -1.20255e-34 -3.51551e-38   2.3285e-37 -3.90619e-39  1.49367e-37  1.19337e-40  2.26599e-39
-4.61944e-30  8.54781e-35  4.68086e-28 -7.30609e-35 -1.87774e-26  5.02832e-35   4.6135e-25 -3.26513e-35 -8.02338e-24 -3.18445e-34  1.06287e-22 -2.18119e-34 -1.12088e-21 -4.88956e-35  9.68836e-21  3.69612e-33 -7.00473e-20 -3.37695e-32  4.29903e-19  2.49328e-31 -2.26402e-18 -1.59406e-30  1.03126e-17  8.96367e-30 -4.08607e-17 -4.47904e-29  1.41373e-16  2.00163e-28 -4.28055e-16 -8.03843e-28  1.13498e-15  2.91175e-27 -2.63273e-15 -9.54114e-27  5.32767e-15  2.83473e-26 -9.35801e-15 -7.65011e-26  1.41515e-14  1.87788e-25 -1.81893e-14  -4.1972e-25  1.94595e-14  8.54836e-25 -1.66936e-14 -1.58741e-24  1.06032e-14  2.68895e-24 -3.84593e-15 -4.15667e-24 -6.83508e-16  5.86604e-24  1.90832e-15 -7.55949e-24 -1.01525e-15  8.89434e-24 -5.70587e-17 -9.54158e-24  3.46961e-16  9.29513e-24  -1.2308e-16 -8.14377e-24 -5.75195e-17  6.28149e-24  4.85482e-17 -4.06147e-24  4.46063e-18  1.90898e-24 -1.23147e-17 -2.06743e-25  2.92944e-19 -8.20491e-25  2.57908e-18   1.1718e-24 -1.07877e-19 -1.04068e-24 -4.74882e-19  6.99358e-25 -5.44729e-21 -3.68607e-25  7.42333e-20  1.50635e-25  8.56705e-21 -4.53647e-26 -8.75037e-21   8.7857e-27 -2.30927e-21 -5.42341e-28  5.85688e-22 -2.34058e-28  3.29515e-22  9.92885e-29  8.63091e-24 -4.08017e-29 -2.42193e-23  1.36662e-29 -5.28458e-24  2.06652e-30  4.34571e-25 -4.44354e-30  3.60165e-25  1.96634e-30   4.8862e-26 -3.80975e-31 -4.60259e-27  -7.4255e-33 -2.33534e-27  2.58756e-32  -2.6805e-28 -7.76848e-33  6.49139e-30  8.11286e-34  5.13123e-30  1.74624e-34  5.57689e-31 -5.72815e-35  1.62073e-32  2.57491e-36 -1.72977e-33  5.42913e-37 -1.75247e-34 -2.55995e-38 -5.45355e-36 -2.33296e-39 -3.00354e-38  3.62874e-41
 1.02374e-35 -1.82187e-28  1.40452e-34  1.05318e-26 -5.70571e-35 -3.23184e-25   3.5712e-35  6.62408e-24   4.5051e-35 -1.00227e-22 -2.18119e-34  1.18404e-21 -1.40248e-35 -1.13166e-20 -2.04924e-33  8.96512e-20  2.59407e-32 -5.98938e-19 -2.15389e-31   3.4172e-18  1.49346e-30 -1.68057e-17 -9.00192e-30  7.17267e-17  4.79253e-29  -2.6694e-16 -2.27429e-28  8.68903e-16  9.67642e-28 -2.47736e-15 -3.70708e-27  6.18614e-15  1.28299e-26 -1.35049e-14 -4.02161e-26  2.56787e-14  1.14397e-25 -4.22586e-14 -2.95745e-25  5.95907e-14  6.95622e-25 -7.08707e-14 -1.48975e-24  6.92127e-14  2.90643e-24  -5.2756e-14 -5.16743e-24  2.76993e-14  8.37524e-24 -5.28354e-15 -1.23794e-23 -6.00966e-15  1.66967e-23  6.16939e-15 -2.05649e-23 -1.75707e-15  2.31489e-23 -1.07704e-15 -2.38184e-23  1.02671e-15  2.23579e-23 -6.70532e-17 -1.90138e-23 -2.65873e-16  1.43962e-23  8.23618e-17 -9.31887e-24   5.0886e-17  4.63106e-24 -2.61014e-17 -1.03426e-24 -8.95179e-18 -1.10602e-24  5.75413e-18  1.86454e-24  1.69916e-18 -1.67745e-24  -9.7308e-19  1.09958e-24 -3.42218e-19 -5.51181e-25  1.17272e-19  2.07766e-25  6.13718e-20  -5.4591e-26 -6.67607e-21  7.81623e-27 -8.15732e-21  2.54907e-28 -6.63225e-22 -3.19487e-28  6.51596e-22  9.97354e-29  1.77504e-22 -7.63781e-29  -1.4469e-23  3.85068e-29 -1.44285e-23 -4.69167e-30 -1.98672e-24 -3.87356e-30    3.236e-25  2.05184e-30  1.43125e-25 -4.15115e-31  1.45482e-26  1.03932e-32 -1.60687e-27  2.11772e-32 -5.92558e-28 -8.21511e-33 -5.78175e-29  1.15846e-33   5.7252e-31  1.41754e-34  6.53395e-31 -5.84905e-35  6.01877e-32  3.00721e-36  1.80978e-33  3.97723e-37 -4.77166e-35 -1.64879e-38 -3.97708e-36 -1.08918e-39 -4.86531e-38
 4.70346e-29  1.83975e-35 -4.79694e-27  1.86714e-34  1.93719e-25 -4.76371e-35 -4.79294e-24   6.3177e-36  8.39668e-23  1.23534e-34 -1.12088e-21 -1.40248e-35   1.1916e-20  8.08286e-34 -1.03868e-19 -1.58898e-32  7.57639e-19  1.63046e-31 -4.69328e-18  -1.2597e-30  2.49592e-17  8.21582e-30 -1.14865e-16 -4.68014e-29  4.60093e-16   2.3637e-28 -1.61025e-15 -1.06713e-27  4.93539e-15  4.32935e-27  -1.3257e-14  -1.5844e-26  3.11814e-14  5.24567e-26 -6.40507e-14 -1.57467e-25   1.1435e-13  4.29285e-25 -1.76057e-13 -1.06408e-24  2.30914e-13      2.4e-24 -2.52943e-13 -4.92777e-24  2.23483e-13  9.21268e-24 -1.48119e-13 -1.56839e-23  5.90687e-14  2.43164e-23  4.74557e-15 -3.43434e-23 -2.53964e-14  4.42158e-23  1.53971e-14 -5.19566e-23 -3.92893e-16  5.58239e-23 -4.73526e-15 -5.49463e-23  2.09304e-15  4.95694e-23  6.46735e-16 -4.08235e-23 -7.53798e-16  3.02635e-23 -2.33209e-18 -1.95016e-23  1.84259e-16  1.00074e-23  -2.0326e-17 -2.91365e-24 -3.82396e-17 -1.25868e-24  5.06283e-18  2.77934e-24   7.2135e-18 -2.54891e-24 -5.50261e-19   1.6278e-24 -1.19882e-18  -7.7149e-25 -4.06173e-20  2.64152e-25  1.57125e-19 -5.76727e-26  2.76015e-20  4.38094e-27 -1.31521e-20  1.17199e-27 -5.05421e-21 -1.64929e-28  2.62321e-22  2.54811e-29  4.54873e-22 -1.16441e-28  6.96738e-23  6.98528e-29 -1.44646e-23 -1.26738e-29 -6.52788e-24 -2.88138e-30 -5.84404e-25  1.84015e-30  1.43223e-25 -3.73191e-31  4.39469e-26  3.08217e-32  3.57912e-27  1.25003e-32 -3.60314e-28 -8.10641e-33 -1.08145e-28  1.46539e-33 -9.14573e-30  1.04258e-34 -5.33068e-32 -5.54799e-35  4.81341e-32  2.98963e-36  3.54393e-33   2.5982e-37  8.62137e-35 -9.23653e-39 -6.10966e-38 -3.43708e-40
 4.68257e-36  1.67852e-27  2.05438e-35 -9.76816e-26  2.15078e-34  3.01855e-24 -5.98713e-35 -6.23239e-23  1.91128e-35   9.5026e-22 -4.88956e-35 -1.13166e-20  8.08286e-34  1.09075e-19  5.61633e-33 -8.71776e-19 -1.00242e-31  5.87844e-18   9.3655e-31 -3.38679e-17 -6.77684e-30   1.6828e-16  4.16777e-29 -7.26041e-16 -2.24877e-28  2.73313e-15  1.07942e-27  -9.0049e-15 -4.64376e-27  2.60067e-14  1.79904e-26 -6.58387e-14 -6.29763e-26  1.45866e-13  1.99702e-25 -2.81813e-13 -5.74736e-25  4.71931e-13  1.50316e-24 -6.78531e-13 -3.57572e-24  8.25063e-13  7.73983e-24 -8.27432e-13 -1.52461e-23   6.5305e-13  2.73269e-23 -3.63087e-13 -4.45565e-23  8.72276e-14  6.60733e-23  6.47248e-14 -8.91163e-23 -7.89025e-14  1.09392e-22  2.74934e-14 -1.22408e-22  1.11577e-14  1.25222e-22 -1.38177e-14  -1.1757e-22  2.00012e-15  1.01665e-22  3.29016e-15 -8.09286e-23 -1.37282e-15  5.86686e-23 -5.66309e-16 -3.75389e-23  4.08526e-16  1.96439e-23  8.87676e-17 -6.55963e-24 -9.01555e-17 -1.06905e-24 -1.65414e-17  3.90772e-24  1.59802e-17 -3.67484e-24  3.72895e-18  2.28114e-24 -2.16194e-18 -1.01403e-24 -7.75057e-19  3.08002e-25  1.79046e-19 -5.02944e-26  1.19159e-19 -1.92549e-27  5.82683e-22   1.8818e-27 -1.13883e-20   3.5745e-28 -2.17454e-21 -1.26446e-28  4.49182e-22   -1.648e-28  2.33048e-22  1.04535e-28  1.94625e-23 -1.99073e-29 -7.88237e-24 -1.68834e-30 -2.31139e-24  1.25173e-30  -1.3956e-25 -2.33094e-31   4.3495e-26  5.02987e-32   1.0296e-26  1.18218e-33  7.17943e-28 -7.52092e-33 -4.99279e-29  1.66242e-33 -1.32781e-29  7.08204e-35 -9.57411e-31 -4.84818e-35  -1.5238e-32  2.56887e-36  1.60585e-33  1.48055e-37  8.04082e-35 -4.30847e-39  7.95551e-37
-3.91887e-28  1.10486e-35  4.02356e-26  1.54593e-35 -1.63627e-24  2.26387e-34   4.0782e-23 -1.39513e-34 -7.19957e-22  4.26633e-34  9.68836e-21 -2.04924e-33 -1.03868e-19  5.61633e-33  9.13417e-19  3.40689e-32 -6.72482e-18  -5.6983e-31  4.20657e-17  4.94919e-30 -2.26014e-16 -3.36557e-29  1.05144e-15  1.95641e-28 -4.25978e-15 -1.00188e-27  1.50893e-14  4.57846e-27 -4.68433e-14 -1.87979e-26   1.2755e-13  6.96369e-26 -3.04404e-13 -2.33464e-25  6.35163e-13  7.09915e-25 -1.15344e-12 -1.96096e-24   1.8095e-12  4.92537e-24 -2.42391e-12 -1.12548e-23  2.72109e-12  2.33999e-23 -2.47825e-12 -4.42539e-23  1.71449e-12    7.609e-23 -7.46827e-13 -1.18864e-22  4.42336e-15  1.68592e-22  2.75903e-13 -2.17045e-22  -1.9172e-13  2.53736e-22  1.98614e-14 -2.69857e-22  5.23632e-14  2.62123e-22 -2.86965e-14 -2.33998e-22 -5.15645e-15  1.93387e-22  9.50638e-15 -1.48558e-22 -8.20761e-16  1.05314e-22 -2.22211e-15 -6.69017e-23  4.62382e-16  3.54799e-23  4.52674e-16 -1.28535e-23 -1.09377e-16 -2.68955e-25 -8.71056e-17  5.22196e-24  1.58452e-17 -5.05932e-24  1.54013e-17  3.04155e-24 -8.76273e-19 -1.25461e-24 -2.23531e-18  3.25476e-25  -2.0647e-19 -2.87607e-26  2.22668e-19 -1.09402e-26  5.95543e-20  1.98883e-27 -9.66605e-21  1.29496e-27 -6.71385e-21 -3.18152e-28 -6.06296e-22 -2.30512e-28   3.0476e-22  1.38108e-28  9.25451e-23 -2.40336e-29   3.5313e-24 -5.88923e-31 -2.98214e-24  2.77776e-31 -6.45475e-25  3.35268e-33 -2.88657e-26  6.53634e-32   9.1955e-27 -1.04992e-32  1.77547e-27 -6.62815e-33   1.1032e-28   1.7005e-33 -3.62183e-30  4.62173e-35 -9.77496e-31 -3.85998e-35 -5.58322e-32  1.91394e-36 -9.46157e-34  7.07276e-38  1.26833e-35 -1.46288e-39
 5.24485e-36 -1.27952e-26   1.4315e-35  7.49854e-25  2.08708e-36 -2.33425e-23  2.73525e-34  4.85667e-22 -6.98706e-34 -7.46483e-21  3.69612e-33  8.96512e-20 -1.58898e-32 -8.71776e-19  3.40689e-32  7.03254e-18  1.90884e-31  -4.7885e-17 -2.97405e-30  2.78723e-16  2.41557e-29  -1.3999e-15 -1.54791e-28  6.10884e-15  8.52345e-28 -2.32739e-14 -4.15031e-27  7.76615e-14  1.80855e-26 -2.27339e-13 -7.09646e-26   5.8388e-13  2.51703e-25 -1.31373e-12 -8.09166e-25  2.58085e-12  2.36213e-24 -4.40154e-12  -6.2693e-24  6.45797e-12  1.51382e-23 -8.03594e-12 -3.32619e-23  8.28341e-12  6.64847e-23 -6.77443e-12 -1.20815e-22   3.9848e-12  1.99404e-22 -1.15086e-12 -2.98575e-22 -5.51905e-13   4.0511e-22  8.37921e-13 -4.97642e-22 -3.49859e-13  5.53471e-22 -8.64774e-14 -5.58339e-22  1.53497e-13  5.13378e-22 -3.50366e-14 -4.34106e-22 -3.28772e-14  3.41728e-22  1.83199e-14 -2.52983e-22  4.73464e-15  1.75595e-22 -5.18187e-15 -1.10985e-22 -5.55412e-16  5.95235e-23  1.14195e-15 -2.27306e-23   9.3026e-17  1.42048e-24 -2.10448e-16  6.69071e-24 -2.74034e-17 -6.69284e-24   3.1182e-17  3.87703e-24   7.3968e-18 -1.46348e-24 -3.19516e-18  3.03478e-25 -1.37617e-18  8.81922e-27  1.23671e-19 -2.18125e-26  1.57635e-19  1.13734e-27  1.84925e-20  2.57301e-27 -8.71814e-21 -4.72191e-28 -2.97094e-21 -3.25706e-28 -6.52406e-23  1.65927e-28  1.39099e-22  -2.3044e-29  2.92145e-23  1.31377e-31  2.90187e-25 -9.93714e-31  -8.2214e-25  3.05376e-31 -1.40544e-25  7.34563e-32 -5.41828e-27 -1.99886e-32  1.30132e-27 -5.61527e-33  2.10925e-28  1.56944e-33   1.1554e-29  3.06583e-35 -6.14016e-32 -2.76075e-35 -3.47238e-32  1.22793e-36 -1.27836e-33  2.62933e-38 -9.84941e-36
 2.72627e-27  1.39209e-35 -2.81879e-25  1.15636e-35  1.15477e-23 -6.50205e-35 -2.90033e-22  8.18289e-34  5.16159e-21 -4.88157e-33 -7.00473e-20  2.59407e-32  7.57639e-19 -1.00242e-31 -6.72482e-18  1.90884e-31  4.99944e-17  9.87887e-31 -3.15946e-16 -1.43342e-29   1.7159e-15  1.09231e-28 -8.07351e-15 -6.61168e-28  3.31025e-14  3.45553e-27  -1.1875e-13 -1.60254e-26  3.73625e-13  6.66839e-26 -1.03197e-12 -2.50383e-25  2.50071e-12  8.51311e-25 -5.30432e-12 -2.62726e-24  9.80582e-12  7.37111e-24 -1.56878e-11  -1.8818e-23  2.14819e-11  4.37295e-23 -2.47377e-11  -9.2482e-23   2.3245e-11  1.77888e-22 -1.67918e-11 -3.10876e-22  7.94654e-12    4.929e-22 -6.66559e-13 -7.07821e-22 -2.48498e-12  9.18944e-22  2.00081e-12 -1.07688e-21 -3.60635e-13  1.13832e-21 -4.74766e-13 -1.08695e-21  3.25232e-13  9.42774e-22  2.18113e-14 -7.51683e-22  -9.9139e-14  5.61299e-22  1.79869e-14 -3.99957e-22  2.18594e-14  2.72583e-22 -7.15257e-15 -1.72179e-22 -4.30075e-15  9.34609e-23  1.66656e-15 -3.70096e-23  8.38821e-16   4.2172e-24 -2.72158e-16   8.2996e-24 -1.58665e-16 -8.55532e-24  2.69499e-17  4.74468e-24  2.56264e-17 -1.61008e-24  1.03737e-19  2.32889e-25 -2.97857e-18  6.16128e-26 -5.20283e-19 -3.30818e-26  1.86275e-19  -8.7879e-28  7.89642e-20  3.99878e-27  1.60687e-21 -4.92211e-28 -4.78131e-21 -4.61028e-28 -1.02725e-21  1.84498e-28  2.99343e-23 -1.60059e-29  4.69101e-23  2.74664e-31   7.4053e-24  -2.3823e-30 -2.42151e-26  6.19069e-31  -1.6425e-25  7.34518e-32 -2.30455e-26 -2.52955e-32  -8.6343e-28 -4.62326e-33  1.12224e-28  1.30265e-33  1.54205e-29  2.14278e-35  6.85511e-31  -1.7417e-35  4.98982e-33  6.64318e-37 -3.46564e-34  6.39226e-39
-1.38223e-37  8.20966e-26  2.15819e-35 -4.84669e-24  3.70585e-35   1.5204e-22 -6.22117e-34 -3.18898e-21  5.37594e-33  4.94312e-20 -3.37695e-32 -5.98938e-19  1.63046e-31  5.87844e-18  -5.6983e-31  -4.7885e-17  9.87887e-31  3.29404e-16  4.72772e-30 -1.93808e-15 -6.40165e-29   9.8449e-15  4.58904e-28 -4.34763e-14 -2.62956e-27  1.67739e-13  1.30675e-26 -5.67234e-13 -5.78027e-26  1.68415e-12  2.29963e-25 -4.39127e-12 -8.27193e-25  1.00416e-11  2.69898e-24 -2.00751e-11 -8.00479e-24  3.48972e-11  2.16081e-23 -5.22962e-11 -5.31193e-23  6.66567e-11  1.18921e-22 -7.06894e-11 -2.42327e-22  5.99511e-11   4.4899e-22 -3.72788e-11 -7.55299e-22  1.25557e-11  1.15136e-21   3.6256e-12 -1.58674e-21 -7.50384e-12   1.9719e-21  3.71127e-12 -2.20427e-21  4.35365e-13  2.21257e-21 -1.42822e-12 -1.99542e-21  4.56804e-13  1.62613e-21  2.64877e-13 -1.21559e-21  -2.0117e-13  8.56441e-22  -2.6298e-14 -5.86741e-22  5.42932e-14  3.94582e-22  1.29066e-16 -2.50856e-22 -1.18935e-14  1.38229e-22  2.43636e-16 -5.61929e-23  2.26488e-15  8.19996e-24  6.80418e-17  1.00666e-23 -3.62923e-16 -1.06156e-23 -4.84426e-17  5.59397e-24   4.3364e-17 -1.66841e-24  1.24227e-17  1.11284e-25 -2.83811e-18  1.25815e-25 -1.75479e-18 -4.29851e-26 -7.09775e-20 -4.04304e-27  1.26224e-19  5.31616e-27  2.97491e-20 -2.97168e-28 -1.81051e-21 -6.40336e-28 -1.90901e-21  1.92499e-28 -2.84153e-22 -3.46191e-30  1.85756e-23 -2.18519e-31  1.19327e-23 -3.65472e-30  1.49795e-24  8.82584e-31 -5.30068e-27  6.58641e-32 -2.28334e-26 -2.56602e-32 -2.66382e-27  -3.7215e-33 -9.79678e-29  9.65357e-34  4.83506e-30  1.53517e-35  5.63695e-31 -9.45049e-36  1.61489e-32  2.88469e-37  8.47764e-35
-1.60684e-26  2.18859e-36  1.67365e-24 -8.95676e-37  -6.9095e-23  4.54389e-34  1.74946e-21 -5.13633e-33 -3.13988e-20  3.80845e-32  4.29903e-19 -2.15389e-31 -4.69328e-18   9.3655e-31  4.20657e-17 -2.97405e-30 -3.15946e-16  4.72772e-30  2.01823e-15  2.09716e-29 -1.10856e-14 -2.65674e-28  5.27839e-14  1.79599e-27 -2.19157e-13 -9.76183e-27  7.96701e-13  4.61979e-26  -2.5422e-12 -1.95147e-25  7.12762e-12  7.43042e-25 -1.75506e-11 -2.56298e-24  3.78734e-11  8.03283e-24 -7.13341e-11  -2.2919e-23  1.16488e-10  5.95871e-23 -1.63211e-10 -1.41205e-22  1.92983e-10  3.04881e-22 -1.87264e-10 -5.99233e-22  1.41306e-10  1.07059e-21 -7.23287e-11 -1.73529e-21  1.12564e-11  2.54547e-21  1.86793e-11 -3.36914e-21 -1.77572e-11   4.0099e-21  4.57527e-12   -4.276e-21  3.52809e-12  4.07255e-21 -3.09943e-12 -3.46107e-21  1.14604e-13  2.63778e-21  8.63537e-13 -1.83534e-21 -2.49635e-13  1.21116e-21 -1.75279e-13 -7.96953e-22  8.55042e-14  5.33114e-22  3.22643e-14 -3.44639e-22 -1.98116e-14  1.93665e-22 -6.30221e-15 -8.02813e-23  3.48244e-15  1.32467e-23  1.29582e-15  1.20405e-23 -4.31918e-16  -1.2824e-23 -2.37421e-16   6.3696e-24   2.4403e-17 -1.62181e-24  3.21959e-17 -5.57038e-26  2.83955e-18  1.95284e-25 -2.59438e-18 -4.99389e-26 -7.36054e-19 -8.10484e-27  5.27547e-20  6.29325e-27  5.90744e-20  1.44475e-28  8.62874e-21 -8.56781e-28 -1.21002e-21  1.90955e-28 -5.83295e-22  1.26831e-29 -6.40108e-23 -1.25654e-30   5.3187e-24 -4.58843e-30  2.26044e-24  1.04487e-30  2.34497e-25  5.26925e-32  1.04219e-27  -2.1752e-32 -2.03685e-27 -2.92245e-33 -1.93832e-28  6.31056e-34 -6.30657e-30  1.04805e-35  5.74484e-32 -4.24336e-36  6.18113e-33  8.77428e-38
 9.15009e-37 -4.48922e-25  2.06918e-35  2.67082e-23  -3.2108e-34 -8.44639e-22  4.30965e-33  1.78666e-20 -3.82789e-32 -2.79414e-19  2.49328e-31   3.4172e-18  -1.2597e-30 -3.38679e-17  4.94919e-30  2.78723e-16 -1.43342e-29 -1.93808e-15  2.09716e-29  1.15324e-14   8.6459e-29 -5.92825e-14 -1.02744e-27  2.65101e-13  6.56541e-27 -1.03643e-12 -3.39111e-26  3.55429e-12  1.53025e-25  -1.0711e-11 -6.17841e-25  2.83743e-11  2.25317e-24 -6.59958e-11 -7.45815e-24  1.34378e-10  2.24722e-23 -2.38308e-10 -6.17377e-23  3.65102e-10  1.54753e-22 -4.77141e-10 -3.53886e-22  5.21101e-10  7.37724e-22 -4.58649e-10 -1.40009e-21  3.01301e-10  2.41459e-21 -1.15864e-10 -3.77486e-21   -1.629e-11  5.33354e-21  5.72239e-11 -6.78549e-21 -3.33905e-11  7.73919e-21  -1.6316e-13 -7.87419e-21  1.12219e-11  7.11126e-21   -4.776e-12 -5.68163e-21 -1.67416e-12  4.02757e-21  1.84942e-12 -2.58337e-21  2.83664e-14  1.57986e-21 -4.74974e-13  -9.9744e-22  5.04049e-14  6.72348e-22  1.02624e-13 -4.48279e-22 -1.36257e-14  2.58324e-22 -2.00801e-14 -1.08637e-22  1.58197e-15   1.9011e-23  3.46043e-15  1.42769e-23  1.10349e-16 -1.50999e-23 -4.70269e-16  7.01424e-24 -8.25064e-17 -1.46652e-24  4.07311e-17 -2.54791e-25  1.56872e-17  2.62951e-25 -8.42958e-19 -5.30502e-26 -1.44397e-18 -1.26331e-26 -2.23927e-19  6.80568e-27  4.56073e-20  7.95836e-28   2.0954e-20 -1.09197e-27  1.95574e-21  1.82418e-28 -4.33913e-22  2.97333e-29 -1.37779e-22 -2.62078e-30  -1.1848e-23 -5.03506e-30  9.26911e-25  1.08061e-30  3.05995e-25  3.69003e-32  2.65909e-26 -1.53213e-32  3.69432e-28 -2.21589e-33 -1.00419e-28  3.56953e-34 -7.23095e-30  6.33608e-36 -1.59539e-31 -1.47232e-36  -2.9095e-34
 8.10969e-26 -5.46856e-36 -8.51248e-24  2.18794e-34  3.54289e-22 -3.30767e-33 -9.04697e-21   3.4237e-32  1.63823e-19 -2.58703e-31 -2.26402e-18  1.49346e-30  2.49592e-17 -6.77684e-30 -2.26014e-16  2.41557e-29   1.7159e-15 -6.40165e-29 -1.10856e-14   8.6459e-29  6.16189e-14  3.32217e-28 -2.97092e-13  -3.7137e-27  1.24991e-12  2.24837e-26 -4.60767e-12  -1.1053e-25  1.49218e-11  4.76011e-25 -4.24997e-11 -1.83789e-24  1.06422e-10  6.42198e-24 -2.33836e-10 -2.04086e-23  4.49126e-10  5.91556e-23 -7.49312e-10 -1.56616e-22  1.07528e-09  3.78858e-22 -1.30681e-09 -8.36937e-22  1.31075e-09  1.68641e-21  -1.0336e-09 -3.09399e-21  5.70135e-10  5.15643e-21 -1.27011e-10 -7.78368e-21 -1.16767e-10  1.06036e-20  1.35383e-10 -1.29785e-20  -4.5801e-11  1.41952e-20 -2.10714e-11 -1.37847e-20  2.51202e-11  1.17983e-20 -3.48533e-12 -8.84043e-21   -6.296e-12  5.79124e-21  2.64968e-12  -3.3793e-21  1.12186e-12  1.88334e-21 -8.29974e-13 -1.13956e-21 -1.78696e-13   7.9081e-22  1.91552e-13 -5.54302e-22  3.38233e-14  3.29474e-22  -3.5523e-14 -1.39922e-22 -7.95557e-15  2.49515e-23  5.05285e-15  1.67932e-23  1.74674e-15  -1.7319e-23 -4.47823e-16   7.4731e-24 -2.82899e-16 -1.21378e-24  1.75411e-18 -4.67064e-25   2.8324e-17  3.22539e-25  5.21927e-18 -5.24608e-26 -1.17693e-18 -1.71165e-26 -5.86975e-19  6.87841e-27 -4.73874e-20  1.55748e-27  2.01134e-20 -1.31879e-27  5.81929e-21  1.69595e-28  3.56105e-22   4.4976e-29 -1.04558e-22 -4.01889e-30 -2.47862e-23 -4.95922e-30 -1.77105e-24   9.9603e-31  9.62337e-26  2.16209e-32  2.74057e-26 -8.47877e-33  1.94374e-27 -1.59712e-33  3.63757e-29  1.69299e-34 -1.99703e-30   3.1848e-36 -8.37968e-32 -3.36146e-37
 2.95205e-36  2.11129e-24 -1.06114e-34 -1.26634e-22  2.21067e-33    4.039e-21 -2.75404e-32  -8.6202e-20  2.41364e-31  1.36076e-18 -1.59406e-30 -1.68057e-17  8.21582e-30   1.6828e-16 -3.36557e-29  -1.3999e-15  1.09231e-28   9.8449e-15 -2.65674e-28 -5.92825e-14  3.32217e-28  3.08579e-13  1.19355e-27 -1.39823e-12 -1.25889e-26  5.54311e-12  7.23776e-26 -1.92914e-11  -3.3907e-25  5.90514e-11  1.39414e-24 -1.59058e-10 -5.14719e-24  3.76608e-10  1.72308e-23 -7.81718e-10 -5.25774e-23  1.41561e-09  1.46662e-22 -2.21945e-09 -3.74444e-22  2.97703e-09  8.74942e-22  -3.3517e-09  -1.8692e-21  3.06404e-09  3.64478e-21 -2.12547e-09 -6.47202e-21  9.18955e-10  1.04359e-20  1.79128e-11 -1.52278e-20 -3.73375e-10  2.00226e-20  2.57928e-10 -2.35998e-20 -2.51255e-11  2.47723e-20 -7.45822e-11 -2.29694e-20  4.14728e-11  1.86245e-20  7.49674e-12 -1.30552e-20 -1.43792e-11  7.84187e-21  1.40616e-12   -4.084e-21  3.47957e-12  2.01474e-21 -7.98304e-13 -1.16642e-21  -7.3142e-13  8.65445e-22  1.98678e-13  -6.5424e-22   1.4606e-13  4.03231e-22 -3.11868e-14 -1.72126e-22 -2.70865e-14  3.04126e-23  2.23798e-15  1.95177e-23  4.15853e-15 -1.93089e-23   3.0401e-16  7.70146e-24 -4.41886e-16 -8.90162e-25 -1.09479e-16 -6.71006e-25  2.15026e-17  3.69984e-25  1.33231e-17 -4.93559e-26  1.05112e-18 -2.10795e-26 -6.41984e-19  6.66652e-27 -1.84652e-19   2.2967e-27  -5.8492e-21 -1.50716e-27  6.10256e-21  1.54169e-28  1.27465e-21  5.63476e-29  5.52666e-23 -5.15604e-30 -1.73655e-23 -4.43872e-30 -3.26014e-24  8.23985e-31 -2.00234e-25  9.32376e-33  4.89696e-27 -2.93731e-33  1.41641e-27 -1.07517e-33   7.4362e-29   6.3599e-35  1.14482e-30   1.2342e-36  -5.4872e-33
-3.53208e-25  4.41734e-35  3.73784e-23 -1.25142e-33 -1.56902e-21  1.95642e-32  4.04257e-20 -2.02854e-31  -7.3892e-19  1.53948e-30  1.03126e-17 -9.00192e-30 -1.14865e-16  4.16777e-29  1.05144e-15 -1.54791e-28 -8.07351e-15  4.58904e-28  5.27839e-14 -1.02744e-27 -2.97092e-13  1.19355e-27  1.45142e-12  4.02449e-27 -6.19182e-12 -4.01915e-26  2.31632e-11  2.19937e-25 -7.61895e-11 -9.82644e-25  2.20618e-10  3.85615e-24 -5.62278e-10 -1.36029e-23  1.25911e-09  4.35932e-23 -2.46844e-09 -1.27666e-22  4.21172e-09  3.42727e-22 -6.19665e-09  -8.4423e-22  7.74873e-09  1.90709e-21 -8.04154e-09 -3.94438e-21   6.6298e-09  7.45204e-21 -3.92914e-09 -1.28237e-20  1.12605e-09  2.00315e-20  5.94325e-10  -2.8289e-20 -8.92464e-10   3.5942e-20   3.7961e-10 -4.08358e-20   9.4471e-11   4.1172e-20 -1.74298e-10 -3.64705e-20  4.25999e-11  2.80075e-20  3.80993e-11 -1.83195e-20  -2.2867e-11  9.99405e-21 -5.32732e-12 -4.51115e-21  6.69836e-12  1.85776e-21    5.326e-13 -1.02566e-21 -1.53575e-12  8.77087e-22 -7.83082e-14  -7.4003e-22   2.9707e-13  4.74779e-22  2.93448e-14 -2.02697e-22 -4.68225e-14  3.47437e-23 -9.55226e-15  2.22519e-23  5.23248e-15  -2.0861e-23  1.99426e-15  7.67437e-24 -2.59366e-16 -5.35877e-25 -2.49339e-16 -8.45753e-25 -2.38739e-17  4.04014e-25  1.51698e-17 -4.55871e-26  4.67978e-18  -2.4179e-26  2.12045e-20  6.38346e-27 -2.36021e-19  2.88853e-27 -4.61148e-20 -1.63096e-27    -7.09e-24  1.36443e-28  1.34552e-21  6.27779e-29  2.17328e-22 -5.80774e-30  7.75337e-24 -3.62967e-30 -1.90882e-24   6.1137e-31 -2.90696e-25  1.24301e-33 -1.50612e-26  4.65138e-34  3.05904e-29 -6.63835e-34  3.21333e-29  1.66282e-35  9.03446e-31  3.14701e-37
-1.22005e-35 -8.59639e-24  5.91604e-34  5.20041e-22  -1.2151e-32 -1.67362e-20  1.52467e-31  3.60563e-19 -1.34581e-30 -5.74807e-18  8.96367e-30  7.17267e-17 -4.68014e-29 -7.26041e-16  1.95641e-28  6.10884e-15 -6.61168e-28 -4.34763e-14  1.79599e-27  2.65101e-13  -3.7137e-27 -1.39823e-12  4.02449e-27  6.42426e-12  1.27968e-26 -2.58444e-11 -1.21503e-25  9.13504e-11   6.3425e-25 -2.84264e-10 -2.70296e-24  7.79205e-10  1.01111e-23 -1.87984e-09 -3.40186e-23  3.98146e-09  1.04192e-22  -7.3698e-09 -2.92524e-22  1.18369e-08  7.55425e-22 -1.63137e-08 -1.79571e-21  1.89542e-08  3.92451e-21 -1.80125e-08  -7.8669e-21  1.31895e-08  1.44195e-20 -6.33826e-09 -2.40804e-20  5.30481e-10  3.64903e-20  2.08254e-09 -4.99399e-20  -1.7251e-09  6.13831e-20  3.36366e-10 -6.72962e-20  4.16297e-10  6.52275e-20 -3.04916e-10  -5.5231e-20 -1.23334e-11  4.01659e-20  9.49162e-11 -2.44524e-20  -2.0746e-11  1.19725e-20 -2.11913e-11 -4.45964e-21  8.19556e-12  1.31521e-21  4.21909e-12 -6.84591e-22 -1.99416e-12  8.15648e-22 -8.50481e-13 -8.05098e-22   3.5099e-13  5.38646e-22  1.71432e-13 -2.28778e-22 -4.04054e-14  3.74268e-23 -3.00438e-14  2.46654e-23   1.1785e-15 -2.17577e-23  3.82722e-15  7.39531e-24  5.37032e-16 -2.00307e-25 -2.72363e-16 -9.73949e-25  -9.8835e-17  4.25708e-25  9.66669e-19 -4.30207e-26  6.67535e-18 -2.62556e-26  1.27414e-18  6.20959e-27 -7.04866e-20  3.25176e-27 -6.42516e-20 -1.67402e-27 -9.23931e-21  1.15929e-28  1.42387e-22  6.41793e-29  2.14221e-22 -5.87373e-30    2.775e-23 -2.71345e-30   9.3276e-25   4.0399e-31 -1.25382e-25 -2.72083e-33 -1.53844e-26  1.80779e-33 -6.04067e-28 -3.68354e-34 -4.08241e-30  1.74924e-36  1.35129e-31
