 2.62941e-08   5.0982e-25 -5.10167e-07 -1.27671e-23  3.30409e-06   9.9809e-23 -1.04298e-05 -4.31005e-22  1.67542e-05   1.1239e-21  -1.1638e-05 -1.75885e-21  4.27264e-07  1.65068e-21  1.93547e-06 -1.03607e-21  8.15098e-08  5.17481e-22 -7.95663e-08 -1.60245e-22 -6.10598e-09
  5.0982e-25  7.59369e-07  6.92912e-24 -7.85675e-06 -1.23759e-22  3.56223e-05  7.95247e-22 -8.27486e-05 -2.87429e-21  9.43411e-05  6.08053e-21  -3.5694e-05 -7.33059e-21 -1.22112e-05  5.16616e-21  5.07398e-06 -2.72193e-21  1.41008e-06  1.16204e-21 -6.25985e-10  -1.4398e-22
-5.10167e-07  6.92912e-24  1.01897e-05  5.54398e-23 -6.85051e-05  -7.9823e-22  0.000226972  4.34239e-21 -0.000388905 -1.29907e-20  0.000297717  2.15543e-20 -2.44395e-05 -1.90136e-20 -5.37095e-05   9.6346e-21 -4.07392e-07 -4.57157e-21  2.70837e-06  1.32568e-21  1.90637e-07
-1.27671e-23 -7.85675e-06  5.54398e-23  8.43887e-05  3.35267e-22 -0.000401626 -4.08443e-21  0.000994407  1.86564e-20  -0.00123907 -4.48798e-20  0.000555232  5.59818e-20  0.000150238 -3.38314e-20 -9.18457e-05  1.16634e-20 -2.17254e-05 -6.32929e-21  6.14221e-07  7.11575e-22
 3.30409e-06 -1.23759e-22 -6.85051e-05  3.35267e-22  0.000483453  1.67945e-21  -0.00170672  -1.7248e-20   0.00318531  6.45343e-20  -0.00277583 -1.20623e-19  0.000430981  1.07916e-19  0.000538326 -4.02078e-20 -2.93904e-05  8.29858e-21 -3.50983e-05 -1.01498e-20 -2.12737e-06
  9.9809e-23  3.56223e-05  -7.9823e-22 -0.000401626  1.67945e-21   0.00203646  7.04514e-21  -0.00548405 -5.98765e-20   0.00768626  1.78859e-19  -0.00427205 -2.49744e-19 -0.000714574  1.52696e-19  0.000831269 -2.63397e-20  0.000150412   1.3586e-21 -1.35526e-05 -1.76239e-20
-1.04298e-05  7.95247e-22  0.000226972 -4.08443e-21  -0.00170672  7.04514e-21   0.00655043  2.45054e-20   -0.0136885 -1.70231e-19    0.0141311  3.94138e-19  -0.00381748 -3.88133e-19  -0.00284344  1.60911e-19  0.000495622  1.08772e-20  0.000257886 -5.56274e-21  1.18381e-05
-4.31005e-22 -8.27486e-05  4.34239e-21  0.000994407  -1.7248e-20  -0.00548405  2.45054e-20    0.0165151  7.08166e-20   -0.0270467 -3.99494e-19     0.019625  6.82309e-19  0.000429873 -4.21569e-19  -0.00449984  1.54816e-19 -0.000464032  9.26801e-20   0.00013994 -1.86272e-20
 1.67542e-05 -2.87429e-21 -0.000388905  1.86564e-20   0.00318531 -5.98765e-20   -0.0136885  7.08166e-20      0.03331  1.73609e-19   -0.0429258 -7.88591e-19    0.0195451  8.99509e-19   0.00787486 -2.35261e-19  -0.00373831    2.296e-19  -0.00115337  2.62231e-19 -2.34849e-05
  1.1239e-21  9.43411e-05 -1.29907e-20  -0.00123907  6.45343e-20   0.00768626 -1.70231e-19   -0.0270467  1.73609e-19    0.0547707  3.73717e-19   -0.0554209 -1.34365e-18    0.0108609  8.20458e-19     0.014606  1.31971e-19 -0.000445477  4.92448e-19 -0.000849463  3.93087e-19
 -1.1638e-05  6.08053e-21  0.000297717 -4.48798e-20  -0.00277583  1.78859e-19    0.0141311 -3.99494e-19   -0.0429258  3.73717e-19    0.0750126  7.27186e-19   -0.0588898  -2.0246e-18  -0.00495902  2.94695e-19    0.0157717  3.67632e-19   0.00275647  9.48736e-19 -0.000131846
-1.75885e-21  -3.5694e-05  2.15543e-20  0.000555232 -1.20623e-19  -0.00427205  3.94138e-19     0.019625 -7.88591e-19   -0.0554209  7.27186e-19    0.0881065  1.27711e-18   -0.0518198 -2.71721e-18    -0.022387 -6.63337e-19   0.00967357   1.2588e-19   0.00310275  1.19761e-18
 4.27264e-07 -7.33059e-21 -2.44395e-05  5.59818e-20  0.000430981 -2.49744e-19  -0.00381748  6.82309e-19    0.0195451 -1.34365e-18   -0.0588898  1.27711e-18    0.0926406  1.97359e-18   -0.0366942 -3.15948e-18   -0.0344824 -2.02567e-18  0.000226473 -2.33965e-19   0.00119662
 1.65068e-21 -1.22112e-05 -1.90136e-20  0.000150238  1.07916e-19 -0.000714574 -3.88133e-19  0.000429873  8.99509e-19    0.0108609  -2.0246e-18   -0.0518198  1.97359e-18    0.0926401  2.73509e-18   -0.0161962 -2.95367e-18    -0.035249 -3.52631e-18  -0.00538652  6.30398e-20
 1.93547e-06  5.16616e-21 -5.37095e-05 -3.38314e-20  0.000538326  1.52696e-19  -0.00284344 -4.21569e-19   0.00787486  8.20458e-19  -0.00495902 -2.71721e-18   -0.0366942  2.73509e-18    0.0943969   3.9525e-18   0.00878938 -1.89731e-18   -0.0231175 -3.79206e-18  -0.00402361
-1.03607e-21  5.07398e-06   9.6346e-21 -9.18457e-05 -4.02078e-20  0.000831269  1.60911e-19  -0.00449984 -2.35261e-19     0.014606  2.94695e-19    -0.022387 -3.15948e-18   -0.0161962   3.9525e-18     0.101741  6.63827e-18    0.0348069 -3.33293e-19  -0.00577785 -1.80308e-18
 8.15098e-08 -2.72193e-21 -4.07392e-07  1.16634e-20 -2.93904e-05 -2.63397e-20  0.000495622  1.54816e-19  -0.00373831  1.31971e-19    0.0157717 -6.63337e-19   -0.0344824 -2.95367e-18   0.00878938  6.63827e-18     0.110606  1.04453e-17     0.050196  1.05835e-18   0.00350088
 5.17481e-22  1.41008e-06 -4.57157e-21 -2.17254e-05  8.29858e-21  0.000150412  1.08772e-20 -0.000464032    2.296e-19 -0.000445477  3.67632e-19   0.00967357 -2.02567e-18    -0.035249 -1.89731e-18    0.0348069  1.04453e-17     0.106894  1.18815e-17    0.0429784  1.41075e-18
-7.95663e-08  1.16204e-21  2.70837e-06 -6.32929e-21 -3.50983e-05   1.3586e-21  0.000257886  9.26801e-20  -0.00115337  4.92448e-19   0.00275647   1.2588e-19  0.000226473 -3.52631e-18   -0.0231175 -3.33293e-19     0.050196  1.18815e-17    0.0788134  8.38495e-18    0.0196959
-1.60245e-22 -6.25985e-10  1.32568e-21  6.14221e-07 -1.01498e-20 -1.35526e-05 -5.56274e-21   0.00013994  2.62231e-19 -0.000849463  9.48736e-19   0.00310275 -2.33965e-19  -0.00538652 -3.79206e-18  -0.00577785  1.05835e-18    0.0429784  8.38495e-18    0.0372032  3.04599e-18
-6.10598e-09  -1.4398e-22  1.90637e-07  7.11575e-22 -2.12737e-06 -1.76239e-20  1.18381e-05 -1.86272e-20 -2.34849e-05  3.93087e-19 -0.000131846  1.19761e-18   0.00119662  6.30398e-20  -0.00402361 -1.80308e-18   0.00350088  1.41075e-18    0.0196959  3.04599e-18   0.00818536
