   0.0204722  4.93723e-17    -0.050306 -1.37926e-16  -0.00382835 -1.15532e-17    0.0141147  4.56234e-17    0.0126573  3.63968e-17   0.00618032  1.52333e-17   0.00199387  4.13242e-18  0.000439341  7.47614e-19  6.39322e-05  8.50374e-20  5.44519e-06  4.94896e-21  1.78212e-07
 4.93723e-17    0.0915557  1.31804e-16   -0.0804975 -1.97194e-16   -0.0536172 -6.38858e-17   -0.0113025  1.09996e-19  0.000638606  6.54433e-18  0.000909377   2.4736e-18  0.000207556   4.8205e-19  1.49653e-05  5.16778e-20 -1.82571e-06  2.40477e-21 -3.50152e-07  3.77011e-24
   -0.050306  1.31804e-16     0.158382  1.21168e-16   -0.0345971  -1.1871e-16   -0.0763716 -1.22199e-16   -0.0555436 -7.24013e-17   -0.0259955 -2.86282e-17  -0.00846342 -7.85464e-18  -0.00192364 -1.47622e-18 -0.000292059 -1.76595e-19 -2.61456e-05  -1.0878e-20 -9.04787e-07
-1.37926e-16   -0.0804975  1.21168e-16     0.138221  1.64584e-16     0.027119  -7.2987e-17   -0.0503999 -1.06976e-16   -0.0427131  -5.7584e-17   -0.0180587 -1.91461e-17  -0.00489996 -4.25745e-18 -0.000883288 -6.20997e-19 -9.98876e-05 -5.29483e-20 -5.76924e-06 -1.73668e-21
 -0.00382835 -1.97194e-16   -0.0345971  1.64584e-16    0.0925847   1.4216e-16    0.0402177    1.707e-17    0.0070845 -9.45119e-18  0.000380531 -5.24045e-18   8.4979e-05  -1.2412e-18  9.56739e-05 -1.49442e-19  3.16963e-05 -5.39721e-21  4.60815e-06  5.07056e-22  2.25186e-07
-1.15532e-17   -0.0536172  -1.1871e-16     0.027119   1.4216e-16    0.0817392  1.69196e-16    0.0783451  1.15238e-16    0.0459231  5.42406e-17    0.0184333  1.81749e-17    0.0052062  4.29694e-18   0.00101449  6.82498e-19   0.00012635  6.41398e-20  8.12562e-06  2.33574e-21
   0.0141147 -6.38858e-17   -0.0763716  -7.2987e-17    0.0402177  1.69196e-16     0.117647  2.17062e-16    0.0980633  1.36383e-16    0.0486524  5.53536e-17    0.0163286  1.54792e-17   0.00379393  2.96289e-18  0.000588242  3.61501e-19  5.38695e-05  2.27633e-20  1.91217e-06
 4.56234e-17   -0.0113025 -1.22199e-16   -0.0503999    1.707e-17    0.0783451  2.17062e-16     0.120604  1.95793e-16    0.0785816   9.8852e-17    0.0321072  3.32222e-17   0.00895535   7.6841e-18   0.00170386  1.18329e-18   0.00020637  1.07538e-19  1.28949e-05  3.78759e-21
   0.0126573  1.09996e-19   -0.0555436 -1.06976e-16    0.0070845  1.15238e-16    0.0980633  1.95793e-16    0.0908643  1.28826e-16    0.0461928  5.27092e-17    0.0155305  1.46843e-17   0.00358565  2.78751e-18  0.000550712  3.36695e-19  4.99017e-05  2.09768e-20  1.75224e-06
 3.63968e-17  0.000638606 -7.24013e-17   -0.0427131 -9.45119e-18    0.0459231  1.36383e-16    0.0785816  1.28826e-16    0.0520574  6.56567e-17    0.0213272  2.20768e-17   0.00593865  5.09252e-18   0.00112611  7.81112e-19  0.000135842   7.0674e-20  8.45152e-06  2.47786e-21
  0.00618032  6.54433e-18   -0.0259955  -5.7584e-17  0.000380531  5.42406e-17    0.0486524   9.8852e-17    0.0461928  6.56567e-17    0.0236088  2.69095e-17   0.00794209   7.4927e-18   0.00183168  1.42035e-18  0.000280841  1.71263e-19  2.53984e-05  1.06504e-20  8.90059e-07
 1.52333e-17  0.000909377 -2.86282e-17   -0.0180587 -5.24045e-18    0.0184333  5.53536e-17    0.0321072  5.27092e-17    0.0213272  2.69095e-17   0.00874214   9.0505e-18   0.00243403  2.08719e-18  0.000461393  3.20007e-19  5.56341e-05  2.89401e-20  3.45982e-06  1.01417e-21
  0.00199387   2.4736e-18  -0.00846342 -1.91461e-17   8.4979e-05  1.81749e-17    0.0163286  3.32222e-17    0.0155305  2.20768e-17   0.00794209   9.0505e-18   0.00267253   2.5206e-18  0.000616505  4.77933e-19  9.45471e-05  5.76444e-20  8.55279e-06  3.58589e-21  2.99812e-07
 4.13242e-18  0.000207556 -7.85464e-18  -0.00489996  -1.2412e-18    0.0052062  1.54792e-17   0.00895535  1.46843e-17   0.00593865   7.4927e-18   0.00243403   2.5206e-18   0.00067797  5.81604e-19  0.000128597  8.92327e-20  1.55177e-05  8.07612e-21  9.65827e-07  2.83256e-22
 0.000439341   4.8205e-19  -0.00192364 -4.25745e-18  9.56739e-05  4.29694e-18   0.00379393   7.6841e-18   0.00358565  5.09252e-18   0.00183168  2.08719e-18  0.000616505  5.81604e-19   0.00014232  1.10375e-19  2.18473e-05  1.33264e-20  1.97847e-06  8.29937e-22  6.94345e-08
 7.47614e-19  1.49653e-05 -1.47622e-18 -0.000883288 -1.49442e-19   0.00101449  2.96289e-18   0.00170386  2.78751e-18   0.00112611  1.42035e-18  0.000461393  4.77933e-19  0.000128597  1.10375e-19  2.44178e-05  1.69539e-20  2.95016e-06  1.53645e-21  1.83868e-07  5.39634e-23
 6.39322e-05  5.16778e-20 -0.000292059 -6.20997e-19  3.16963e-05  6.82498e-19  0.000588242  1.18329e-18  0.000550712  7.81112e-19  0.000280841  3.20007e-19  9.45471e-05  8.92327e-20  2.18473e-05  1.69539e-20  3.35806e-06  2.04982e-21  3.04547e-07  1.27851e-22  1.07046e-08
 8.50374e-20 -1.82571e-06 -1.76595e-19 -9.98876e-05 -5.39721e-21   0.00012635  3.61501e-19   0.00020637  3.36695e-19  0.000135842  1.71263e-19  5.56341e-05  5.76444e-20  1.55177e-05  1.33264e-20  2.95016e-06  2.04982e-21  3.56969e-07  1.86055e-22  2.22839e-08  6.54547e-24
 5.44519e-06  2.40477e-21 -2.61456e-05 -5.29483e-20  4.60815e-06  6.41398e-20  5.38695e-05  1.07538e-19  4.99017e-05   7.0674e-20  2.53984e-05  2.89401e-20  8.55279e-06  8.07612e-21  1.97847e-06  1.53645e-21  3.04547e-07  1.86055e-22   2.7665e-08  1.16242e-23  9.74101e-10
 4.94896e-21 -3.50152e-07  -1.0878e-20 -5.76924e-06  5.07056e-22  8.12562e-06  2.27633e-20  1.28949e-05  2.09768e-20  8.45152e-06  1.06504e-20  3.45982e-06  3.58589e-21  9.65827e-07  8.29937e-22  1.83868e-07  1.27851e-22  2.22839e-08  1.16242e-23   1.3935e-09  4.09675e-25
 1.78212e-07  3.77011e-24 -9.04787e-07 -1.73668e-21  2.25186e-07  2.33574e-21  1.91217e-06  3.78759e-21  1.75224e-06  2.47786e-21  8.90059e-07  1.01417e-21  2.99812e-07  2.83256e-22  6.94345e-08  5.39634e-23  1.07046e-08  6.54547e-24  9.74101e-10  4.09675e-25  3.43616e-11
