 4.33855e-28 -1.03244e-36 -2.84501e-26  3.08802e-36   7.3039e-25  1.27712e-36 -1.13473e-23 -1.67948e-35  1.23155e-22  8.03166e-36 -1.00352e-21  7.06249e-35  6.40635e-21 -5.21726e-34 -3.29265e-20  3.96565e-33  1.38737e-19 -2.60014e-32 -4.84973e-19  1.45974e-31  1.41669e-18 -7.09199e-31 -3.46983e-18  3.00433e-30  7.12192e-18 -1.11585e-29 -1.21909e-17  3.64904e-29  1.72179e-17 -1.05417e-28 -1.96657e-17  2.69731e-28  1.74779e-17 -6.12501e-28 -1.10848e-17  1.23617e-27  3.71153e-18 -2.21976e-27  9.83825e-19  3.54935e-27 -1.86127e-18 -5.05828e-27  6.82691e-19  6.43482e-27  2.69123e-19 -7.33033e-27 -2.94876e-19  7.52614e-27  5.67416e-21 -7.05068e-27  7.78037e-20  6.15537e-27 -1.25099e-20 -5.16248e-27 -1.78531e-20  4.29874e-27   3.5041e-21 -3.62535e-27  3.95392e-21    3.081e-27 -5.18545e-22 -2.57223e-27 -8.21036e-22  2.04216e-27 -4.54728e-24 -1.49384e-27  1.41737e-22  9.76736e-28  2.57209e-23 -5.52376e-28 -1.64414e-23  2.58489e-28 -7.20934e-24 -9.21314e-29  4.84526e-25  1.91153e-29  9.96772e-25  2.57962e-30  2.00763e-25 -4.33939e-30 -4.98614e-26  2.01056e-30 -3.23564e-26 -4.90867e-31 -4.52082e-27  2.44315e-32  1.28424e-27  2.54297e-32  6.66134e-28  -7.8526e-33  9.82819e-29  4.82284e-34 -1.13334e-29  1.38987e-34 -7.77289e-30  5.36784e-36 -1.44327e-30  -1.1113e-35 -5.23643e-32   1.0125e-36  3.48652e-32  5.55904e-37  8.96552e-33 -4.87944e-37  1.00564e-33  2.18104e-37  1.69008e-35 -4.70467e-38 -1.27477e-35  3.92271e-39 -2.19601e-36 -2.51393e-40 -1.83768e-37  1.61189e-40 -6.36022e-39 -2.73526e-41  2.84615e-40 -3.27362e-43   4.5347e-41  2.45399e-43  2.13631e-42 -3.97964e-45  5.69142e-44  6.48997e-47  5.86357e-46  -1.9272e-47
-1.03244e-36   4.0761e-26 -6.30133e-36 -1.52035e-24  1.33027e-35  2.97611e-23  1.55693e-36 -3.84303e-22 -3.74948e-35  3.61372e-21 -4.29923e-35 -2.61352e-20   8.5392e-34  1.50384e-19 -7.24181e-33 -7.03926e-19  5.31018e-32  2.72036e-18 -3.32129e-31 -8.76259e-18  1.78918e-30  2.36515e-17 -8.37234e-30 -5.35775e-17  3.42279e-29  1.01618e-16 -1.22773e-28 -1.60215e-16  3.87694e-28  2.07019e-16  -1.0808e-27 -2.13502e-16  2.66581e-27  1.66627e-16 -5.82735e-27 -8.58144e-17  1.13023e-26  1.31788e-17 -1.94626e-26  1.98449e-17  2.97649e-26 -1.61693e-17 -4.04344e-26  1.75586e-18   4.8817e-26  4.17413e-18 -5.24729e-26 -1.84558e-18  5.04502e-26 -7.00091e-19 -4.38346e-26  6.12729e-19  3.51064e-26  1.03427e-19 -2.67682e-26 -1.53344e-19  2.02491e-26 -2.11621e-20 -1.57162e-26   3.2424e-20  1.25935e-26   6.5172e-21  -1.0178e-26 -5.55721e-21  7.98619e-27 -1.92509e-21 -5.84379e-27  6.31653e-22  3.83749e-27  4.23189e-22 -2.17605e-27 -6.28067e-24  1.01661e-27 -5.97901e-23  -3.6022e-28 -1.34702e-23  7.45268e-29  3.69205e-24  8.94784e-30  2.42511e-24 -1.54339e-29   2.7825e-25  6.81779e-30 -1.45378e-25 -1.47534e-30 -6.27071e-26 -1.14139e-32 -6.25987e-27  1.01541e-31   2.5136e-27 -2.36161e-32  1.04664e-27  4.91911e-34  1.39879e-28  2.38565e-34 -1.34815e-29  1.36334e-34  -9.0208e-30  -2.9814e-35 -1.63997e-30 -5.61786e-36  -9.2533e-32  3.26636e-36  2.25174e-32 -1.86239e-36  6.38661e-33  8.27902e-37  7.60738e-34 -1.82443e-37  3.56461e-35  1.63177e-38 -3.12371e-36 -8.85185e-40 -7.07567e-37  4.59526e-40  -5.9978e-38 -7.61275e-41 -2.58469e-39 -5.06353e-43  -3.0308e-41  5.16967e-43  2.23703e-42 -4.85467e-45  1.01475e-43 -4.78858e-47  1.08013e-45
-2.84501e-26 -6.30133e-36  1.88701e-24 -2.04676e-35 -4.90242e-23  3.59376e-35  7.71162e-22 -4.94784e-36 -8.47919e-21 -1.10821e-35  7.00409e-20 -6.91881e-34  -4.5358e-19  7.79411e-33  2.36667e-18 -6.49432e-32 -1.01321e-17  4.56367e-31  3.60216e-17 -2.75101e-30 -1.07138e-16  1.43722e-29  2.67534e-16 -6.54279e-29 -5.60768e-16  2.60413e-28  9.82322e-16 -9.08725e-28 -1.42393e-15  2.78747e-27  1.67651e-15 -7.53431e-27  -1.5477e-15  1.79816e-26  1.03748e-15 -3.79526e-26 -3.95504e-16  7.09109e-26  -5.2424e-17 -1.17332e-25  1.68076e-16  1.71911e-25 -7.62135e-17 -2.22937e-25 -1.74771e-17  2.55798e-25  2.91797e-17 -2.59824e-25 -3.46955e-18  2.34327e-25 -7.20278e-18 -1.89186e-25  2.01493e-18  1.39181e-25  1.59131e-18 -9.63298e-26 -5.45067e-19  6.56641e-26 -3.57271e-19 -4.61795e-26  9.92692e-20  3.43152e-26  7.96277e-20  -2.6628e-26 -9.43768e-21   2.0721e-26 -1.54768e-20 -1.53286e-26 -1.09736e-21  1.02255e-26  2.18763e-21 -5.86474e-27  6.27464e-22  2.75007e-27 -1.49095e-22 -9.71238e-28 -1.14449e-22  1.99843e-28 -1.20951e-23  2.24055e-29  8.87395e-24 -3.87492e-29  3.55347e-24  1.62835e-29  1.89522e-25 -3.04167e-30 -2.30658e-25 -2.58302e-31 -7.64966e-26  2.74252e-31 -5.84169e-27 -4.86745e-32  2.82076e-27   3.1677e-34  1.02444e-27 -8.87538e-34  1.31759e-28  7.07374e-34 -7.67068e-30 -2.65917e-35 -6.12315e-30 -4.30103e-35  -1.1151e-30  1.24456e-35  -8.2588e-32 -5.10024e-36  6.17829e-33  2.13473e-36  2.38516e-33 -4.71828e-37  2.96721e-34  4.41552e-38    1.825e-35 -2.08748e-39  6.07234e-38  8.85009e-40 -8.75273e-38 -1.41025e-40 -7.61278e-39 -3.85609e-43 -3.07042e-40  6.97916e-43 -6.12736e-42 -1.86537e-45 -1.80381e-44 -1.59032e-46
 3.08802e-36 -1.52035e-24 -2.04676e-35  5.73863e-23 -4.26745e-35 -1.13738e-21  7.05451e-35  1.48789e-20 -3.24066e-35 -1.41826e-19  3.28259e-34  1.04046e-18 -5.34832e-33 -6.07737e-18  5.32116e-32  2.89009e-17 -4.20483e-31 -1.13574e-16  2.83757e-30  3.72401e-16 -1.66941e-29 -1.02447e-15  8.59243e-29  2.36883e-15 -3.86364e-28 -4.59456e-15  1.51653e-27   7.4262e-15 -5.20104e-27 -9.87158e-15  1.56186e-26  1.05323e-14  -4.1173e-26 -8.59546e-15  9.55041e-26  4.76904e-15 -1.95282e-25 -1.03278e-15  3.52386e-25  -8.9427e-16 -5.61358e-25  8.97241e-16  7.89151e-25 -1.74678e-16 -9.78063e-25 -2.02427e-16  1.06748e-24  1.19592e-16 -1.02541e-24  2.58612e-17  8.68267e-25 -3.71624e-17 -6.52319e-25  -1.7778e-18  4.41812e-25   9.2068e-18 -2.78047e-25  1.82836e-19  1.70115e-25 -2.01978e-18 -1.06544e-25  -1.6041e-19  7.13903e-26  3.80621e-19 -5.21951e-26  7.86369e-20  4.04492e-26 -5.36122e-20  -3.0812e-26 -2.25118e-20  2.12623e-26  3.54293e-21 -1.24835e-26  3.95823e-21  5.91469e-27  4.74717e-22 -2.08989e-27 -3.59745e-22  4.28218e-28 -1.46024e-22  4.63558e-29 -2.22596e-24 -7.95278e-29  1.29823e-23  3.18105e-29  3.74053e-24 -4.92837e-30  3.33126e-26 -9.75441e-31  -2.4756e-25  5.88317e-31 -6.84869e-26 -8.03015e-32 -4.55104e-27  3.97928e-33  2.11243e-27 -6.58735e-33  7.11072e-28  2.27929e-33  9.17794e-29  8.79308e-35 -1.35451e-30 -1.54388e-34  -2.6829e-30  3.61578e-35 -5.00396e-31 -1.13834e-35 -4.33377e-32  4.26978e-36  -2.9191e-35 -9.43003e-37  4.82859e-34  9.12854e-38  6.37489e-35 -3.78014e-39  4.19835e-36  1.32331e-39  1.20175e-37 -1.98007e-40 -2.59416e-39 -1.04311e-44 -3.30827e-40  6.86844e-43 -9.89598e-42  1.64965e-45 -8.53647e-44
  7.3039e-25  1.33027e-35 -4.90242e-23 -4.26745e-35  1.28955e-21 -5.98621e-35 -2.05499e-20  9.97548e-35  2.29041e-19 -1.27616e-34 -1.91906e-18  2.71855e-33  1.26148e-17 -3.37121e-32 -6.68642e-17  2.84938e-31  2.91051e-16 -2.00654e-30 -1.05312e-15  1.28246e-29  3.19158e-15 -7.50062e-29 -8.13171e-15   3.9181e-28  1.74203e-14  -1.7894e-27 -3.12556e-14  7.07897e-27  4.65406e-14 -2.42393e-26 -5.65327e-14  7.20545e-26   5.4243e-14 -1.86696e-25 -3.84061e-14  4.23199e-25   1.6428e-14 -8.41597e-25  3.73402e-16  1.47082e-24 -5.89309e-15 -2.26029e-24  3.26673e-15  3.05292e-24  3.13433e-16 -3.61929e-24  -1.1139e-15  3.75897e-24  2.49364e-16 -3.41477e-24  2.51738e-16  2.71438e-24 -1.08335e-16 -1.89843e-24 -5.19419e-17  1.18652e-24   2.8887e-17 -6.82558e-25  1.16618e-17  3.76112e-25 -5.81198e-18  -2.0655e-25 -2.81905e-18  1.18888e-25  8.07798e-19 -7.81221e-26  6.23535e-19   6.0628e-26 -3.24403e-20 -4.93934e-26 -1.05066e-19  3.63873e-26 -1.74168e-20 -2.22391e-26   1.0446e-20  1.07304e-26  4.74951e-21 -3.81336e-27 -1.79549e-23  7.83113e-28 -5.16353e-22  8.29255e-29 -1.37162e-22 -1.42213e-28  8.90035e-24  5.43541e-29  1.35918e-23 -6.52361e-30  3.06954e-24 -2.52263e-30 -5.94034e-26  1.07927e-30 -1.95045e-25 -1.16936e-31 -4.76887e-26  2.39995e-32 -3.20485e-27 -2.30545e-32  1.09642e-27  5.51822e-33  3.62149e-28   4.6419e-34  4.78264e-29  -3.9393e-34  1.08901e-30  8.60465e-35 -7.46441e-31 -2.15322e-35 -1.48324e-31  6.94125e-36 -1.39073e-32 -1.55019e-36 -4.88536e-34  1.53953e-37  4.32604e-35 -5.54533e-39  7.09892e-36  1.62426e-39  4.51397e-37 -2.18699e-40  1.41536e-38  3.87128e-43  1.49495e-40  5.11865e-43  -2.2637e-42   2.1357e-45
 1.27712e-36  2.97611e-23  3.59376e-35 -1.13738e-21 -5.98621e-35  2.28368e-20 -4.81723e-35 -3.02824e-19  9.36348e-35  2.92781e-18 -1.83301e-33 -2.18012e-17  2.96412e-32  1.29351e-16 -2.45336e-31  -6.2536e-16  1.39531e-30  2.50079e-15 -6.85831e-30 -8.35335e-15  3.68732e-29  2.34398e-14 -2.22769e-28 -5.53673e-14  1.28673e-27  1.09915e-13 -6.39746e-27 -1.82287e-13  2.66909e-26  2.49503e-13  -9.3842e-26 -2.75608e-13  2.80965e-25  2.35267e-13 -7.23398e-25 -1.40196e-13  1.61382e-24  3.88047e-14 -3.13595e-24   2.0035e-14  5.32468e-24  -2.6015e-14 -7.91044e-24  7.36549e-15  1.02792e-23   4.9166e-15 -1.16639e-23 -3.95133e-15  1.15268e-23 -3.20815e-16 -9.89483e-24  1.15103e-15  7.37309e-24 -8.12125e-17 -4.79483e-24 -2.79786e-16  2.76998e-24  2.90725e-17  -1.4695e-24  6.31119e-17  7.40043e-25 -2.85261e-18 -3.54312e-25 -1.29015e-17  1.60891e-25 -1.04647e-18 -8.23701e-26  2.12616e-18  6.47346e-26  5.51425e-19 -6.26459e-26  -2.1899e-19  5.24468e-26 -1.27433e-19 -3.41713e-26 -6.70887e-22  1.69374e-26  1.55771e-20  -6.1002e-27   4.1017e-21  1.27324e-27 -5.32611e-22  1.30486e-28 -5.34865e-22 -2.30725e-28 -1.00631e-22  8.48431e-29  1.41151e-23 -6.88399e-30  1.09184e-23  -5.3653e-30  2.06155e-24  1.77377e-30 -6.14407e-26 -1.69983e-31 -1.16594e-25  8.60427e-32 -2.63431e-26 -5.86309e-32 -1.97108e-27  1.08083e-32  3.85167e-28  1.25899e-33  1.34725e-28 -8.02374e-34  1.82697e-29  1.74471e-34  9.05599e-31 -3.49137e-35 -1.15365e-31  9.32735e-36 -2.77562e-32 -2.17423e-36 -2.67894e-33  2.18828e-37 -1.29258e-34 -6.81734e-39 -4.80828e-37  1.69022e-39  3.29296e-37 -1.89169e-40  1.91167e-38  6.45397e-43  4.40568e-40  2.87391e-43  2.86149e-42
-1.13473e-23  1.55693e-36  7.71162e-22  7.05451e-35 -2.05499e-20 -4.81723e-35  3.31945e-19  7.09756e-36 -3.75257e-18  1.76931e-33  3.19124e-17 -4.14006e-32 -2.13071e-16  4.16878e-31  1.14807e-15 -2.44536e-30 -5.08474e-15  8.80439e-30  1.87392e-14 -1.67759e-29 -5.79121e-14  6.82088e-30  1.50677e-13 -1.10154e-28 -3.30191e-13  2.04391e-27  6.07336e-13 -1.55622e-26 -9.29819e-13  7.83959e-26  1.16626e-12 -3.00919e-25 -1.16381e-12  9.35749e-25  8.69906e-13 -2.43423e-24 -4.12966e-13  5.39613e-24  2.97252e-14 -1.03059e-23  1.23256e-13  1.70636e-23 -8.36256e-14 -2.45629e-23  1.66238e-15   3.0748e-23  2.52429e-14 -3.34096e-23 -8.63884e-15  3.14013e-23 -5.01791e-15 -2.54292e-23  3.25039e-15  1.77101e-23  9.02987e-16 -1.06722e-23 -8.57565e-16  5.69989e-24 -1.96224e-16 -2.82449e-24  1.83805e-16  1.33862e-24  5.33828e-17 -5.68032e-25  -3.0625e-17  1.75706e-25 -1.40056e-17 -3.07269e-26  3.02944e-18  2.70392e-26  2.83849e-18 -5.74422e-26  1.33244e-19  6.39575e-26 -3.68592e-19 -4.59894e-26 -1.06171e-19  2.36339e-26  1.73591e-20 -8.73136e-27  1.62571e-20  1.89979e-27  2.62323e-21  1.81649e-28 -7.75757e-22 -3.50977e-28 -4.31661e-22   1.2518e-28 -6.05161e-23 -4.74711e-30  1.24834e-23 -1.00819e-29  6.96085e-24  2.69717e-30  1.16425e-24 -2.81872e-31 -2.62491e-26   2.3094e-31 -5.31796e-26 -1.21003e-31 -1.15011e-26  1.77051e-32 -9.78539e-28  2.52031e-33  8.07159e-29  -1.3772e-33  3.54705e-29  3.08815e-34  4.93059e-30 -4.84021e-35  3.22874e-31  1.03336e-35 -4.03191e-33 -2.67147e-36 -2.94649e-33   2.6625e-37 -2.88513e-34 -7.28697e-39 -1.41504e-35  1.53013e-39 -3.01207e-37 -1.21505e-40  2.21801e-39  7.50482e-43  1.84913e-40  1.11175e-43
-1.67948e-35 -3.84303e-22 -4.94784e-36  1.48789e-20  9.97548e-35 -3.02824e-19  7.09756e-36  4.07287e-18 -7.35046e-34 -3.99668e-17  4.43462e-32  3.02269e-16 -6.55597e-31   -1.823e-15  5.22267e-30  8.96665e-15 -2.60517e-29 -3.65164e-14  7.81661e-29  1.24357e-13 -6.49187e-29 -3.56227e-13 -6.53266e-28  8.60343e-13  3.74341e-27 -1.74969e-12 -8.90287e-27  2.98017e-12 -5.94458e-27 -4.20398e-12  1.50609e-25  4.81192e-12 -7.68932e-25 -4.29784e-12  2.65154e-24   2.7438e-12 -7.16717e-24 -9.19634e-13  1.60075e-23 -2.65136e-13 -3.02747e-23  4.94599e-13  4.90925e-23 -1.86969e-13 -6.86488e-23 -7.21884e-14  8.28967e-23   8.4152e-14 -8.62785e-23 -3.49433e-15  7.70554e-23 -2.28089e-14 -5.87167e-23  4.52059e-15  3.80362e-23  5.35827e-15 -2.11009e-23 -1.34101e-15   1.0397e-23 -1.23068e-15 -4.89999e-24  2.36875e-16   2.2873e-24  2.71622e-16 -9.01815e-25 -1.40828e-17  1.48945e-25 -5.12827e-17  1.15974e-25 -6.49269e-18 -8.10361e-26  6.85209e-18 -2.04633e-26  2.43886e-18  6.49332e-26 -3.69611e-19 -5.43502e-26 -3.99602e-19  2.92353e-26 -5.98976e-20 -1.13244e-26  2.67331e-20   2.6782e-27  1.30948e-20  2.24069e-28  1.23309e-21 -5.15881e-28 -7.06807e-22  1.79422e-28 -2.82609e-22  1.48983e-30 -3.13479e-23 -1.73081e-29  7.72405e-24  3.87141e-30  3.56847e-24 -5.44909e-31  5.55979e-25  5.11107e-31 -1.19537e-27 -2.12519e-31 -1.82092e-26  2.45225e-32 -3.88506e-27  4.05516e-33 -3.67033e-28 -2.05766e-33  4.16492e-30  4.84876e-34  6.18487e-30 -5.63769e-35   8.9108e-31  9.18178e-36  6.43669e-32 -2.93949e-36  1.63211e-33  2.78306e-37 -1.32704e-34 -7.13536e-39 -1.48528e-35  1.23781e-39 -6.19631e-37 -4.73669e-41 -1.11265e-38  6.94688e-43 -4.39098e-41
 1.23155e-22 -3.74948e-35 -8.47919e-21 -3.24066e-35  2.29041e-19  9.36348e-35 -3.75257e-18 -7.35046e-34  4.30561e-17 -1.96991e-32 -3.71889e-16  6.59345e-31  2.52384e-15 -7.71932e-30 -1.38343e-14  5.34649e-29  6.23905e-14 -2.44774e-28 -2.34382e-13  7.13821e-28  7.39261e-13 -7.77216e-28 -1.96588e-12  -4.3967e-27  4.41081e-12  3.02479e-26 -8.32499e-12 -1.01334e-25   1.3117e-11  1.96156e-25 -1.70045e-11 -4.18476e-26  1.76602e-11 -1.33645e-24 -1.39301e-11  6.22172e-24  7.27782e-12 -1.84531e-23 -1.13829e-12  4.24217e-23 -1.75629e-12 -8.02531e-23   1.4811e-12  1.28123e-22 -1.87976e-13 -1.74542e-22 -3.88566e-13  2.03606e-22  1.89381e-13 -2.03029e-22  6.24337e-14  1.72082e-22 -6.46611e-14 -1.22946e-22 -7.79018e-15   7.3544e-23  1.68326e-14 -3.71427e-23  1.39598e-15  1.67892e-23 -3.77345e-15 -7.73026e-24  -5.2212e-16  3.77277e-24  7.08929e-16 -1.47348e-24  1.90153e-16  8.29731e-26 -9.58358e-17  3.93699e-25  -4.9109e-17 -2.80526e-25  4.77005e-18  5.43453e-26  8.13065e-18  5.17733e-26   1.3094e-18 -5.53779e-26 -6.69339e-19  3.15358e-26 -3.23034e-19 -1.34063e-26 -1.77575e-20  3.67004e-27  2.55173e-20  2.46204e-28  8.55489e-21 -7.51684e-28  4.02837e-22  2.54437e-28 -4.77614e-22  1.37547e-29 -1.53443e-22 -2.75205e-29 -1.46592e-23   5.2831e-30  3.51157e-24  -1.1108e-30  1.46727e-24  9.79159e-31  2.21088e-25 -3.25232e-31  5.18842e-27  2.84486e-32 -4.48618e-27  5.36472e-33 -9.79213e-28 -2.74188e-33 -9.87897e-29  6.82834e-34 -2.82005e-30 -5.24604e-35  6.17556e-31  5.98153e-36   9.9193e-32 -2.95228e-36  7.14282e-33  2.47969e-37  2.54386e-34 -6.79427e-39  9.98565e-37  9.20455e-40 -2.48858e-37  2.99665e-42 -6.76166e-39  4.42299e-43
 8.03166e-36  3.61372e-21 -1.10821e-35 -1.41826e-19 -1.27616e-34  2.92781e-18  1.76931e-33 -3.99668e-17 -1.96991e-32   3.9833e-16 -2.81673e-31 -3.06204e-15  7.26566e-30  1.87858e-14 -7.27679e-29 -9.40802e-14  4.54134e-28    3.905e-13 -1.95152e-27 -1.35697e-12  5.66808e-27  3.97172e-12 -8.31755e-27  -9.8168e-12 -1.62022e-26  2.04721e-11  1.55511e-25 -3.58466e-11  -5.8188e-25  5.21669e-11  1.40626e-24 -6.19257e-11 -2.06219e-24  5.78952e-11 -1.67593e-26 -3.95173e-11  1.10179e-23  1.55091e-11 -4.10443e-23  1.89302e-12  1.00717e-22 -6.78452e-12 -1.93269e-22  3.29143e-12  3.05742e-22  6.30616e-13 -4.07094e-22 -1.27688e-12   4.5944e-22  2.08234e-13 -4.38996e-22  3.16055e-13  3.52537e-22 -1.11238e-13 -2.35041e-22 -6.97662e-14  1.28454e-22  3.15627e-14  -5.7958e-23  1.60776e-14  2.37571e-23 -6.44965e-15 -1.11678e-23 -3.84996e-15  6.09076e-24  8.52256e-16 -2.46511e-24  8.34292e-16 -1.77902e-26 -7.66237e-18  8.35196e-25 -1.36898e-16  -5.7472e-25 -2.80147e-17  1.57927e-25  1.27319e-17  2.59405e-26  6.75085e-18 -4.50643e-26  2.13738e-19  2.78348e-26 -6.81721e-19 -1.45373e-26  -2.0658e-19    5.016e-27  4.91308e-21  2.48489e-28  1.82812e-20 -1.10303e-27  4.68148e-21  3.59245e-28  7.66436e-23  3.41212e-29 -2.52003e-22 -4.06157e-29 -6.96654e-23  6.81696e-30 -6.31247e-24 -2.17875e-30  1.16215e-24  1.66907e-30  4.75865e-25  -4.3831e-31  7.09023e-26  2.64322e-32  3.32833e-27  5.72833e-33 -7.24372e-28 -3.33353e-33 -1.74464e-28   8.6894e-34 -1.81057e-29 -3.26053e-35 -8.64623e-31  1.83588e-36  1.94062e-32 -2.74614e-36  5.84931e-33   1.8386e-37  3.94072e-34 -6.44552e-39  1.26445e-35  6.41212e-40  1.57901e-37  1.93973e-41 -1.02286e-40
-1.00352e-21 -4.29923e-35  7.00409e-20  3.28259e-34 -1.91906e-18 -1.83301e-33  3.19124e-17  4.43462e-32 -3.71889e-16 -2.81673e-31  3.26483e-15 -3.00243e-30 -2.25385e-14  6.48756e-29  1.25782e-13 -5.74761e-28 -5.78095e-13  3.28509e-27  2.21566e-12 -1.33337e-26 -7.13878e-12  3.82918e-26  1.94211e-11 -6.58436e-26  -4.4658e-11 -2.08113e-26  8.65769e-11  6.18818e-25 -1.40532e-10 -2.54857e-24  1.88477e-10  6.66134e-24 -2.03873e-10 -1.20289e-23  1.69667e-10  1.22273e-23 -9.69192e-11  8.71977e-24  2.26599e-11 -7.60269e-23  1.79481e-11  2.13832e-22 -1.95335e-11 -4.24835e-22   4.5272e-12  6.71336e-22  4.29033e-12 -8.76889e-22 -2.94699e-12   9.5901e-22 -4.37849e-13 -8.78113e-22  9.26682e-13  6.66785e-22 -1.96543e-14 -4.12272e-22 -2.36076e-13  2.02635e-22  1.39694e-14 -7.89841e-23  5.46516e-14  2.86633e-23  -2.9146e-16 -1.49211e-23 -1.12856e-14   9.6675e-24 -1.32328e-15  -4.0617e-24   1.8509e-15 -2.01934e-25  5.55494e-16  1.48416e-24 -1.81802e-16 -9.43558e-25 -1.22054e-16  2.61134e-25 -4.12673e-18  -4.9475e-27  1.43427e-17 -1.93048e-26  4.22274e-18  1.51292e-26 -3.83263e-19 -1.44731e-26 -5.12163e-19  6.95815e-27 -1.08306e-19  2.57696e-28  1.02684e-20 -1.63361e-27  1.04559e-20  5.02673e-28  2.19442e-21  6.44034e-29   4.1082e-24 -5.53834e-29 -1.05301e-22  8.18004e-30 -2.63198e-23 -3.95461e-30 -2.43645e-24  2.57438e-30  2.61228e-25 -5.20368e-31  1.17928e-25  1.66497e-32  1.75571e-26  4.45404e-33    1.124e-27 -3.79122e-33 -5.72871e-29  1.00364e-33 -2.02006e-29  2.04972e-36 -2.10444e-30 -1.68209e-36 -1.12371e-31 -2.38092e-36 -1.94218e-33  1.06974e-37  1.25317e-34 -5.83322e-39  8.16241e-36  4.13438e-40  1.55024e-37  1.30088e-41
 7.06249e-35 -2.61352e-20 -6.91881e-34  1.04046e-18  2.71855e-33 -2.18012e-17 -4.14006e-32  3.02269e-16  6.59345e-31 -3.06204e-15 -3.00243e-30  2.39435e-14 -2.61303e-29 -1.49551e-13  4.90683e-28  7.63216e-13 -3.91571e-27  -3.2316e-12  2.06794e-26  1.14692e-11 -7.94175e-26 -3.43325e-11  2.23239e-25  8.69307e-11 -4.14653e-25 -1.86086e-10  1.95225e-25  3.35321e-10  1.98689e-24 -5.03944e-10 -9.33173e-24  6.20987e-10  2.55484e-23 -6.08005e-10 -4.96314e-23  4.42989e-10  6.59009e-23 -1.99052e-10 -3.46207e-23   1.8098e-12 -1.04261e-22  7.04919e-11  4.02444e-22 -4.32791e-11 -8.54866e-22 -1.68594e-12  1.36332e-21  1.45355e-11  -1.7542e-21  -4.2839e-12   1.8623e-21 -3.16193e-12 -1.63412e-21  1.79096e-12  1.17047e-21  6.15668e-13 -6.65719e-22 -4.96999e-13  2.87193e-22 -1.37721e-13 -9.03661e-23  1.09613e-13  2.73372e-23  3.67754e-14 -1.87604e-23  -1.8431e-14  1.50309e-23 -9.47261e-15 -6.31251e-24   1.7387e-15 -6.60158e-25  1.90381e-15  2.41926e-24  1.29963e-16  -1.3446e-24 -2.44098e-16  3.15089e-25 -7.66908e-17 -2.83069e-26  1.02655e-17  2.63563e-26  1.13276e-17  -9.5776e-27  2.02878e-18 -1.33423e-26 -4.93366e-19  9.84295e-27 -3.07507e-19  3.39626e-28 -4.80295e-20    -2.42e-27  7.52275e-21  6.89521e-28  4.89442e-21  1.05633e-28  8.91682e-22 -6.91279e-29  2.71095e-24  8.86836e-30 -3.45965e-23  -6.5855e-30 -8.12762e-24  3.63191e-30 -7.93757e-25  -5.3746e-31   3.0553e-26 -1.18274e-34  2.12054e-26  1.21097e-33  3.18021e-27 -4.14477e-33  2.33694e-28  1.05372e-33  2.42393e-30  4.44289e-35 -1.29712e-30  -3.3756e-36 -1.38443e-31 -1.91442e-36 -6.89589e-33  4.05931e-38 -1.60252e-34 -4.63601e-39 -5.01224e-37  2.31066e-40  2.40521e-38
 6.40635e-21   8.5392e-34  -4.5358e-19 -5.34832e-33  1.26148e-17  2.96412e-32 -2.13071e-16 -6.55597e-31  2.52384e-15  7.26566e-30 -2.25385e-14 -2.61303e-29  1.58404e-13 -1.93691e-28 -9.00803e-13  3.22807e-27  4.22302e-12 -2.34691e-26 -1.65284e-11  1.15167e-25   5.4453e-11 -4.18703e-25 -1.51704e-10  1.14286e-24  3.57884e-10 -2.19257e-24 -7.13426e-10   1.9373e-24  1.19431e-09  5.03934e-24 -1.65883e-09 -2.96002e-23  1.87039e-09  8.44718e-23 -1.64218e-09 -1.69583e-22  1.02042e-09  2.46836e-22 -3.12738e-10 -2.20556e-22 -1.31009e-10    -4.59e-23  2.00086e-10  6.56541e-22 -6.81734e-11 -1.57646e-21 -3.41089e-11  2.57135e-21  3.45808e-11 -3.27468e-21 -9.51031e-14  3.38081e-21 -9.98961e-12 -2.84287e-21  1.66653e-12   1.9153e-21  2.45082e-12 -9.91368e-22 -5.41879e-13  3.60524e-22 -5.78598e-13 -7.66599e-23  9.76581e-14  1.48357e-23  1.30033e-13 -2.28683e-23 -4.43677e-15  2.26955e-23 -2.49025e-14 -8.94424e-24 -3.54892e-15 -1.80951e-24  3.35276e-15  3.77249e-24  1.26738e-15 -1.71953e-24  -1.7193e-16  2.57526e-25 -2.06721e-16 -2.96645e-26 -3.34075e-17  9.68905e-26  1.34861e-17 -4.87923e-26  7.00791e-18 -1.18122e-26  7.37571e-19  1.41017e-26 -3.60271e-19  6.03843e-28 -1.53062e-19 -3.53833e-27 -1.86661e-20  9.16215e-28  3.69124e-21  1.57668e-28  1.88664e-21 -7.77444e-29  3.13331e-22  8.22807e-30    5.112e-24 -1.00889e-29 -8.70292e-24  4.72047e-30 -1.98924e-24 -4.64699e-31 -2.04237e-25 -2.00508e-32 -1.99854e-27 -3.71964e-33  2.53116e-27 -4.46173e-33  3.92664e-28  1.00385e-33   2.9801e-29  8.37155e-35   9.7862e-31 -3.02468e-36 -2.75996e-32 -1.40312e-36 -4.15596e-33 -6.30706e-40 -1.63095e-34 -2.96408e-39 -2.37577e-36  9.47121e-41
-5.21726e-34  1.50384e-19  7.79411e-33 -6.07737e-18 -3.37121e-32  1.29351e-16  4.16878e-31   -1.823e-15 -7.71932e-30  1.87858e-14  6.48756e-29 -1.49551e-13 -1.93691e-28  9.51826e-13 -1.25375e-27 -4.95456e-12  1.88028e-26  2.14209e-11 -1.25533e-25 -7.77228e-11  5.74655e-25  2.38197e-10 -1.97831e-24 -6.18504e-10  5.21351e-24  1.36053e-09 -1.00644e-23 -2.52582e-09  1.11569e-23  3.92448e-09  8.74482e-24 -5.02507e-09 -8.26564e-23  5.15554e-09   2.4781e-22 -4.00464e-09  -5.0622e-22  2.02793e-09  7.65024e-22 -2.41112e-10 -8.01508e-22 -5.67417e-10  3.19543e-22  4.44143e-10  8.75362e-22 -4.14031e-11 -2.66142e-21 -1.27265e-10  4.52006e-21  5.76324e-11 -5.72787e-21  2.23445e-11  5.76188e-21 -2.10699e-11 -4.64295e-21 -3.11086e-12  2.93244e-21  5.72904e-12 -1.36142e-21  5.79147e-13  3.86997e-22 -1.32781e-12 -1.87074e-23 -2.02353e-13 -1.30167e-23  2.56655e-13 -2.81585e-23  7.22696e-14  3.29436e-23  -3.5552e-14 -1.12075e-23  -1.8876e-14 -4.31103e-24  1.76357e-15  5.72286e-24  3.18462e-15 -2.00382e-24   5.2867e-16  2.38364e-26 -2.65643e-16  3.63834e-27 -1.31251e-16  1.97434e-25 -7.77764e-18 -1.03888e-25  1.03812e-17 -1.12025e-26  3.56666e-18  2.02118e-26  1.90066e-19  1.19453e-27  -1.9397e-19 -5.04531e-27 -6.43175e-20  1.16732e-27 -6.59864e-21  2.19175e-28  1.32655e-21 -7.64311e-29  5.94173e-22  5.62892e-30  9.33882e-23 -1.43039e-29  3.29819e-24  5.67998e-30 -1.58893e-24 -2.97073e-31  -3.6909e-25 -3.72892e-32 -3.89503e-26 -9.42902e-33 -1.48713e-27 -4.78325e-33  1.64013e-28  8.62671e-34  2.97704e-29  1.09597e-34  2.16299e-30 -1.35955e-36  7.90889e-32 -9.10542e-37  8.27321e-34 -1.56913e-38 -3.20462e-35   -1.373e-39 -6.48588e-37
-3.29265e-20 -7.24181e-33  2.36667e-18  5.32116e-32 -6.68642e-17 -2.45336e-31  1.14807e-15  5.22267e-30 -1.38343e-14 -7.27679e-29  1.25782e-13  4.90683e-28 -9.00803e-13 -1.25375e-27  5.22489e-12 -7.20649e-27 -2.50097e-11  9.82237e-26  1.00061e-10 -6.05749e-25 -3.37427e-10  2.59462e-24  9.63738e-10 -8.45988e-24 -2.33513e-09  2.14387e-23  4.79208e-09  -4.0974e-23 -8.28302e-09  5.03921e-23  1.19279e-08  9.70805e-25 -1.40319e-08 -2.04371e-22  1.29988e-08  6.55533e-22  -8.7514e-09 -1.35453e-21  3.29192e-09  2.07605e-21  6.07889e-10 -2.32176e-21 -1.63117e-09  1.48422e-21  7.52918e-10  7.68177e-22  1.79729e-10 -4.09586e-21 -3.16534e-10   7.4265e-21  4.61691e-11 -9.42108e-21  8.24254e-11  9.25294e-21  -2.7977e-11 -7.14508e-21 -1.88535e-11  4.21434e-21  8.38341e-12  -1.7197e-21  4.45502e-12  3.20306e-22 -1.78979e-12  1.02134e-22 -1.09311e-12 -5.78223e-23    2.477e-13 -3.62607e-23  2.43994e-13  4.55278e-23 -3.32356e-15 -1.18685e-23 -4.14381e-14 -8.96608e-24 -8.37794e-15  8.45581e-24  4.01642e-15 -2.13792e-24  2.10807e-15 -4.39747e-25  5.70928e-17   7.9526e-26 -2.20065e-16  3.32248e-25  -6.6323e-17 -1.74421e-25  1.77866e-18 -1.34934e-26  5.99645e-18  2.86402e-26  1.53858e-18  2.26402e-27  2.76824e-20 -6.95703e-27 -8.21376e-20  1.41443e-27 -2.29378e-20  2.87984e-28 -2.16377e-21 -6.09454e-29  3.48532e-22  7.08394e-31  1.49693e-22 -1.88868e-29  2.27971e-23  6.34814e-30  1.22052e-24 -5.45791e-32 -1.87903e-25 -4.61256e-32 -4.87481e-26 -1.46478e-32  -5.1452e-27 -5.07431e-33 -2.63217e-28  6.60624e-34  1.31359e-30  1.16392e-34  1.14717e-30  5.02263e-37  7.57406e-32  -5.0052e-37  2.20234e-33 -1.39214e-38  2.32177e-35 -3.73872e-40
 3.96565e-33 -7.03926e-19 -6.49432e-32  2.89009e-17  2.84938e-31  -6.2536e-16 -2.44536e-30  8.96665e-15  5.34649e-29 -9.40802e-14 -5.74761e-28  7.63216e-13  3.22807e-27 -4.95456e-12 -7.20649e-27  2.63319e-11 -3.72332e-26 -1.16368e-10  4.64707e-25  4.32127e-10 -2.65953e-24 -1.35737e-09  1.06847e-23  3.61868e-09 -3.30038e-23 -8.18948e-09  8.01955e-23  1.56829e-08 -1.50141e-22 -2.52222e-08  1.93652e-22  3.35951e-08 -7.20244e-23 -3.61427e-08 -4.46183e-22  2.99037e-08  1.57965e-21 -1.68715e-08 -3.29757e-21  3.63144e-09  5.06478e-21  3.53534e-09  -5.8182e-21 -3.65518e-09  4.38777e-21   7.9615e-10 -2.75594e-22  8.58487e-10 -5.68989e-21 -5.75951e-10  1.14299e-20 -9.41481e-11 -1.46161e-20      1.9e-10  1.40469e-20 -3.69962e-12 -1.03956e-20 -5.02045e-11  5.70111e-21  3.22911e-12 -1.98514e-21  1.20272e-11  1.12311e-22 -1.73969e-13  2.98341e-22 -2.57977e-12 -1.17478e-22 -2.75816e-13 -4.88848e-23  4.43015e-13  5.93872e-23  1.27611e-13 -9.43885e-24 -4.66246e-14 -1.64793e-23 -2.97508e-14  1.20972e-23 -5.86615e-16 -2.07978e-24  3.69576e-15  -1.1637e-24  1.04641e-15  1.99864e-25 -1.14626e-16    5.032e-25 -1.34535e-16 -2.57629e-25 -2.75288e-17 -2.11566e-26  2.99134e-18   3.9769e-26  2.78634e-18  3.93001e-27  5.74454e-19 -9.22981e-27 -5.31568e-22  1.61858e-27 -2.78149e-20  3.61597e-28 -6.89398e-21 -2.90323e-29 -6.44812e-22 -6.40642e-30  6.24136e-23 -2.33569e-29  2.91043e-23   6.6033e-30   4.3463e-24  2.21153e-31  2.89946e-25 -4.34057e-32 -9.66914e-27 -1.81929e-32 -4.16014e-27 -5.22622e-33 -4.31183e-28  4.39951e-34 -2.28161e-29   1.0496e-34 -4.66442e-31  1.70958e-36  1.31309e-32  -2.1552e-37  8.64287e-34  -6.9065e-39  1.04935e-35
 1.38737e-19  5.31018e-32 -1.01321e-17 -4.20483e-31  2.91051e-16  1.39531e-30 -5.08474e-15 -2.60517e-29  6.23905e-14  4.54134e-28 -5.78095e-13 -3.91571e-27  4.22302e-12  1.88028e-26 -2.50097e-11 -3.72332e-26  1.22362e-10 -1.74534e-25 -5.00997e-10  2.00669e-24  1.73134e-09 -1.06974e-23 -5.07555e-09  4.03906e-23  1.26468e-08 -1.18226e-22 -2.67512e-08  2.74881e-22  4.78028e-08 -5.00448e-22 -7.14568e-08  6.56392e-22  8.77927e-08 -3.87328e-22 -8.58349e-08 -8.47651e-22  6.24189e-08  3.49172e-21 -2.77266e-08 -7.37479e-21    -4.39e-10  1.12748e-20  1.07041e-08 -1.30476e-20 -6.49505e-09  1.05962e-20 -3.29372e-10 -3.31171e-21   2.2982e-09 -6.98167e-21 -6.85944e-10  1.65023e-20 -5.15217e-10 -2.14448e-20  3.01654e-10  2.02173e-20  1.01418e-10 -1.43439e-20 -8.73292e-11  7.27833e-21 -2.28982e-11 -2.06542e-21  2.01661e-11 -2.73851e-22  6.34092e-12  5.71028e-22 -3.60042e-12 -1.86653e-22 -1.72714e-12  -6.6513e-23  3.82678e-13   7.2522e-23  3.69223e-13 -2.65886e-24  1.67898e-14 -2.71399e-23 -5.08243e-14  1.66466e-23 -1.48048e-14 -1.81898e-24  2.55049e-15 -2.14572e-24  2.38586e-15  3.60633e-25   3.9063e-16  7.08257e-25 -1.16662e-16  -3.4836e-25 -6.61171e-17 -3.67392e-26 -9.63845e-18  5.37971e-26  1.81189e-18  6.22354e-27   1.0693e-18 -1.17489e-26  1.87896e-19  1.73652e-27 -6.22238e-22   4.3746e-28 -7.47968e-21  1.84927e-29 -1.71158e-21 -1.50044e-29  -1.6498e-22 -2.71799e-29  5.77659e-24  6.39831e-30  4.12802e-24  4.78009e-31  6.09574e-25 -2.99617e-32  4.46147e-26 -1.93901e-32  6.92525e-28 -5.11385e-33 -1.90553e-28  2.41031e-34  -1.9983e-29  8.15711e-35 -9.26056e-31  2.00569e-36 -1.95611e-32 -5.92685e-38 -8.78373e-35 -1.83574e-39
-2.60014e-32  2.72036e-18  4.56367e-31 -1.13574e-16 -2.00654e-30  2.50079e-15  8.80439e-30 -3.65164e-14 -2.44774e-28    3.905e-13  3.28509e-27  -3.2316e-12 -2.34691e-26  2.14209e-11  9.82237e-26 -1.16368e-10 -1.74534e-25  5.26265e-10 -7.47821e-25  -2.0025e-09  7.95921e-24  6.45504e-09 -3.96454e-23 -1.76907e-08  1.40917e-22   4.1244e-08 -3.90974e-22  -8.1579e-08  8.68463e-22  1.35981e-07 -1.52951e-21 -1.88638e-07  2.00186e-21  2.12983e-07 -1.43178e-21 -1.87596e-07 -1.34635e-21  1.16928e-07  7.11539e-21 -3.54355e-08 -1.52548e-20 -1.63695e-08  2.31189e-20  2.45117e-08 -2.66521e-20 -8.46152e-09  2.23964e-20 -4.30692e-09 -9.89831e-21  4.49702e-09 -7.17121e-21 -6.45502e-11  2.23602e-20 -1.33886e-09 -2.98209e-20  2.53987e-10  2.76593e-20  3.36838e-10 -1.88246e-20 -8.60978e-11  8.79069e-21 -8.20448e-11 -1.87947e-21  1.71179e-11 -8.49545e-22  1.92984e-11  9.07239e-22 -1.35796e-12 -2.59226e-22  -3.9283e-12 -8.67489e-23 -4.35943e-13  8.21738e-23  5.74825e-13  8.86659e-24  1.94345e-13 -4.05257e-23 -3.68747e-14  2.19393e-23 -3.51555e-14 -1.39056e-24 -4.77968e-15 -3.34511e-24  2.60974e-15  5.52923e-25  1.20933e-15    9.404e-25  1.02295e-16 -4.39622e-25 -7.01753e-17 -6.21742e-26 -2.71267e-17  7.06228e-26 -2.94732e-18  9.04199e-27  7.46745e-19 -1.43306e-26  3.41044e-19  1.73018e-27  5.37635e-20  5.12796e-28  4.32206e-22  7.74343e-29 -1.55524e-21 -2.38861e-29  -3.3952e-22 -2.98625e-29 -3.37868e-23  5.77321e-30 -3.34573e-25  6.68271e-31  3.88595e-25  -1.0336e-32  5.81397e-26 -1.82785e-32  4.24917e-27 -4.67109e-33  1.39445e-28  9.08552e-35 -2.36319e-30  5.46411e-35 -3.92342e-31  1.63272e-36 -1.28159e-32 -3.73451e-41 -1.15912e-34
-4.84973e-19 -3.32129e-31  3.60216e-17  2.83757e-30 -1.05312e-15 -6.85831e-30  1.87392e-14  7.81661e-29 -2.34382e-13 -1.95152e-27  2.21566e-12  2.06794e-26 -1.65284e-11 -1.25533e-25  1.00061e-10  4.64707e-25 -5.00997e-10 -7.47821e-25  2.10184e-09 -2.94663e-24  -7.4531e-09  2.91502e-23  2.24561e-08 -1.36028e-22 -5.76185e-08  4.55818e-22  1.25799e-07 -1.19907e-21 -2.32721e-07  2.54153e-21  3.61594e-07 -4.31296e-21 -4.64507e-07  5.56281e-21  4.79535e-07 -4.36909e-21  -3.7579e-07 -1.57611e-21  1.92307e-07  1.34174e-20 -2.26635e-08 -2.93317e-20 -5.63989e-08   4.3944e-20  4.51866e-08 -5.01161e-20 -4.75223e-09   4.2683e-20  -1.3245e-08 -2.20099e-20  6.42422e-09 -5.12208e-21  2.27701e-09  2.84018e-20 -2.41353e-09 -3.93708e-20 -2.76406e-10  3.60563e-20  6.78521e-10 -2.35656e-20  4.29499e-11  1.00708e-20 -1.64417e-10 -1.38377e-21 -1.82381e-11 -1.58939e-21  3.38487e-11  1.28093e-21   7.9435e-12 -3.32056e-22 -5.18095e-12 -1.02997e-22 -2.35933e-12  8.53707e-23  3.63768e-13  2.40867e-23  4.42803e-13 -5.53518e-23  5.70195e-14  2.76529e-23 -4.25747e-14 -8.85086e-25 -1.81796e-14 -4.68122e-24 -4.33508e-16  7.64179e-25  1.65094e-15   1.1872e-24  5.05005e-16 -5.23797e-25   1.2937e-17 -9.79089e-26 -3.16245e-17  8.97351e-26 -9.47001e-18  1.21265e-26 -8.25639e-19 -1.67423e-26  2.29263e-19  1.57689e-27  8.96575e-20  5.84081e-28  1.31997e-20   1.4084e-28   3.5281e-22 -3.16334e-29 -2.37448e-22  -3.1037e-29 -5.13038e-23  4.84271e-30  -5.1593e-24  7.61753e-31 -1.87452e-25  9.08104e-33  1.97118e-26 -1.55154e-32  3.35631e-27 -3.93578e-33  2.26049e-28 -1.85178e-36  7.55924e-30  3.12014e-35  7.86805e-32  1.01339e-36 -1.48084e-33  7.97171e-39
 1.45974e-31 -8.76259e-18 -2.75101e-30  3.72401e-16  1.28246e-29 -8.35335e-15 -1.67759e-29  1.24357e-13  7.13821e-28 -1.35697e-12 -1.33337e-26  1.14692e-11  1.15167e-25 -7.77228e-11 -6.05749e-25  4.32127e-10  2.00669e-24  -2.0025e-09 -2.94663e-24  7.81835e-09  -1.0732e-23 -2.58988e-08  9.90243e-23  7.30698e-08 -4.33878e-22 -1.75748e-07  1.37233e-21  3.59576e-07 -3.42362e-21 -6.22103e-07  6.91769e-21  9.00012e-07  -1.1277e-20  -1.0675e-06  1.42069e-20  1.00072e-06 -1.16633e-20 -6.84775e-07 -5.15111e-22  2.64087e-07  2.34806e-20  4.69294e-08 -5.26247e-20 -1.34834e-07  7.77727e-20  6.57139e-08 -8.73419e-20  1.37424e-08  7.45259e-20 -2.80422e-08 -4.17595e-20  5.07877e-09  5.47418e-22  7.34091e-09  3.36958e-20 -2.93208e-09  -4.9414e-20 -1.67689e-09  4.48906e-20  9.09314e-10 -2.82217e-20  4.03664e-10  1.09757e-20 -2.08188e-10  -5.9487e-22  -1.0495e-10 -2.42653e-21  3.33088e-11   1.6573e-21  2.55028e-11 -4.08544e-22 -1.92512e-12 -1.04233e-22 -4.79804e-12  7.97341e-23 -7.27838e-13  4.02307e-23  5.43266e-13 -6.95434e-23  2.36151e-13  3.33553e-23 -6.09161e-15 -4.49918e-25 -2.87492e-14 -6.03539e-24 -7.39353e-15  9.79819e-25  6.10809e-16  1.43104e-24  7.96972e-16 -5.94337e-25  1.79043e-16 -1.42099e-25 -3.21377e-18  1.10159e-25 -1.13435e-17  1.50825e-26 -2.83103e-18 -1.87394e-26 -2.20578e-19  1.27743e-27  5.26929e-20  6.46547e-28   1.9008e-20  2.00386e-28  2.67911e-21 -3.69656e-29  1.21765e-22 -3.05218e-29 -2.40336e-23  3.76429e-30 -5.52345e-24  7.52691e-31 -5.44103e-25  2.25946e-32   -2.595e-26 -1.20512e-32  1.24886e-28 -3.03745e-33  9.49056e-29 -4.40906e-35  5.45021e-30  1.48234e-35  1.27612e-31  4.75527e-37  8.30354e-34
 1.41669e-18  1.78918e-30 -1.07138e-16 -1.66941e-29  3.19158e-15  3.68732e-29 -5.79121e-14 -6.49187e-29  7.39261e-13  5.66808e-27 -7.13878e-12 -7.94175e-26   5.4453e-11  5.74655e-25 -3.37427e-10 -2.65953e-24  1.73134e-09  7.95921e-24  -7.4531e-09  -1.0732e-23  2.71577e-08 -3.62862e-23 -8.42233e-08  3.13217e-22   2.2287e-07 -1.29108e-21 -5.03023e-07  3.85863e-21  9.64858e-07 -9.13119e-21 -1.56059e-06  1.75741e-20  2.09885e-06 -2.74523e-20 -2.28944e-06  3.35576e-20  1.93024e-06 -2.79736e-20 -1.11911e-06  3.99481e-21  2.58842e-07  3.82243e-20  2.32514e-07 -8.83486e-20 -2.57813e-07  1.28547e-19  6.45484e-08 -1.41719e-19  5.91841e-08  1.20387e-19 -4.49675e-08 -7.09512e-20 -4.94043e-09  1.12953e-20  1.49827e-08    3.704e-20 -1.13991e-09 -5.90177e-20 -4.04238e-09  5.35067e-20  5.27764e-10 -3.24282e-20  1.00809e-09  1.14197e-20  -8.4601e-11  3.99877e-22  -2.3118e-10 -3.25621e-21 -9.45346e-12  1.99877e-21  4.38325e-11 -5.00195e-22  9.55538e-12 -7.63293e-23 -5.50232e-12  6.42787e-23 -2.74095e-12  5.30382e-23  1.34197e-13 -8.05438e-23  4.00311e-13   3.8571e-23  9.10819e-14 -2.78551e-25 -1.92629e-14 -7.25719e-24 -1.45902e-14  1.18584e-24 -2.40863e-15  1.64994e-24  4.95644e-16 -6.47503e-25  3.12841e-16 -1.90239e-25  5.52041e-17  1.30505e-25 -2.44931e-18  1.74505e-26 -3.28987e-18 -2.01109e-26 -7.20145e-19  8.58529e-28 -5.56456e-20  6.94176e-28  8.66163e-21  2.48106e-28  3.13268e-21 -3.90588e-29  4.26859e-22 -2.83547e-29  2.52129e-23  2.69823e-30 -1.20075e-24  6.58584e-31 -3.83079e-25  2.72515e-32 -3.58803e-26  -8.7452e-33 -1.71438e-27 -2.13938e-33 -3.08852e-29 -5.14841e-35  7.22488e-31  5.59286e-36   3.4548e-32   1.4994e-37
-7.09199e-31  2.36515e-17  1.43722e-29 -1.02447e-15 -7.50062e-29  2.34398e-14  6.82088e-30 -3.56227e-13 -7.77216e-28  3.97172e-12  3.82918e-26 -3.43325e-11 -4.18703e-25  2.38197e-10  2.59462e-24 -1.35737e-09 -1.06974e-23  6.45504e-09  2.91502e-23 -2.58988e-08 -3.62862e-23  8.83003e-08 -1.14324e-22 -2.56879e-07  9.25569e-22  6.38448e-07 -3.59528e-21 -1.35338e-06  1.01626e-20  2.43424e-06  -2.2816e-20 -3.67827e-06  4.17971e-20  4.58856e-06 -6.24321e-20 -4.57864e-06  7.36638e-20  3.42373e-06 -6.11793e-20  -1.5936e-06  1.57124e-20  2.45067e-08  5.79991e-20  6.05931e-07 -1.39068e-19 -4.02389e-07  1.98793e-19     -2.9e-10 -2.14722e-19  1.40142e-07  1.81114e-19 -5.11122e-08 -1.10586e-19 -2.99877e-08  2.84549e-20  2.20217e-08  3.71014e-20  5.36747e-09 -6.71401e-20 -6.55573e-09  6.12212e-20 -1.15448e-09 -3.58567e-20  1.60635e-09  1.13893e-20  3.57797e-10  1.44823e-21 -3.18175e-10 -3.94709e-21 -1.15025e-10  2.27041e-21  4.25712e-11 -6.24973e-22  2.86513e-11 -4.84905e-24 -9.81486e-13   3.9864e-23 -4.63367e-12  5.75428e-23 -1.01757e-12 -8.57789e-23  3.33779e-13   4.2837e-23   2.1163e-13 -5.87041e-25  2.34392e-14 -8.17675e-24 -1.38558e-14  1.37282e-24 -5.99956e-15  1.81935e-24 -6.33483e-16 -6.83561e-25  2.33613e-16 -2.35555e-25  1.02401e-16  1.49128e-25  1.50802e-17   1.8816e-26 -7.55901e-19 -2.07221e-26 -7.66287e-19  3.68497e-28 -1.52715e-19  7.20428e-28 -1.23778e-20     2.78e-28  8.85583e-22 -3.77296e-29  3.79494e-22  -2.4795e-29  5.00135e-23  1.77222e-30  3.27322e-24  5.12264e-31  2.77737e-26  2.35419e-32 -1.42438e-26  -6.1025e-33 -1.26454e-27 -1.37325e-33 -4.96399e-29 -4.08122e-35 -8.24811e-31  1.52175e-36 -2.22447e-33
-3.46983e-18 -8.37234e-30  2.67534e-16  8.59243e-29 -8.13171e-15 -2.22769e-28  1.50677e-13 -6.53266e-28 -1.96588e-12 -8.31755e-27  1.94211e-11  2.23239e-25 -1.51704e-10 -1.97831e-24  9.63738e-10  1.06847e-23 -5.07555e-09 -3.96454e-23  2.24561e-08  9.90243e-23 -8.42233e-08 -1.14324e-22  2.69309e-07 -3.36735e-22  -7.3623e-07  2.56275e-21  1.72079e-06 -9.39484e-21 -3.42828e-06  2.51362e-20  5.78197e-06 -5.35477e-20 -8.15336e-06  9.33093e-20  9.40616e-06 -1.33026e-19 -8.52326e-06  1.50841e-19  5.53376e-06 -1.23131e-19 -1.84186e-06  4.01335e-20 -6.84827e-07  8.21752e-20  1.21383e-06 -2.05461e-19  -4.8704e-07  2.87819e-19 -1.87842e-07 -3.04295e-19  2.47569e-07  2.55023e-19 -2.15963e-08 -1.60517e-19 -7.26244e-08  5.30596e-20  2.05337e-08  3.26425e-20  1.81772e-08 -7.28559e-20 -6.90802e-09  6.74554e-20 -4.55477e-09 -3.82542e-20  1.55915e-09  1.09345e-20   1.1563e-09  2.35602e-21 -2.10906e-10 -4.35829e-21  -2.6391e-10  2.44324e-21 -5.84452e-12 -8.02487e-22  4.51593e-11  1.21376e-22  1.09646e-11  9.03994e-24 -4.13805e-12  4.92639e-23 -2.57201e-12 -8.31551e-23  -1.6857e-13  4.57318e-23  2.48301e-13  -1.5797e-24  8.78603e-14 -8.62526e-24  1.97223e-15  1.54054e-24 -6.77173e-15  1.91499e-24 -2.07235e-15 -7.06822e-25 -1.37096e-16 -2.70273e-25  8.09902e-17  1.64385e-25   2.8131e-17  1.89259e-26  3.66969e-18 -2.05392e-26 -1.31146e-19 -1.33159e-28 -1.39839e-19  7.19628e-28  -2.6063e-20  2.87113e-28 -2.22054e-21 -3.34404e-29  2.50859e-23 -2.02904e-29  3.09245e-23  1.05963e-30  3.95791e-24  3.50728e-31  2.55377e-25   1.4622e-32  6.94993e-27 -4.22396e-33 -1.62222e-28   -8.023e-34 -1.73862e-29 -2.51007e-35 -3.96025e-31  2.30168e-37
 3.00433e-30 -5.35775e-17 -6.54279e-29  2.36883e-15   3.9181e-28 -5.53673e-14 -1.10154e-28  8.60343e-13  -4.3967e-27  -9.8168e-12 -6.58436e-26  8.69307e-11  1.14286e-24 -6.18504e-10 -8.45988e-24  3.61868e-09  4.03906e-23 -1.76907e-08 -1.36028e-22  7.30698e-08  3.13217e-22 -2.56879e-07 -3.36735e-22  7.71977e-07 -9.29887e-22 -1.98635e-06  6.66597e-21  4.37077e-06 -2.30924e-20 -8.18796e-06  5.85231e-20   1.2945e-05  -1.1831e-19 -1.70086e-05  1.95983e-19  1.80734e-05  -2.6622e-19 -1.47198e-05  2.88998e-19  8.01272e-06  -2.2944e-19 -1.31534e-06  8.38636e-20 -2.17587e-06  1.08909e-19  2.00248e-06 -2.84868e-19 -3.46536e-07  3.89825e-19  -5.5098e-07 -4.03565e-19  3.35708e-07  3.37502e-19  7.62426e-08 -2.19464e-19 -1.23532e-07  8.57265e-20 -1.67211e-09  2.28239e-20   3.5302e-08  -7.5626e-20 -1.43518e-09  7.18518e-20 -9.00365e-09 -3.94496e-20 -4.64036e-11  1.01357e-20  2.03598e-09  2.92222e-21  2.58474e-10  -4.3593e-21 -3.64573e-10  2.49535e-21 -1.14935e-10 -1.04741e-21  3.86582e-11  3.06896e-22  2.71788e-11 -2.47404e-23  1.08537e-12  2.54981e-23 -3.36182e-12 -7.14592e-23 -1.05225e-12  4.68786e-23  7.72881e-14 -3.40852e-24  1.27537e-13 -8.46377e-24  2.97903e-14  1.70104e-24 -1.65244e-15  1.91689e-24 -2.57802e-15 -7.24237e-25 -6.14044e-16  -2.8749e-25 -2.64415e-17  1.74905e-25   2.1721e-17  1.77675e-26  6.43443e-18 -1.96293e-26  7.81828e-19 -5.88979e-28 -7.04771e-21  6.88597e-28 -1.91058e-20  2.75896e-28 -3.40278e-21 -2.71455e-29 -2.95206e-22 -1.54059e-29 -6.84844e-24  5.75293e-31  1.43154e-24  2.04892e-31  1.86764e-25  4.61387e-33  1.06567e-26  -2.9406e-33  2.91841e-28   -4.242e-34  2.01452e-30 -1.18992e-35 -3.25814e-32
