 1.56091e-07 -5.31393e-21 -1.73483e-06  9.33369e-20  6.56386e-06 -5.02616e-19 -1.23352e-05  1.54206e-18  1.17174e-05 -3.12115e-18 -3.70741e-06  4.33507e-18  -2.1199e-06  -4.1105e-18  1.13656e-06  2.53804e-18  6.69542e-07  -8.6948e-19   -1.524e-07   2.9999e-20 -2.16452e-07  9.95814e-20 -4.45692e-08 -3.08394e-21  3.21115e-08 -6.49889e-20  2.57628e-08   5.5674e-20  6.27605e-09  -1.2868e-20 -2.03488e-09 -5.27899e-21 -2.43987e-09 -1.01111e-22 -1.03879e-09  1.85931e-21 -1.71243e-10  7.10614e-22  7.88516e-11 -4.46783e-22  7.69144e-11 -3.06762e-22  3.47574e-11  3.03058e-23  9.81534e-12  7.06985e-23  1.09383e-12  1.97786e-23 -6.33171e-13  -1.0339e-23  -5.0963e-13 -5.77809e-24  -2.2379e-13  4.65637e-25 -7.30127e-14  1.34418e-24 -1.84006e-14  1.35158e-25 -3.25526e-15 -3.15443e-25 -1.50299e-16 -1.40156e-25  1.77927e-16  1.09931e-26  9.84031e-17  2.81748e-26  3.50087e-17  1.10783e-26   1.0073e-17  1.74511e-27   2.4985e-18 -2.85096e-28  5.47954e-19 -1.74416e-28  1.07323e-19  2.55318e-29  1.87852e-20  4.53664e-29  2.91331e-21  1.67018e-29   3.9092e-22  1.34668e-30  4.26582e-23 -1.75048e-30   3.0144e-24 -1.21097e-30 -1.04247e-25 -4.93342e-31 -8.95342e-26 -1.52332e-31 -2.10554e-26 -3.86534e-32 -3.64373e-27 -8.36127e-33 -5.27499e-28 -1.56912e-33 -6.66272e-29 -2.59578e-34 -7.47112e-30 -3.83571e-35 -7.49112e-31 -5.06031e-36  -6.7284e-32 -5.94128e-37 -5.40456e-33 -6.26637e-38 -3.86519e-34  -5.9612e-39 -2.44374e-35 -5.01727e-40 -1.35206e-36 -3.65778e-41 -6.45878e-38 -2.28995e-42 -2.61696e-39  -1.2099e-43 -8.76719e-41 -5.18455e-45 -2.33781e-42 -1.70787e-46 -4.68136e-44 -4.01716e-48 -6.38344e-46 -5.84983e-50  -4.7251e-48  -3.4021e-52
-5.31393e-21  2.61779e-06 -5.16369e-20 -1.62698e-05  6.24167e-19  4.54183e-05 -2.69746e-18 -6.65024e-05  7.07323e-18  4.69042e-05 -1.25567e-17 -4.22882e-06   1.5355e-17 -1.21421e-05  -1.2641e-17  1.34075e-06  6.50173e-18  3.45612e-06 -1.58076e-18  4.80169e-07 -2.73295e-19 -7.30488e-07  3.79883e-19 -4.09416e-07  -1.1289e-19 -8.93813e-09 -9.73878e-20  9.06031e-08   1.1917e-19  5.00311e-08 -2.05586e-20  8.51897e-09 -1.86114e-20 -5.30423e-09 -3.61097e-21 -4.81821e-09  6.62085e-21 -1.93559e-09  2.70977e-21  -3.3799e-10 -1.29513e-21  1.14384e-10 -1.01076e-21    1.238e-10  2.05894e-23  5.91078e-11  2.08972e-22  1.87753e-11  6.14565e-23  3.59171e-12 -2.55682e-23 -1.59114e-13  -1.3225e-23 -4.99788e-13   2.8578e-24 -2.67125e-13  3.42116e-24   -9.915e-14 -2.96158e-25 -2.92951e-14 -1.16578e-24 -7.05562e-15 -4.11894e-25 -1.32575e-15  5.55312e-26 -1.52071e-16   9.1132e-26  1.35351e-17  3.54468e-26  1.49904e-17  7.25249e-27  5.76452e-18  6.35018e-28  1.66317e-18   2.0502e-28  4.05962e-19  3.02536e-28  8.74956e-20   1.7061e-28  1.69867e-20  4.48946e-29  3.00213e-21 -1.24314e-30  4.85805e-22 -7.14627e-30  7.21951e-23 -4.03199e-30  9.86441e-24 -1.50749e-30  1.23899e-24 -4.41107e-31  1.42866e-25 -1.07449e-31  1.50891e-26 -2.24189e-32  1.45506e-27 -4.06834e-33  1.27579e-28 -6.51292e-34  1.01194e-29 -9.27922e-35  7.21809e-31 -1.17295e-35  4.59941e-32 -1.31137e-36   2.6002e-33 -1.30492e-37  1.29644e-34 -1.15563e-38  5.69345e-36 -8.94533e-40  2.22346e-37 -5.93497e-41  7.90072e-39 -3.33522e-42  2.61185e-40 -1.55472e-43  8.04613e-42  -5.7603e-45  2.21446e-43 -1.59159e-46  4.81506e-45   -2.965e-48   6.5559e-47 -2.96624e-50  3.49555e-49
-1.73483e-06 -5.16369e-20  2.13838e-05 -2.78784e-19 -9.09229e-05  2.54051e-18  0.000196485 -9.16219e-18 -0.000226195  2.10321e-17  0.000111197 -3.32166e-17  2.14475e-05  3.59432e-17 -3.48396e-05 -2.55301e-17 -7.04871e-06  1.06257e-17  8.43948e-06 -1.54649e-18   4.1416e-06 -7.83608e-19  -7.5695e-07  7.20171e-19 -1.35784e-06 -3.53722e-19 -4.47945e-07 -9.63962e-20  9.09156e-08  2.14396e-19  1.49947e-07 -2.31713e-20  6.54417e-08  -4.5811e-20  7.58323e-09 -1.22202e-20 -8.25434e-09   1.4964e-20 -6.46509e-09  6.97271e-21 -2.54331e-09 -2.42501e-21 -5.02637e-10 -2.27947e-21  8.73438e-11 -1.07811e-22  1.28002e-10   3.9227e-22  6.60949e-11  1.20437e-22  2.32726e-11 -3.58912e-23  5.81656e-12 -1.34526e-23  7.67281e-13  9.90252e-24  -1.6925e-13    5.505e-24 -1.66937e-13    -2.39e-24 -7.43837e-14 -3.03878e-24 -2.49753e-14 -9.09238e-25 -6.95546e-15  1.43008e-25 -1.65174e-15  2.04966e-25 -3.33299e-16  8.39389e-26 -5.48002e-17  2.29229e-26 -6.22383e-18  5.99465e-27  1.41585e-20  2.44805e-27  2.66529e-19  1.22636e-27  9.78741e-20  4.53002e-28  2.52939e-20  8.76191e-29  5.44163e-21 -1.24056e-29  1.02747e-21 -1.84211e-29  1.74272e-22 -9.08789e-30  2.68688e-23 -3.16025e-30  3.78962e-24 -8.78433e-31  4.90563e-25 -2.05072e-31  5.83587e-26 -4.11401e-32  6.37896e-27 -7.19041e-33  6.39769e-28 -1.10853e-33  5.87258e-29 -1.51549e-34  4.91552e-30 -1.82863e-35  3.73321e-31 -1.94117e-36  2.55584e-32 -1.81952e-37  1.56409e-33 -1.50093e-38  8.46387e-35 -1.07039e-39  3.99343e-36 -6.47101e-41  1.61212e-37  -3.2643e-42  5.42479e-39 -1.33905e-43  1.46623e-40 -4.25326e-45  3.00698e-42 -9.66159e-47  4.22667e-44 -1.35711e-48  3.22268e-46 -7.63518e-51
 9.33369e-20 -1.62698e-05 -2.78784e-19  0.000113434 -1.01897e-18 -0.000361016  7.38216e-18  0.000621395 -2.29346e-17 -0.000559811  4.71454e-17  0.000161679 -6.71094e-17  0.000114854  6.44029e-17 -5.80072e-05 -3.88957e-17 -3.69347e-05   1.2304e-17  9.15589e-06 -4.90443e-19  1.27373e-05 -9.84729e-19  2.25963e-06  9.48038e-19 -2.28634e-06 -7.68602e-19 -1.65353e-06 -6.87513e-20 -3.17932e-07  3.64577e-19  1.99948e-07 -1.78493e-20   1.8427e-07 -9.06943e-20  6.83901e-08 -2.76233e-20  5.43653e-09  2.63001e-20 -9.39024e-09  1.40626e-20 -6.81619e-09 -3.30417e-21 -2.70095e-09 -3.98571e-21  -6.1859e-10 -4.76144e-22  1.31264e-11  4.95568e-22  9.28837e-11  1.70622e-22  5.43076e-11 -1.66225e-23  2.10693e-11  1.15858e-23  6.19398e-12  2.52391e-23  1.34221e-12  5.92894e-24  1.52433e-13 -7.66327e-24 -3.53427e-14 -6.50186e-24 -3.03146e-14 -1.78331e-24 -1.24688e-14  2.35413e-25 -3.93923e-15  3.70933e-25 -1.05179e-15  1.69947e-25 -2.45694e-16   5.9772e-26  -5.0896e-17  2.14339e-26 -9.36764e-18  8.61597e-27 -1.51817e-18  3.32893e-27 -2.10888e-19  9.78531e-28  -2.3301e-20  1.48428e-28  -1.4938e-21 -3.40415e-29  1.36673e-22 -3.56363e-29  7.28062e-23 -1.59987e-29  1.69175e-23 -5.22938e-30  3.00646e-24 -1.38424e-30  4.52464e-25 -3.09413e-31  5.97771e-26 -5.95445e-32  7.04071e-27 -9.99212e-33  7.44199e-28  -1.4778e-33   7.0718e-29 -1.93121e-34   6.0332e-30 -2.21715e-35  4.60321e-31 -2.22838e-36  3.12148e-32 -1.96317e-37  1.86483e-33 -1.50694e-38  9.70035e-35 -9.89564e-40  4.32477e-36 -5.44412e-41   1.6172e-37 -2.45856e-42  4.91939e-39 -8.82331e-44  1.16338e-40 -2.37136e-45  1.98625e-42 -4.29748e-47  2.11505e-44 -4.17138e-49  9.04536e-47
 6.56386e-06  6.24167e-19 -9.09229e-05 -1.01897e-18  0.000439634  -2.7397e-18  -0.00110239  1.63518e-17   0.00153637 -4.51196e-17  -0.00105899  8.50708e-17  7.74874e-05 -1.10526e-16  0.000303036  9.39821e-17 -3.74719e-05  -4.6906e-17 -9.28543e-05  9.58407e-18 -9.70911e-06  1.00118e-18  2.27718e-05 -2.71013e-19  1.14082e-05  1.02087e-18 -8.22744e-07 -1.40143e-18 -3.25397e-06 -3.69092e-20 -1.53474e-06  5.80385e-19 -1.17987e-07  8.69713e-22   2.6639e-07 -1.52646e-19  1.85532e-07 -5.09843e-20    6.187e-08   3.8605e-20  4.00544e-09  2.38087e-20 -8.39161e-09 -2.98301e-21 -5.94945e-09 -5.67288e-21 -2.42336e-09 -1.24201e-21 -6.38765e-10  3.11577e-22 -6.21276e-11  1.76171e-22   4.3406e-11  6.63611e-23  3.29492e-11  8.35865e-23   1.4292e-11  5.24733e-23  4.72091e-12  2.83225e-24  1.25355e-12 -1.76025e-23  2.61186e-13 -1.21805e-23  3.57338e-14 -3.30549e-24 -9.93949e-16  2.26335e-25 -2.78189e-15  5.76069e-25 -1.20165e-15  3.10216e-25 -3.72674e-16  1.32174e-25 -9.64189e-17  5.36548e-26 -2.18705e-17  2.08497e-26  -4.4478e-18  7.08431e-27 -8.20403e-19  1.81808e-27 -1.38089e-19  2.37708e-28 -2.12718e-20   -6.099e-29 -3.00099e-21 -5.55393e-29  -3.8731e-22  -2.3302e-29 -4.55992e-23 -7.22156e-30 -4.87388e-24 -1.82489e-30 -4.69467e-25 -3.90415e-31 -4.02918e-26  -7.1955e-32  -3.0249e-27 -1.15649e-32 -1.92107e-28 -1.63576e-33 -9.56972e-30 -2.03689e-34 -2.84621e-31 -2.21845e-35  6.91341e-33 -2.10494e-36  1.78075e-33  -1.7383e-37  1.54766e-34  -1.2389e-38   9.3074e-36 -7.47365e-40  4.25523e-37 -3.72862e-41  1.49261e-38 -1.49904e-42  3.90884e-40 -4.66015e-44  7.19034e-42 -1.03855e-45  8.24336e-44 -1.43014e-47  4.36277e-46 -7.86191e-50
-5.02616e-19  4.54183e-05  2.54051e-18 -0.000361016  -2.7397e-18   0.00132824 -5.63224e-18  -0.00271172  2.84505e-17   0.00308215 -7.22549e-17   -0.0015392  1.28506e-16 -0.000308206 -1.54326e-16  0.000540808  1.15729e-16  9.19461e-05  -4.5169e-17 -0.000150183  2.61505e-18 -6.38079e-05  1.82302e-18  2.12413e-05  1.58162e-18  2.60573e-05  1.04481e-18  6.43944e-06 -2.23299e-18 -3.32233e-06 -2.55514e-20 -3.37123e-06  8.46371e-19 -1.16672e-06   3.8276e-20  4.69943e-08 -2.25252e-19  2.73095e-07  -8.2592e-20  1.61337e-07  4.84476e-20   5.0805e-08  3.54144e-20  3.80033e-09 -2.20978e-22 -6.00362e-09 -6.71105e-21  -4.3738e-09 -2.58055e-21 -1.85859e-09 -3.71107e-22 -5.52472e-10  1.14146e-22 -1.00578e-10  2.46531e-22  4.70592e-12  2.19961e-22  1.34775e-11  9.39161e-23  7.07358e-12 -5.20863e-24  2.61361e-12 -3.33104e-23  7.82566e-13 -2.07157e-23   1.9723e-13 -5.85983e-24  4.17832e-14 -3.99669e-26  7.10204e-15   8.0049e-25  7.93234e-16  5.21467e-25 -2.70365e-17  2.52975e-25 -4.78279e-17  1.07595e-25 -1.73993e-17  4.03213e-26  -4.6117e-18  1.26493e-26  -1.0262e-18  2.98858e-27 -2.01041e-19  3.70607e-28 -3.54307e-20 -8.12861e-29 -5.68068e-21 -7.22936e-29  -8.3375e-22 -2.89424e-29 -1.12389e-22 -8.56948e-30 -1.39348e-23 -2.07254e-30 -1.58929e-24 -4.24405e-31 -1.66569e-25 -7.48276e-32 -1.60097e-26 -1.14967e-32  -1.4068e-27 -1.55119e-33 -1.12539e-28 -1.83553e-34 -8.15016e-30 -1.89131e-35 -5.30475e-31  -1.6891e-36 -3.07413e-32 -1.30347e-37 -1.56683e-33 -8.59828e-39 -6.91082e-35 -4.74642e-40 -2.58061e-36  -2.1354e-41  -7.9118e-38  -7.5768e-43 -1.90255e-39 -2.00975e-44 -3.32812e-41 -3.59968e-46 -3.65638e-43  -3.4495e-48 -1.62841e-45
-1.23352e-05 -2.69746e-18  0.000196485  7.38216e-18  -0.00110239 -5.63224e-18   0.00326035 -8.91542e-18  -0.00554241  3.90488e-17   0.00512893 -9.61325e-17  -0.00162305  1.67114e-16  -0.00109383 -1.87909e-16   0.00067751  1.23152e-16  0.000368181  -3.3408e-17 -0.000148098 -6.40491e-18 -0.000150202  1.18788e-18 -1.05034e-05  4.22191e-18  3.74185e-05  1.12731e-18  2.07119e-05 -3.14592e-18  1.22089e-06 -4.22738e-20 -4.40069e-06  1.12592e-18 -2.86465e-06  9.56704e-20 -7.61469e-07 -2.97849e-19   1.2932e-07  -1.2223e-19  2.33469e-07  5.17111e-20  1.24879e-07  4.79491e-20  3.88332e-08  6.12218e-21  4.17735e-09 -6.60497e-21  -3.3445e-09 -4.62971e-21 -2.69334e-09  -1.6575e-21 -1.21127e-09 -5.57404e-25  -3.9744e-10  5.47435e-22 -9.56699e-11   4.2762e-22 -1.30001e-11  1.49575e-22  2.02474e-12 -1.89957e-23  2.24365e-12 -5.54082e-23  1.00219e-12 -3.26858e-23   3.3576e-13 -9.83885e-24   9.4057e-14 -7.06361e-25  2.28687e-14  1.02894e-24  4.88994e-15  8.12957e-25  9.18618e-16  4.26369e-25  1.49061e-16  1.83169e-25  1.98687e-17  6.62543e-26   1.8257e-18  1.96573e-26 -1.06048e-20  4.41661e-27 -5.49336e-20  5.56312e-28 -1.63443e-20 -8.16988e-29 -3.43406e-21 -8.00616e-29  -5.9861e-22 -3.11937e-29 -9.10244e-23 -8.88991e-30 -1.23317e-23 -2.06339e-30 -1.50308e-24 -4.04626e-31 -1.65508e-25 -6.82001e-32 -1.64757e-26 -1.00015e-32 -1.48019e-27 -1.28454e-33 -1.19567e-28 -1.44091e-34 -8.63468e-30 -1.40084e-35 -5.53087e-31  -1.1739e-36 -3.10963e-32  -8.4354e-38 -1.51347e-33 -5.12913e-39 -6.25928e-35 -2.57718e-40  -2.1442e-36 -1.03747e-41 -5.86411e-38 -3.20912e-43 -1.20899e-39 -7.10358e-45 -1.69751e-41 -9.72434e-47 -1.28797e-43 -5.30797e-49
 1.54206e-18 -6.65024e-05 -9.16219e-18  0.000621395  1.63518e-17  -0.00271172 -8.91542e-18   0.00669417 -1.04271e-17  -0.00962617  4.08397e-17   0.00716164 -1.07346e-16 -0.000883237  1.91349e-16  -0.00217621 -2.04065e-16  0.000501832  1.15302e-16  0.000743589 -1.55168e-17 -1.48808e-05  -1.4602e-17 -0.000232231 -7.77465e-19 -8.29606e-05  6.93685e-18  2.93307e-05  1.23999e-18  3.71335e-05 -3.97018e-18  1.23328e-05 -6.96403e-20 -2.17572e-06  1.38001e-18 -4.21742e-06  1.70749e-19 -2.12003e-06 -3.59416e-19  -4.4679e-07 -1.69858e-19   1.3712e-07  4.50306e-20    1.725e-07  6.07609e-20  8.73305e-08  1.64901e-20  2.77693e-08 -5.29188e-21  4.28771e-09 -7.41199e-21 -1.26663e-09 -3.45795e-21  -1.3469e-09 -9.87625e-23 -6.57273e-10  9.80781e-22 -2.34676e-10   7.0215e-22 -6.60209e-11  2.16934e-22 -1.42716e-11 -3.89621e-23 -1.90371e-12 -8.40747e-23  1.48224e-13 -4.84169e-23  2.10479e-13 -1.54523e-23  9.03435e-14 -1.82418e-24   2.8647e-14  1.25762e-24  7.62212e-15  1.17704e-24  1.77908e-15  6.41865e-25  3.71745e-16  2.73328e-25  7.02469e-17  9.55762e-26  1.20613e-17  2.71893e-26  1.88376e-18  5.92621e-27  2.67089e-19  7.84854e-28  3.41897e-20 -5.53289e-29  3.90972e-21 -7.58939e-29  3.91516e-22 -2.94548e-29  3.29292e-23 -8.14675e-30  2.07661e-24 -1.82061e-30  5.06446e-26 -3.42205e-31 -1.03545e-26 -5.51238e-32 -2.16909e-27 -7.70699e-33 -2.67016e-28 -9.40511e-34 -2.54877e-29 -9.97857e-35 -2.01151e-30 -9.12862e-36   -1.338e-31 -7.15425e-37 -7.51482e-33 -4.76788e-38 -3.53364e-34 -2.65908e-39   -1.367e-35 -1.20786e-40 -4.22974e-37  -4.3064e-42  -1.0013e-38 -1.14176e-43 -1.68265e-40 -2.04079e-45 -1.73102e-42  -1.9526e-47 -7.01038e-45
 1.17174e-05  7.07323e-18 -0.000226195 -2.29346e-17   0.00153637  2.84505e-17  -0.00554241 -1.04271e-17    0.0117539 -7.21848e-18   -0.0144569  2.76059e-17   0.00839435 -1.00544e-16  0.000903694  1.96698e-16  -0.00321272 -2.01386e-16 -0.000139193  9.64278e-17   0.00106788  2.70142e-18   0.00028197 -1.99384e-17 -0.000245702 -3.12367e-18 -0.000182953  9.05369e-18 -1.31285e-05  1.22452e-18  4.40338e-05 -4.57094e-18  2.78637e-05 -7.91695e-20  5.24705e-06  1.58513e-18 -3.45052e-06  2.61281e-19 -3.35921e-06 -4.02426e-19 -1.42235e-06 -2.25336e-19 -2.50867e-07  2.73874e-20  1.03643e-07   7.3435e-20  1.11671e-07  3.00724e-20  5.53071e-08 -3.27972e-21  1.83686e-08 -1.07751e-20  3.75068e-09 -5.46716e-21 -8.45673e-11 -5.57843e-23 -5.02241e-10  1.55319e-21 -2.84895e-10   1.0325e-21 -1.10957e-10   2.9181e-22 -3.45557e-11 -6.53077e-23 -8.92991e-12 -1.18885e-22 -1.89392e-12 -6.76423e-23 -3.03061e-13 -2.25171e-23 -2.22246e-14 -3.29878e-24  7.37126e-15  1.49102e-24  4.29711e-15  1.58271e-24  1.40752e-15  8.73053e-25  3.65844e-16  3.64765e-25  8.18989e-17  1.23501e-25  1.63156e-17  3.39695e-26  2.93965e-18  7.26764e-27  4.83289e-19  1.02172e-27  7.28664e-20 -6.18542e-30  1.01032e-20 -6.11101e-29  1.28987e-21 -2.44492e-29   1.5165e-22 -6.63269e-30  1.64062e-23  -1.4332e-30  1.63056e-24 -2.58599e-31  1.48509e-25 -3.98154e-32   1.2353e-26 -5.30267e-33  9.34164e-28 -6.13886e-34  6.38433e-29 -6.14731e-35  3.91258e-30 -5.27732e-36  2.12816e-31 -3.85429e-37  1.01346e-32 -2.37151e-38   4.1481e-34 -1.20587e-39  1.42231e-35 -4.90969e-41  3.93618e-37 -1.52975e-42  8.29655e-39  -3.3957e-44  1.20258e-40 -4.65472e-46  9.50874e-43 -2.54476e-48
-3.12115e-18  4.69042e-05  2.10321e-17 -0.000559811 -4.51196e-17   0.00308215  3.90488e-17  -0.00962617 -7.21848e-18    0.0179706   2.7917e-18   -0.0190457 -1.40347e-18     0.008108 -7.75472e-17   0.00356155  1.84603e-16  -0.00373982 -1.83324e-16  -0.00122203  7.31125e-17   0.00114081  1.62989e-17  0.000694706 -2.18746e-17 -0.000129583 -4.68642e-18 -0.000269509   1.0228e-17 -9.13356e-05  9.14818e-19  2.76868e-05 -4.90715e-18  4.03603e-05 -5.52196e-20  1.72027e-05  1.73846e-18  9.99027e-07   3.6662e-19 -3.27939e-06 -4.24517e-19 -2.35465e-06 -2.86719e-19 -8.91484e-07  1.02341e-21 -1.45676e-07  8.53226e-20  6.05272e-08  4.45864e-20  6.31795e-08 -1.56864e-21  3.14375e-08 -1.43934e-20  1.09993e-08 -7.22303e-21    2.734e-09  2.92474e-22  3.40113e-10  2.27591e-21 -9.85395e-11  1.40785e-21 -8.95173e-11  3.70181e-22 -3.99261e-11 -9.73811e-23 -1.35983e-11 -1.58221e-22 -3.87463e-12 -8.91003e-23 -9.52312e-13 -3.03288e-23 -2.03198e-13 -4.88897e-24 -3.71358e-14   1.7319e-24 -5.53158e-15  1.97757e-24 -5.59101e-16  1.08294e-24  7.82878e-18  4.41361e-25  2.25589e-17  1.44884e-25  7.38227e-18  3.87302e-26  1.72555e-18  8.18497e-27  3.36066e-19  1.21643e-27   5.7292e-20  5.22785e-29  8.73429e-21 -4.04431e-29  1.20324e-21 -1.77772e-29  1.50537e-22  -4.8049e-30  1.71352e-23 -1.00993e-30  1.77388e-24  -1.7535e-31  1.66659e-25 -2.58214e-32  1.41575e-26 -3.27422e-33  1.08163e-27 -3.59116e-34   7.3788e-29 -3.38715e-35   4.4528e-30 -2.72091e-36  2.34802e-31 -1.84474e-37   1.0646e-32 -1.04252e-38  4.06097e-34 -4.79862e-40  1.26408e-35 -1.73258e-41   3.0679e-37 -4.63536e-43  5.38706e-39 -8.32836e-45   5.9139e-41 -7.99894e-47  2.62011e-43
-3.70741e-06 -1.25567e-17  0.000111197  4.71454e-17  -0.00105899 -7.22549e-17   0.00512893  4.08397e-17   -0.0144569   2.7917e-18    0.0243067  1.90828e-17   -0.0222875 -3.98086e-17   0.00601417 -4.61512e-17   0.00652954  1.60327e-16  -0.00338822 -1.55503e-16   -0.0025164  5.11346e-17  0.000809294  2.28399e-17   0.00109628  -2.1071e-17  0.000135913 -4.70976e-18 -0.000287754  1.04845e-17 -0.000185686  2.57579e-19 -1.92515e-05 -5.02611e-18  3.94347e-05 -7.05285e-21  2.93076e-05  1.84928e-18  9.09243e-06   4.8425e-19 -7.85404e-07 -4.27498e-19 -2.47948e-06 -3.48357e-19 -1.49656e-06 -2.89778e-20 -5.32565e-07  9.49788e-20  -9.1613e-08  5.65606e-20  2.62257e-08 -1.40323e-21  3.06276e-08 -1.78427e-20   1.5724e-08 -8.22353e-21  5.80374e-09  1.11672e-21  1.64803e-09  3.16813e-21  3.39364e-10   1.8221e-21   3.0365e-11  4.50454e-22 -1.36082e-11  -1.3226e-22 -9.52961e-12 -1.98479e-22 -3.76911e-12 -1.10303e-22  -1.1745e-12 -3.77028e-23 -3.12503e-13  -6.2632e-24 -7.32798e-14  1.97277e-24 -1.53642e-14  2.29969e-24 -2.89719e-15  1.23438e-24 -4.91327e-16  4.89042e-25 -7.44837e-17  1.55793e-25 -9.94295e-18  4.05977e-26 -1.12981e-18  8.49726e-27 -9.98106e-20  1.32169e-27 -4.46613e-21  1.03527e-28  6.03116e-22 -1.96824e-29  2.08072e-22 -1.11604e-29  3.73624e-23 -3.08702e-30  5.19051e-24 -6.37091e-31  6.06494e-25 -1.06852e-31  6.13629e-26 -1.50702e-32  5.43379e-27  -1.8194e-33  4.22002e-28 -1.88856e-34  2.86486e-29 -1.67445e-35  1.68718e-30 -1.25488e-36  8.51671e-32 -7.86425e-38  3.62176e-33 -4.05767e-39  1.26581e-34 -1.67612e-40  3.50614e-36 -5.29444e-42  7.26926e-38 -1.18759e-43  1.01936e-39 -1.63937e-45  7.67274e-42 -9.01352e-48
 4.33507e-18 -4.22882e-06 -3.32166e-17  0.000161679  8.50708e-17   -0.0015392 -9.61325e-17   0.00716164  2.76059e-17   -0.0190457  1.90828e-17    0.0295258  3.80771e-17   -0.0234386  -7.6678e-17   0.00240487 -1.58634e-17   0.00909018  1.30038e-16  -0.00205819 -1.23353e-16  -0.00366805  3.37401e-17  4.86539e-05  2.25115e-17   0.00132713 -1.86585e-17  0.000508338 -3.11734e-18 -0.000194562  1.00779e-17 -0.000259312  -6.5415e-19 -9.07146e-05 -5.01163e-18  1.70427e-05  3.99166e-20   3.4555e-05  1.92503e-18  1.83616e-05  6.04728e-19  4.24297e-06 -4.14756e-19 -1.11232e-06  -4.0071e-19 -1.60766e-06 -5.65286e-20 -8.75022e-07  9.98344e-20 -3.05098e-07  6.20248e-20 -6.03603e-08 -3.97294e-21  6.17842e-09 -2.07244e-20  1.21305e-08  -8.0638e-21  6.69594e-09  2.54711e-21  2.61416e-09  4.24702e-21  8.12762e-10  2.27309e-21  2.05053e-10  5.35116e-22  3.99448e-11 -1.63394e-22  4.55081e-12 -2.33701e-22   -5.777e-13 -1.27735e-22  -5.6264e-13 -4.32113e-23 -2.19945e-13 -7.09095e-24 -6.51923e-14   2.1955e-24 -1.63725e-14  2.49567e-24 -3.62886e-15  1.30128e-24 -7.23769e-16  4.99991e-25 -1.31269e-16   1.5465e-25 -2.17802e-17  3.93433e-26 -3.31721e-18  8.15729e-27 -4.64567e-19  1.31249e-27 -5.98599e-20  1.35125e-28 -7.09432e-21 -3.30716e-30 -7.72589e-22 -5.81848e-30 -7.71932e-23    -1.74e-30 -7.06173e-24 -3.58337e-31 -5.89982e-25 -5.84313e-32 -4.48769e-26 -7.91448e-33 -3.09614e-27 -9.10384e-34 -1.92814e-28 -8.93754e-35 -1.07691e-29 -7.43525e-36 -5.34559e-31 -5.18204e-37 -2.32721e-32 -2.98759e-38  -8.7122e-34 -1.39759e-39 -2.72222e-35 -5.12619e-41 -6.77824e-37 -1.39188e-42  -1.2455e-38 -2.53021e-44 -1.45499e-40 -2.45099e-46 -6.94965e-43
 -2.1199e-06   1.5355e-17  2.14475e-05 -6.71094e-17  7.74874e-05  1.28506e-16  -0.00162305 -1.07346e-16   0.00839435 -1.40347e-18   -0.0222875  3.80771e-17    0.0327077    5.453e-17   -0.0224064 -1.01733e-16   -0.0019974  6.28082e-18    0.0106625  9.89545e-17  4.69028e-05 -9.10255e-17  -0.00434084  2.15903e-17  -0.00101944  1.72194e-17   0.00126067 -1.56335e-17  0.000892279 -3.96571e-19  1.85179e-05  9.31146e-18 -0.000272062  -1.6328e-18 -0.000166316 -4.92589e-18 -2.71802e-05  6.44193e-20  2.64408e-05  1.96283e-18  2.44103e-05  7.11293e-19   1.0419e-05 -3.88422e-19  1.83516e-06 -4.32702e-19 -8.44124e-07 -7.71559e-20 -9.17462e-07  9.62334e-20  -4.7147e-07  5.73215e-20 -1.65926e-07 -1.01851e-20 -3.85082e-08 -2.28047e-20 -2.06395e-09 -6.55962e-21  3.46184e-09  4.61763e-21  2.29152e-09  5.50529e-21  9.63789e-10  2.75656e-21  3.21123e-10  6.30493e-22   8.9822e-11 -1.80697e-22   2.1395e-11 -2.56316e-22  4.27528e-12 -1.37595e-22  6.69703e-13 -4.55615e-23  6.01048e-14  -7.1373e-24 -7.85365e-15  2.37803e-24 -5.78417e-15  2.53685e-24 -1.87307e-15  1.27594e-24 -4.65418e-16  4.74549e-25 -9.84218e-17  1.42506e-25 -1.84019e-17  3.54045e-26 -3.09686e-18  7.26156e-27  -4.7349e-19  1.19481e-27 -6.60929e-20  1.42838e-28 -8.44155e-21  6.73383e-30 -9.86934e-22 -2.23049e-30 -1.05513e-22 -8.38059e-31 -1.02915e-23 -1.77807e-31 -9.12554e-25 -2.85195e-32 -7.32017e-26  -3.7287e-33 -5.27785e-27  -4.0947e-34 -3.39178e-28 -3.80208e-35 -1.92193e-29 -2.96303e-36 -9.46805e-31 -1.91418e-37 -3.97978e-32 -1.00983e-38 -1.39114e-33 -4.24769e-40 -3.89681e-35 -1.36516e-41 -8.25827e-37 -3.11167e-43 -1.19623e-38 -4.35159e-45 -9.39897e-41 -2.41659e-47
 -4.1105e-18 -1.21421e-05  3.59432e-17  0.000114854 -1.10526e-16 -0.000308206  1.67114e-16 -0.000883237 -1.00544e-16     0.008108 -3.98086e-17   -0.0234386    5.453e-17    0.0335912  6.39851e-17   -0.0196983 -1.09828e-16   -0.0063681  1.75678e-17    0.0109895  7.08062e-17   0.00252673 -6.13149e-17    -0.004335  1.37074e-17  -0.00217477  9.44856e-18  0.000851687 -1.26113e-17   0.00117274   2.7099e-18  0.000317251  8.41202e-18 -0.000197567 -2.47944e-18 -0.000217626 -4.77747e-18 -8.36467e-05  6.55148e-20  2.57333e-06  1.95302e-18  2.27238e-05  7.87508e-19  1.51076e-05 -3.46964e-19  5.55808e-06 -4.35451e-19  8.10326e-07 -9.02068e-20  -4.7713e-07  7.98471e-20  -4.6194e-07  3.97603e-20 -2.31713e-07 -2.05773e-20 -8.36625e-08 -2.41314e-20 -2.22327e-08 -3.83417e-21 -3.53491e-09  7.21487e-21  3.45838e-10  6.88525e-21  5.49584e-10  3.25752e-21  2.70371e-10  7.43719e-22  9.74367e-11 -1.72988e-22  2.91605e-11 -2.59141e-22  7.56386e-12 -1.36919e-22  1.73005e-12 -4.39927e-23  3.50529e-13 -6.33152e-24  6.25408e-14  2.50212e-24  9.62074e-15  2.42641e-24  1.20517e-15  1.16978e-24  1.00152e-16   4.2027e-25 -2.44394e-18  1.22453e-25  -3.3125e-18  2.96912e-26 -8.94534e-19  6.00965e-27 -1.74677e-19  1.00066e-27 -2.83702e-20  1.30318e-28 -4.00906e-21  1.08609e-29 -5.02258e-22 -2.58672e-31 -5.62394e-23 -3.21599e-31 -5.64311e-24 -7.59818e-32 -5.06969e-25  -1.2273e-32  -4.0634e-26 -1.56418e-33 -2.88834e-27 -1.64717e-34 -1.80524e-28 -1.44851e-35   -9.806e-30 -1.05638e-36 -4.55726e-31 -6.30465e-38 -1.77364e-32 -3.02519e-39 -5.60826e-34 -1.13288e-40 -1.37694e-35 -3.13617e-42  -2.4363e-37  -5.8027e-44  -2.6847e-39 -5.70333e-46 -1.18929e-41
 1.13656e-06  -1.2641e-17 -3.48396e-05  6.44029e-17  0.000303036 -1.54326e-16  -0.00109383  1.91349e-16  0.000903694 -7.75472e-17   0.00601417  -7.6678e-17   -0.0224064  6.39851e-17    0.0325659   6.4769e-17   -0.0161137  -1.0227e-16   -0.0100788  1.90323e-17     0.010149  4.78974e-17    0.0049465 -3.59493e-17  -0.00362953  8.58331e-18  -0.00317754  1.41287e-18  0.000147822 -9.86876e-18   0.00125437  5.48938e-18  0.000634376  7.48025e-18 -3.51035e-05 -3.05077e-18 -0.000218699 -4.52793e-18 -0.000135033  6.53761e-20 -3.31665e-05  1.89299e-18   1.0947e-05  8.30291e-19  1.54773e-05 -2.83309e-19  8.52797e-06 -4.05027e-19   2.8704e-06 -9.94086e-20  4.11968e-07  4.65008e-20 -2.06786e-07  8.02745e-21 -2.01848e-07 -3.53411e-20 -1.01639e-07 -2.50944e-20 -3.78887e-08 -3.48401e-22 -1.11156e-08   1.0052e-20  -2.4813e-09  8.26323e-21 -3.25719e-10  3.74303e-21  4.08113e-11  8.77439e-22  4.70294e-11 -1.32357e-22  2.04684e-11 -2.38014e-22  6.68886e-12 -1.24661e-22  1.84158e-12 -3.85458e-23  4.45418e-13 -4.79061e-24  9.65221e-14   2.5566e-24  1.89342e-14  2.19504e-24  3.38052e-15  1.00777e-24  5.50642e-16  3.48886e-25  8.18393e-17  9.85035e-26  1.10778e-17  2.32773e-26  1.36024e-18  4.63521e-27  1.50496e-19  7.73807e-28  1.48406e-20  1.05673e-28  1.28059e-21  1.08549e-29  9.33827e-23  5.53762e-31  5.29862e-24 -7.40955e-32  1.68281e-25 -2.63187e-32 -7.82776e-27 -4.53343e-33 -1.89252e-27 -5.75269e-34 -1.93101e-28  -5.8654e-35 -1.41798e-29 -4.90469e-36 -8.16927e-31 -3.34801e-37 -3.75581e-32 -1.84032e-38 -1.36388e-33 -7.97791e-40 -3.79356e-35 -2.62753e-41 -7.63312e-37 -6.12381e-43 -9.98489e-39 -8.73665e-45 -6.64564e-41 -4.93283e-47
 2.53804e-18  1.34075e-06 -2.55301e-17 -5.80072e-05  9.39821e-17  0.000540808 -1.87909e-16  -0.00217621  1.96698e-16   0.00356155 -4.61512e-17   0.00240487 -1.01733e-16   -0.0196983   6.4769e-17    0.0303804  5.83977e-17   -0.0123996 -8.48917e-17   -0.0128283   1.3754e-17   0.00843388  3.12107e-17   0.00696611  -1.5849e-17  -0.00235126  4.95041e-18  -0.00383736 -5.34845e-18 -0.000732851 -7.49968e-18   0.00108938  7.41296e-18  0.000890686  6.49611e-18  0.000188456 -3.29709e-18 -0.000156031 -4.13098e-18 -0.000162059  9.87143e-20 -7.10991e-05  1.80248e-18 -9.52559e-06  8.61068e-19  9.87102e-06 -1.83802e-19  9.11361e-06 -3.42505e-19  4.48112e-06 -1.11203e-19  1.45564e-06 -6.56485e-21  2.43345e-07 -3.75609e-20  -6.0803e-08 -5.43553e-20 -7.34674e-08 -2.63898e-20 -3.84448e-08  3.14733e-21 -1.48546e-08    1.269e-20  -4.6624e-09  9.45607e-21 -1.21321e-09   4.1606e-21 -2.54993e-10  1.02445e-21 -3.79977e-11 -5.85829e-23 -1.06245e-12 -1.93892e-22    1.849e-12 -1.02261e-22  8.77862e-13 -3.00948e-23  2.77804e-13 -2.79106e-24  7.20083e-14  2.53561e-24  1.62468e-14  1.88847e-24  3.27584e-15  8.19845e-25  5.98328e-16  2.72633e-25   9.9749e-17  7.44409e-26  1.52442e-17  1.71083e-26  2.14048e-18  3.33994e-27  2.76381e-19  5.54441e-28  3.28086e-20    7.744e-29  3.57634e-21  8.74785e-30  3.57232e-22  7.04301e-31  3.25985e-23  1.80393e-32  2.70632e-24 -5.93283e-33  2.03293e-25  -1.3433e-33  1.37197e-26 -1.79312e-34    8.242e-28 -1.81088e-35  4.35451e-29  -1.4547e-36  1.99113e-30 -9.32445e-38     7.71e-32 -4.71123e-39  2.45178e-33 -1.83174e-40  6.11637e-35 -5.22558e-42  1.11034e-36 -9.92877e-44  1.26682e-38 -9.98932e-46  5.85996e-41
 6.69542e-07  6.50173e-18 -7.04871e-06 -3.88957e-17 -3.74719e-05  1.15729e-16   0.00067751 -2.04065e-16  -0.00321272  1.84603e-16   0.00652954 -1.58634e-17   -0.0019974 -1.09828e-16   -0.0161137  5.83977e-17    0.0277885  4.83798e-17  -0.00904477 -6.46503e-17   -0.0146064  5.27205e-18   0.00620094  2.05172e-17   0.00839434 -1.26812e-18  -0.00070697  2.10897e-18  -0.00404899 -1.00043e-17  -0.00164074 -5.54024e-18  0.000686325  8.16893e-18   0.00101778  5.34916e-18  0.000426165 -3.28176e-18  -3.4032e-05  -3.5863e-18 -0.000150331  1.93886e-19 -9.87321e-05    1.729e-18 -3.34749e-05  9.27158e-19 -1.18382e-06 -2.91814e-20  6.37008e-06 -2.51494e-19  4.78469e-06 -1.31413e-19  2.20246e-06 -7.91933e-20  7.18678e-07 -9.48528e-20  1.47684e-07 -7.71347e-20 -2.91837e-09 -2.88612e-20 -2.02026e-08  5.75492e-21  -1.1858e-08   1.4617e-20 -4.81779e-09   1.0254e-20 -1.58885e-09  4.44472e-21 -4.46459e-10  1.16547e-21 -1.08569e-10  3.87819e-23 -2.27593e-11 -1.33293e-22 -3.99483e-12 -7.33954e-23 -5.33054e-13 -2.01201e-23 -3.13999e-14 -6.96266e-25  1.00437e-14  2.43599e-24  4.83987e-15  1.55327e-24  1.34153e-15  6.32827e-25  2.95675e-16  2.01355e-25  5.60118e-17  5.30257e-26  9.40266e-18  1.18203e-26  1.41897e-18  2.25372e-27  1.93877e-19  3.69314e-28  2.40589e-20  5.18419e-29  2.71314e-21  6.10606e-30  2.77681e-22   5.7183e-31  2.57168e-23   3.6869e-32  2.14547e-24  5.62025e-34  1.60235e-25 -2.46202e-34  1.06256e-26 -4.32665e-35  6.18963e-28 -4.62589e-36  3.12329e-29 -3.66964e-37     1.34e-30 -2.23336e-38  4.76461e-32 -1.03865e-39   1.3532e-33 -3.59623e-41  2.89859e-35 -8.71594e-43  4.23131e-37 -1.28571e-44  3.34113e-39 -7.47059e-47
 -8.6948e-19  3.45612e-06  1.06257e-17 -3.69347e-05  -4.6906e-17  9.19461e-05  1.23152e-16  0.000501832 -2.01386e-16  -0.00373982  1.60327e-16   0.00909018  6.28082e-18   -0.0063681  -1.0227e-16   -0.0123996  4.83798e-17    0.0253207   3.8332e-17  -0.00625157 -4.67976e-17    -0.015572 -3.39366e-18    0.0037618  1.46449e-17   0.00917752  8.11921e-18   0.00108278  -6.5204e-20  -0.00379437 -1.22535e-17  -0.00243221 -4.00456e-18  0.000102023  7.64519e-18  0.000974694  3.87726e-18  0.000624022 -3.18929e-18  0.000125527 -2.98442e-18 -9.55981e-05  3.51572e-19 -0.000105035  1.73583e-18 -5.34044e-05  1.08922e-18 -1.48476e-05  2.00813e-19  6.01319e-07  -1.3527e-19   3.3469e-06 -1.61869e-19   2.2523e-06 -1.67149e-19  1.00256e-06 -1.59766e-19  3.35518e-07 -1.02693e-19  8.20078e-08 -3.32338e-20  1.02955e-08  6.64739e-21 -2.83527e-09  1.53722e-20 -2.64717e-09  1.04724e-20 -1.20258e-09  4.53149e-21 -4.19485e-10  1.27228e-21 -1.23596e-10  1.42139e-22 -3.18904e-11 -6.67154e-23  -7.3248e-12 -4.29787e-23 -1.50811e-12 -1.02982e-23 -2.78516e-13  1.13905e-24 -4.58813e-14  2.25764e-24 -6.64365e-15  1.22671e-24 -8.17558e-16  4.65541e-25 -7.80703e-17   1.4109e-25 -3.74815e-18  3.57151e-26  5.60756e-19  7.69745e-27  2.07659e-19  1.42761e-27  4.02814e-20  2.29413e-28  6.05496e-21  3.19471e-29  7.66643e-22  3.80731e-30  8.42026e-23  3.77522e-31  8.11348e-24  2.96863e-32  6.87791e-25  1.66114e-33   5.1175e-26  3.60625e-35  3.32093e-27 -5.23618e-36  1.86047e-28 -8.48883e-37  8.86634e-30 -7.32884e-38  3.52038e-31 -4.39441e-39  1.13029e-32 -1.90441e-40  2.80525e-34  -5.8494e-42  4.99554e-36 -1.17491e-43  5.51588e-38 -1.23699e-45  2.43706e-40
  -1.524e-07 -1.58076e-18  8.43948e-06   1.2304e-17 -9.28543e-05  -4.5169e-17  0.000368181  1.15302e-16 -0.000139193 -1.83324e-16  -0.00338822  1.30038e-16    0.0106625  1.75678e-17   -0.0100788 -8.48917e-17  -0.00904477   3.8332e-17    0.0232331   3.0514e-17  -0.00401951 -3.37144e-17   -0.0159357  -1.0208e-17   0.00133725  1.19086e-17   0.00935617  1.31102e-17   0.00282728 -1.27006e-18  -0.00312336 -1.20794e-17   -0.0029952 -2.83227e-18  -0.00057612  5.92099e-18   0.00075512  1.91054e-18  0.000734626 -3.31356e-18  0.000289205 -2.52095e-18 -5.66915e-06  5.27094e-19 -8.43533e-05  1.87394e-18 -6.21016e-05  1.39681e-18 -2.68295e-05  5.18511e-19 -6.59931e-06  3.84565e-21  4.22597e-07 -1.98955e-19  1.46368e-06 -2.62086e-19  9.39135e-07 -2.26549e-19  4.13184e-07 -1.29433e-19  1.42412e-07 -3.98271e-20   3.9169e-08  5.30507e-21  8.05887e-09  1.46777e-20  8.21535e-10  1.00064e-20 -2.48323e-10  4.37725e-21 -1.91955e-10  1.31589e-21 -7.73649e-11  2.30989e-22 -2.43381e-11 -5.59339e-24 -6.53717e-12 -1.57825e-23 -1.55308e-12 -2.06015e-24 -3.32106e-13  2.45681e-24 -6.45407e-14  2.00709e-24 -1.14626e-14   9.3278e-25 -1.86637e-15  3.27643e-25 -2.79034e-16  9.41233e-26  -3.8322e-17  2.28146e-26  -4.8327e-18  4.73677e-27 -5.58983e-19  8.50971e-28 -5.92036e-20  1.33295e-28 -5.72941e-21   1.8228e-29 -5.05348e-22  2.15641e-30 -4.05106e-23  2.16834e-31 -2.94244e-24  1.81554e-32 -1.92987e-25  1.23339e-33  -1.1384e-26  6.39288e-35 -6.00729e-28  1.98249e-36 -2.81283e-29 -3.11377e-38 -1.15311e-30 -8.81711e-39 -4.04746e-32 -6.24165e-40 -1.17279e-33 -2.67558e-41 -2.64174e-35 -7.38955e-43 -4.15911e-37 -1.19412e-44 -3.61105e-39 -7.44036e-47
  2.9999e-20  4.80169e-07 -1.54649e-18  9.15589e-06  9.58407e-18 -0.000150183  -3.3408e-17  0.000743589  9.64278e-17  -0.00122203 -1.55503e-16  -0.00205819  9.89545e-17    0.0109895  1.90323e-17   -0.0128283 -6.46503e-17  -0.00625157   3.0514e-17    0.0215755  2.53991e-17  -0.00225194 -2.53122e-17   -0.0158867 -1.42972e-17 -0.000941043   1.0533e-17   0.00901914  1.47955e-17   0.00438426  -9.8366e-19  -0.00212778  -9.5377e-18  -0.00326073 -1.79233e-18  -0.00124993  3.28337e-18   0.00038576 -6.75926e-19   0.00072773  -4.0094e-18  0.000420413 -2.46826e-18  0.000101345  6.23226e-19 -3.85983e-05  2.14833e-18 -5.52237e-05  1.86021e-18 -3.29043e-05  9.16761e-19 -1.28784e-05  1.61558e-19  -3.0844e-06 -2.35275e-19  4.78669e-08 -3.53179e-19  5.17388e-07 -2.88628e-19  3.36764e-07 -1.55238e-19  1.49107e-07 -4.83709e-20  5.27391e-08  1.68207e-21  1.55688e-08  1.25271e-20  3.84686e-09  8.86653e-21  7.65111e-10  3.97461e-21  1.03797e-10   1.2766e-21   -5.477e-13  2.88361e-22 -6.38918e-12  4.09577e-23 -2.74631e-12  4.78195e-24 -8.29068e-13  3.72917e-24  -2.0755e-13  3.14746e-24 -4.54271e-14  1.70107e-24 -8.89989e-15  6.83326e-25 -1.57987e-15  2.21202e-25 -2.55824e-16  5.99575e-26 -3.79248e-17  1.38594e-26  -5.1556e-18  2.76122e-27 -6.42823e-19  4.78464e-28 -7.34395e-20  7.26445e-29 -7.67168e-21  9.67436e-30 -7.30463e-22  1.12101e-30 -6.31189e-23  1.11567e-31 -4.92132e-24   9.4346e-33 -3.43674e-25  6.72436e-34 -2.12918e-26  3.97005e-35  -1.1559e-27  1.85216e-36 -5.41033e-29  6.10174e-38 -2.13617e-30  9.49772e-40 -6.89993e-32 -2.57566e-41 -1.74192e-33 -2.09947e-42 -3.18905e-35 -6.02797e-44 -3.65791e-37 -7.76683e-46 -1.69643e-39
-2.16452e-07 -2.73295e-19   4.1416e-06 -4.90443e-19 -9.70911e-06  2.61505e-18 -0.000148098 -1.55168e-17   0.00106788  7.31125e-17   -0.0025164 -1.23353e-16  4.69028e-05  7.08062e-17     0.010149   1.3754e-17   -0.0146064 -4.67976e-17  -0.00401951  2.53991e-17    0.0202916  2.22078e-17 -0.000833148 -2.02111e-17    -0.015567 -1.59361e-17  -0.00300783  8.91311e-18   0.00827005  1.43078e-17   0.00566076   1.3104e-18  -0.00091797  -4.6322e-18  -0.00320354 -4.07952e-19  -0.00182735  2.43007e-19 -8.14119e-05  -3.9006e-18  0.000595841 -5.60176e-18   0.00048819 -3.10736e-18  0.000201672  4.99942e-19  2.29578e-05  2.49463e-18 -3.29526e-05  2.42982e-18 -3.04788e-05  1.35904e-18 -1.60058e-05  3.26212e-19 -5.96088e-06 -2.64043e-19 -1.50382e-06 -4.30214e-19 -1.15429e-07  -3.4002e-19  1.31968e-07 -1.77829e-19  9.81913e-08 -5.80248e-20  4.49856e-08 -3.76857e-21  1.63157e-08  9.19593e-21  5.01159e-09   7.1833e-21  1.33699e-09  3.35917e-21   3.1193e-10  1.15155e-21  6.31648e-11  3.05803e-22  1.07759e-11  6.83339e-23  1.41339e-12  1.73068e-23  8.87955e-14  6.87759e-24 -2.17513e-14   3.2517e-24 -1.07569e-14  1.36632e-24 -2.91686e-15  4.81497e-25 -6.22959e-16  1.43429e-25 -1.13784e-16  3.65443e-26 -1.83411e-17  8.02423e-27 -2.64693e-18  1.52808e-27 -3.44322e-19   2.5431e-28 -4.04774e-20  3.72297e-29 -4.29961e-21  4.79432e-30 -4.11771e-22  5.38686e-31 -3.54108e-23  5.22366e-32 -2.71836e-24  4.34101e-33 -1.84799e-25   3.0794e-34 -1.10089e-26  1.84525e-35 -5.66778e-28  9.09614e-37 -2.47554e-29  3.53256e-38 -8.94218e-31  1.01874e-39 -2.57486e-32  1.98317e-41 -5.58105e-34  2.03972e-43 -8.22885e-36 -1.21583e-46 -6.55128e-38 -1.53572e-47
 9.95814e-20 -7.30488e-07 -7.83608e-19  1.27373e-05  1.00118e-18 -6.38079e-05 -6.40491e-18 -1.48808e-05  2.70142e-18   0.00114081  5.11346e-17  -0.00366805 -9.10255e-17   0.00252673  4.78974e-17   0.00843388  5.27205e-18    -0.015572 -3.37144e-17  -0.00225194  2.22078e-17    0.0192959  1.98784e-17  0.000334784 -1.68724e-17   -0.0150724 -1.63422e-17  -0.00483944  5.68827e-18   0.00720828  1.25386e-17   0.00660526  5.90194e-18  0.000394202  2.70283e-18  -0.00283612  2.03593e-18  -0.00223437 -2.48911e-18 -0.000579879 -7.61602e-18   0.00035468 -8.26959e-18  0.000474115 -4.63852e-18  0.000271904  3.48248e-21  8.61118e-05  2.77882e-18  -1.4884e-07  2.99327e-18 -1.95963e-05  1.77665e-18 -1.47389e-05   4.7413e-19 -7.17174e-06 -2.84183e-19 -2.62637e-06  -4.8703e-19 -7.18958e-07 -3.76878e-19 -1.18167e-07 -1.95324e-19   1.2598e-08 -6.76092e-20  2.04103e-08 -1.02253e-20  1.05102e-08  5.16819e-21   3.9831e-09   5.1766e-21  1.25915e-09  2.60349e-21  3.47091e-10  9.56327e-22  8.51468e-11  2.85026e-22  1.87774e-11  7.68978e-23   3.7389e-12  2.23203e-23  6.72326e-13  7.75812e-24  1.08752e-13  2.91855e-24  1.56739e-14  1.03454e-24  1.97386e-15  3.25202e-25   2.0804e-16  8.92685e-26  1.62258e-17  2.13294e-26  4.07957e-19  4.43396e-27 -1.54909e-19  8.04142e-28 -3.94226e-20  1.28014e-28 -6.21531e-21  1.79816e-29 -7.75158e-22  2.22533e-30 -8.13507e-23  2.40498e-31 -7.33964e-24  2.24689e-32 -5.72809e-25  1.80411e-33 -3.85957e-26  1.24021e-34 -2.22798e-27  7.22164e-36 -1.08734e-28  3.47826e-37 -4.39792e-30  1.33862e-38 -1.43155e-31   3.9473e-40 -3.58556e-33  8.42103e-42 -6.41401e-35  1.17168e-43 -7.07935e-37  8.30933e-46 -3.10956e-39
-4.45692e-08  3.79883e-19  -7.5695e-07 -9.84729e-19  2.27718e-05  1.82302e-18 -0.000150202  -1.4602e-17   0.00028197  1.62989e-17  0.000809294  3.37401e-17  -0.00434084 -6.13149e-17    0.0049465  3.12107e-17   0.00620094 -3.39366e-18   -0.0159357 -2.53122e-17 -0.000833148  1.98784e-17    0.0185119  1.79002e-17   0.00132345 -1.42318e-17   -0.0144642 -1.72843e-17  -0.00643499 -2.82814e-19   0.00592072   9.9013e-18   0.00719742  1.26775e-17   0.00170562  1.25261e-17  -0.00220004  6.37199e-18  -0.00242173 -4.08708e-18  -0.00103978 -1.14723e-17  3.93765e-05 -1.19428e-17  0.000376103 -7.09904e-18  0.000294776 -9.90173e-19  0.000135585  2.82476e-18  3.50233e-05   3.3944e-18 -3.00162e-06  2.07689e-18 -9.31012e-06  5.69315e-19 -6.27597e-06 -3.03408e-19 -2.92086e-06 -5.23784e-19 -1.06872e-06 -3.98539e-19 -3.14164e-07 -2.06745e-19 -7.05817e-08 -7.59485e-20 -9.06002e-09 -1.67298e-20   1.4765e-09  1.00957e-21  1.55375e-09  3.10256e-21  6.85439e-10  1.80038e-21  2.29608e-10  7.20324e-22  6.50772e-11  2.35995e-22  1.62488e-11  7.08279e-23  3.64452e-12  2.16729e-23   7.4227e-13  7.06806e-24  1.38144e-13  2.34171e-24  2.35823e-14  7.34918e-25  3.70032e-15  2.09495e-25  5.34217e-16  5.32031e-26  7.09702e-17  1.19132e-26  8.67098e-18  2.33906e-27  9.73181e-19  4.02748e-28  1.00163e-19  6.11031e-29  9.43226e-21  8.19854e-30  8.10271e-22   9.6972e-31  6.32546e-23  1.00122e-31  4.46514e-24  8.93343e-33  2.83117e-25  6.84794e-34   1.5979e-26  4.48643e-35  7.92728e-28  2.47999e-36  3.39644e-29  1.12787e-37  1.22538e-30  4.07248e-39  3.58638e-32  1.11501e-40  8.03102e-34  2.15776e-42   1.2413e-35  2.56167e-44  1.04908e-37   1.2042e-46
-3.08394e-21 -4.09416e-07  7.20171e-19  2.25963e-06 -2.71013e-19  2.12413e-05  1.18788e-18 -0.000232231 -1.99384e-17  0.000694706  2.28399e-17  4.86539e-05  2.15903e-17    -0.004335 -3.59493e-17   0.00696611  2.05172e-17    0.0037618  -1.0208e-17   -0.0158867 -2.02111e-17  0.000334784  1.79002e-17    0.0178835  1.66782e-17   0.00218216 -1.17992e-17   -0.0137811  -2.0586e-17  -0.00780453 -9.94316e-18   0.00447988  6.22324e-18   0.00743872  2.10379e-17   0.00292718  2.47531e-17  -0.00135712  1.33358e-17  -0.00236747 -3.75046e-18  -0.00139794 -1.49267e-17 -0.000302269 -1.62544e-17  0.000208641 -1.03169e-17  0.000263303 -2.52974e-18   0.00015915  2.46219e-18  6.35193e-05  3.47057e-18  1.47445e-05  2.16226e-18 -1.34453e-06  5.69574e-19 -3.59076e-06 -3.37206e-19 -2.31416e-06 -5.46825e-19 -1.05289e-06 -4.07513e-19 -3.86459e-07 -2.12222e-19  -1.1894e-07 -8.21716e-20  -3.0773e-08 -2.24257e-20 -6.46434e-09 -2.76532e-21 -9.57467e-10  1.19669e-21   -1.986e-11  1.04147e-21  5.11964e-11  4.78047e-22  2.41098e-11  1.72742e-22  7.67337e-12  5.61018e-23  2.00535e-12  1.77107e-23  4.56236e-13  5.56543e-24  9.26817e-14  1.70015e-24  1.70307e-14  4.87514e-25  2.85092e-15  1.27966e-25  4.36424e-16  3.02409e-26  6.12006e-17  6.35289e-27  7.86358e-18  1.17675e-27  9.24831e-19  1.91929e-28  9.93477e-20  2.76648e-29  9.71627e-21  3.53172e-30  8.61304e-22  3.97314e-31  6.88012e-23  3.89614e-32  4.91543e-24  3.29597e-33  3.11083e-25  2.38949e-34  1.72248e-26  1.47384e-35  8.20992e-28   7.6126e-37  3.29561e-29  3.20042e-38  1.08056e-30  1.05177e-39  2.76487e-32  2.55303e-41    5.123e-34  4.15538e-43  5.93931e-36  3.61612e-45  2.78066e-38
