   1.424e-34 -5.41801e-49  -7.7663e-35  4.91925e-47  6.01928e-35 -2.20552e-46 -1.49655e-35 -7.87204e-46 -4.69593e-37 -8.59827e-46 -2.48375e-34  5.37906e-45  3.27089e-33 -6.17873e-45 -3.32195e-32 -3.04869e-43  2.82762e-31   5.5143e-44 -2.05085e-30  -6.0416e-43  1.28208e-29 -1.17953e-41 -6.96714e-29  7.83949e-41  3.31228e-28 -4.57399e-40 -1.38411e-27  2.62685e-39  5.10039e-27 -1.38792e-38 -1.66072e-26  6.66635e-38  4.78187e-26 -2.91601e-37 -1.21714e-25  1.16413e-36  2.73392e-25 -4.25265e-36 -5.40194e-25  1.42459e-35  9.34141e-25 -4.38328e-35  -1.4029e-24   1.2404e-34  1.80862e-24 -3.23165e-34  -1.9656e-24  7.75718e-34  1.74635e-24 -1.71638e-33 -1.19396e-24  3.50152e-33  5.33657e-25  -6.5862e-33 -3.81525e-26  1.14197e-32 -1.56784e-25 -1.82444e-32  1.20407e-25  2.68396e-32 -2.21028e-26  -3.6327e-32 -2.49073e-26  4.51888e-32   1.7192e-26 -5.15979e-32  4.09557e-28      5.4e-32 -4.49304e-27 -5.17095e-32  9.91965e-28  4.52149e-32  8.21186e-28 -3.60131e-32  -3.2288e-28  2.60461e-32 -1.29345e-28 -1.70316e-32  6.49094e-29  1.00049e-32  2.09504e-29 -5.22532e-33 -9.84762e-30  2.38241e-33  -3.3525e-30 -9.14227e-34  1.01692e-30  2.69569e-34  4.90398e-31 -4.10426e-35 -5.11002e-32 -1.46522e-35 -5.49504e-32  1.59577e-35 -2.36384e-33 -8.14644e-36  3.37714e-33  2.94099e-36  8.09878e-34 -7.87644e-37 -1.04868e-34  1.48115e-37 -4.52477e-35 -1.46071e-38 -5.04529e-36 -1.35987e-39  1.10127e-36  8.53594e-40  2.89883e-37 -1.72587e-40  7.73495e-39  1.93318e-41 -1.95715e-39 -5.38167e-43 -5.80665e-40 -3.10664e-43 -3.42981e-41  7.79924e-44  3.42845e-42 -8.41722e-45  7.27152e-44  2.51719e-46  2.28545e-45  2.22322e-47  2.69035e-46 -1.17077e-48
-5.41801e-49  2.33462e-34 -1.15451e-47 -1.72073e-34  8.05451e-46  1.21979e-34  -3.1194e-45 -7.81151e-35 -7.57175e-45  8.80582e-34 -1.92503e-44 -1.24698e-32    9.325e-44  1.39478e-31 -1.68146e-43 -1.29556e-30 -2.05501e-42  1.01855e-29 -1.69725e-42 -6.86668e-29  6.02129e-42  4.00872e-28 -1.59873e-40 -2.04159e-27  1.09882e-39  9.12071e-27 -6.69453e-39 -3.58845e-26  3.79577e-38  1.24666e-25 -1.95616e-37 -3.82969e-25   9.1471e-37  1.04054e-24 -3.89249e-36 -2.49803e-24  1.51144e-35  5.28627e-24 -5.36862e-35 -9.82103e-24  1.74801e-34   1.5919e-23 -5.22567e-34 -2.23032e-23  1.43623e-33  2.66269e-23 -3.63259e-33 -2.64724e-23  8.46108e-33  2.10306e-23 -1.81568e-32 -1.21834e-23  3.59036e-32  3.68883e-24 -6.54171e-32  1.28413e-24  1.09793e-31 -2.21827e-24 -1.69651e-31  1.01118e-24  2.41169e-31  1.25516e-25 -3.15107e-31 -3.58475e-25  3.77979e-31  1.10073e-25 -4.15686e-31  5.74089e-26  4.18492e-31 -4.31052e-26 -3.85019e-31 -4.00603e-27  3.23071e-31  1.00842e-26 -2.46685e-31 -3.80327e-28   1.7092e-31  -1.8793e-27 -1.07053e-31  1.30995e-28  6.02707e-32  3.06967e-28 -3.02185e-32 -1.12623e-29  1.32692e-32 -4.21847e-29 -4.93487e-33 -2.15397e-30  1.43287e-33  4.54471e-30 -2.35597e-34  7.67661e-31 -5.17949e-35 -3.16785e-31  6.48146e-35 -1.03667e-31 -3.26106e-35  5.31059e-33  1.13311e-35  7.66608e-33 -2.87844e-36  7.98422e-34  5.04619e-37 -1.83849e-34 -4.47303e-38 -6.64083e-35 -4.20484e-39 -3.13145e-36  2.14538e-39   1.1879e-36 -3.50446e-40  1.98974e-37  2.80502e-41  1.19705e-38  1.21201e-42 -1.69637e-39 -1.07453e-42 -2.29981e-40  2.32329e-43 -2.91506e-42 -2.27255e-44 -8.00963e-44  5.10428e-46  1.01608e-44  4.78728e-47  4.57331e-46
 -7.7663e-35 -1.15451e-47  3.18757e-34 -1.29273e-46 -2.42466e-34  8.27864e-45   2.2643e-34 -2.94079e-44  -2.0677e-33 -4.41681e-44  3.16268e-32 -2.12519e-43 -3.91925e-31  8.67033e-43  3.99046e-30 -1.64837e-42 -3.41141e-29 -8.70259e-42  2.48607e-28 -2.19891e-41 -1.56193e-27  1.09399e-40   8.5326e-27 -1.41162e-39   -4.079e-26   9.9906e-39  1.71445e-25  -6.2347e-38 -6.35661e-25  3.52467e-37  2.08323e-24 -1.79529e-36 -6.03984e-24  8.26386e-36   1.5486e-23   -3.452e-35 -3.50566e-23  1.31304e-34  6.98488e-23 -4.56095e-34 -1.21881e-22  1.45017e-33  1.84852e-22 -4.22838e-33 -2.40926e-22  1.13226e-32  2.65112e-22 -2.78746e-32  -2.3907e-22  6.31379e-32  1.66708e-22 -1.31641e-31 -7.71542e-23  2.52691e-31   7.7631e-24 -4.46527e-31  2.11672e-23  7.26131e-31 -1.73648e-23 -1.08602e-30  3.71388e-24  1.49264e-30  3.36042e-24 -1.88328e-30  -2.5686e-24  2.17859e-30  4.19019e-26 -2.30733e-30  6.49101e-25  2.23365e-30 -1.71587e-25 -1.97299e-30 -1.14368e-25  1.58713e-30  5.29606e-26 -1.16026e-30  1.74399e-26  7.68936e-31 -1.07171e-26 -4.60492e-31 -2.77605e-27  2.48012e-31  1.65284e-27 -1.19156e-31  4.67037e-28  5.03023e-32 -1.83422e-28 -1.80927e-32 -7.29673e-29  5.14945e-33  1.17671e-29 -8.85458e-34  8.56019e-30 -1.18785e-34  1.52978e-31  1.80379e-34 -6.19321e-31 -8.94974e-35 -1.09037e-31  2.98887e-35  1.95079e-32 -7.18172e-36  8.18959e-33  1.17048e-36  5.56252e-34 -9.57345e-38 -2.17254e-34 -6.10002e-39 -4.52307e-35  2.41222e-39 -1.44306e-36 -1.32806e-40  5.79342e-37 -3.63034e-41  9.73412e-38  1.19484e-41  2.75025e-39 -2.96802e-42 -3.47973e-40  5.10809e-43 -2.55804e-41 -4.09046e-44 -1.18849e-42  4.34398e-46 -3.39472e-45  5.77842e-47
 4.91925e-47 -1.72073e-34 -1.29273e-46  4.40393e-34 -8.76625e-46 -3.93442e-34  6.28271e-44  3.54239e-33 -2.14533e-43 -6.14184e-32 -1.62997e-43  8.48673e-31 -1.59873e-42 -9.52016e-30  5.61495e-42  8.88282e-29 -9.09011e-42 -7.01677e-28 -3.71145e-41  4.75411e-27 -7.55182e-41 -2.79002e-26  4.30687e-40  1.42879e-25 -7.00941e-39 -6.42029e-25  5.73527e-38  2.54154e-24 -3.89221e-37  -8.8869e-24  2.29626e-36  2.74881e-23 -1.19394e-35 -7.52312e-23  5.53521e-35  1.82012e-22 -2.30771e-34  -3.8837e-22  8.70505e-34  7.27983e-22 -2.98465e-33 -1.19145e-21  9.33367e-33  1.68711e-21 -2.66926e-32 -2.03833e-21  6.99475e-32  2.05479e-21 -1.68203e-31 -1.66085e-21   3.7155e-31  9.86797e-22 -7.54398e-31  -3.1845e-22  1.40833e-30 -8.84965e-23 -2.41722e-30  1.77293e-22  3.81317e-30 -8.67696e-23 -5.52517e-30 -6.66915e-24  7.34701e-30  2.92027e-23 -8.95542e-30 -1.01586e-23  9.99264e-30 -4.31189e-24 -1.01909e-29  3.77145e-24  9.48293e-30  1.76663e-25 -8.03656e-30 -8.66091e-25  6.19122e-30  6.99241e-26 -4.32732e-30  1.61128e-25  2.73842e-30   -1.877e-26 -1.56505e-30 -2.65462e-26  8.04792e-31  2.14356e-27 -3.69863e-31  3.78923e-27  1.49897e-31  3.65822e-29 -5.20759e-32 -4.31254e-28  1.44923e-32 -5.45764e-29 -2.56077e-33   3.2537e-29 -1.92691e-34   9.0816e-30  3.96201e-34 -9.42979e-31 -1.94315e-34 -7.21869e-31   6.2365e-35 -6.23536e-32 -1.41664e-35   2.2728e-32  2.16012e-36  6.09938e-33 -1.80645e-37  1.64664e-34  5.47817e-39 -1.28806e-34 -2.95123e-39 -2.08486e-35  1.44213e-39 -5.76514e-37 -3.03883e-40   1.9304e-37  4.51198e-41   2.0174e-38 -7.15352e-42  6.12043e-40  9.35579e-43 -1.49946e-41 -5.43706e-44 -2.05026e-42 -1.47709e-46 -2.26538e-44
 6.01928e-35  8.05451e-46 -2.42466e-34 -8.76625e-46  6.91101e-34 -3.13851e-45 -4.92172e-33  3.77419e-43  9.61372e-32 -1.28676e-42 -1.49706e-30 -2.34718e-43  1.86131e-29 -9.01682e-42  -1.9037e-28  2.56479e-41  1.63521e-27 -6.23238e-42 -1.19763e-26 -3.93773e-40  7.56397e-26  1.50543e-39 -4.15496e-25 -8.12566e-39  1.99785e-24  1.74173e-38 -8.44883e-24  6.73365e-38  3.15287e-23 -1.17383e-36 -1.04037e-22  9.27622e-36  3.03824e-22  -5.5268e-35 -7.85018e-22  2.75039e-34  1.79175e-21 -1.18974e-33 -3.60158e-21  4.56443e-33  6.34461e-21 -1.57154e-32 -9.72311e-21  4.89284e-32  1.28196e-20  -1.3846e-31 -1.42931e-20  3.57418e-31  1.30931e-20 -8.43733e-31 -9.32178e-21  1.82458e-30  4.47211e-21  -3.6185e-30   -5.843e-22  6.58512e-30 -1.13441e-21 -1.09986e-29  1.00174e-21  1.68556e-29 -2.46793e-22 -2.36882e-29 -1.78857e-22  3.05005e-29  1.53388e-22 -3.59368e-29 -8.94136e-24  3.86892e-29 -3.72824e-23 -3.79946e-29  1.17104e-23  3.39726e-29  6.26604e-24 -2.76041e-29 -3.46118e-24  2.03437e-29 -9.04929e-25 -1.35746e-29  7.01754e-25  8.18752e-30  1.40638e-25 -4.45639e-30 -1.10564e-25  2.18351e-30 -2.49952e-26 -9.58288e-31  1.30572e-26  3.72466e-31  4.21952e-27 -1.24946e-31 -9.72787e-28  3.39875e-32 -5.36301e-28 -6.12388e-33  1.12308e-29 -1.86719e-34  4.30508e-29  7.24307e-34  5.92404e-30 -3.53592e-34 -1.59555e-30  1.09475e-34 -5.50614e-31 -2.36832e-35 -1.99357e-32  3.49838e-36    1.665e-32 -3.70871e-37  2.98827e-33  6.51374e-38  3.71142e-35 -2.31205e-38 -4.96549e-35  5.92425e-39 -6.25729e-36 -9.58584e-40 -1.28673e-37  1.18674e-40  2.70196e-38 -1.48274e-41  2.41487e-39  1.45209e-42  6.46785e-41 -5.32347e-44 -5.58569e-43  -6.6627e-46
-2.20552e-46  1.21979e-34  8.27864e-45 -3.93442e-34 -3.13851e-45  5.78819e-33  5.10401e-45 -1.25001e-31  1.86185e-42  2.21245e-30  -6.5404e-42 -3.07117e-29  1.41899e-42  3.46065e-28 -3.68104e-41 -3.24437e-27  4.45815e-41  2.57564e-26  5.92378e-40 -1.75427e-25 -5.88179e-39  1.03522e-24  3.44473e-38 -5.33234e-24 -1.89356e-37   2.4108e-23  8.40477e-37 -9.60523e-23 -3.03962e-36  3.38161e-22  7.73884e-36 -1.05355e-21 -3.36442e-36   2.9056e-21 -1.09979e-34 -7.08731e-21  8.59595e-34  1.52553e-20 -4.44032e-33 -2.88652e-20  1.85626e-32  4.77267e-20 -6.67245e-32 -6.83439e-20  2.11831e-31  8.36182e-20 -6.02516e-31 -8.55371e-20  1.54854e-30  7.04077e-20 -3.61575e-30 -4.29524e-20  7.69679e-30   1.4766e-20 -1.49703e-29  3.11361e-21  2.66399e-29 -7.58118e-21 -4.33999e-29  3.99647e-21  6.47324e-29  1.17592e-22 -8.83568e-29 -1.27055e-21  1.10273e-28  5.00794e-22 -1.25679e-28  1.68501e-22  1.30599e-28 -1.76551e-22 -1.23509e-28  1.36815e-25  1.06086e-28  3.96955e-23 -8.25888e-29 -5.10477e-24  5.81613e-29 -7.33568e-24 -3.69901e-29  1.24356e-24  2.12217e-29  1.22052e-24 -1.09757e-29 -1.61845e-25  5.11316e-30 -1.80561e-25  -2.1397e-30  6.62752e-27   7.9728e-31  2.16986e-26 -2.58513e-31  1.84123e-27  6.88958e-32 -1.78901e-27 -1.26713e-32 -4.08817e-28  1.03161e-34  6.86382e-29  1.12308e-33  3.68534e-29 -5.55946e-34  2.10781e-30  1.68386e-34 -1.38489e-30 -3.57057e-35 -3.00708e-31  5.61369e-36 -4.47564e-34 -9.04094e-37  7.75199e-33  2.45754e-37  1.05914e-33 -7.23594e-38  6.00724e-36  1.51687e-38 -1.16206e-35 -2.17414e-39 -1.10988e-36  2.45553e-40 -2.69961e-38 -2.59323e-41  1.84788e-39  1.87825e-42   1.1123e-40 -3.56146e-44   9.5313e-43
-1.49655e-35  -3.1194e-45   2.2643e-34  6.28271e-44 -4.92172e-33  5.10401e-45  1.36641e-31  1.67508e-43 -2.78261e-30  7.67576e-42  4.34976e-29 -2.84505e-41 -5.43264e-28  9.34384e-42  5.58283e-27 -5.65238e-41 -4.81948e-26  -7.4036e-40  3.54835e-25  9.69996e-39 -2.25347e-24  -7.2961e-38  1.24506e-23  4.42515e-37 -6.02343e-23 -2.39649e-36  2.56375e-22  1.12646e-35 -9.63257e-22 -4.61737e-35  3.20147e-21  1.62225e-34 -9.42104e-21 -4.68626e-34  2.45403e-20  9.80067e-34 -5.64988e-20   -5.537e-34  1.14628e-19 -7.61521e-33 -2.03968e-19   5.0767e-32  3.16029e-19 -2.16579e-31 -4.21775e-19  7.44221e-31  4.76823e-19 -2.19777e-30 -4.44088e-19  5.73414e-30  3.23139e-19 -1.34083e-29 -1.60861e-19  2.83303e-29  2.59815e-20 -5.43552e-29  3.72751e-20   9.4977e-29 -3.57661e-20 -1.51386e-28  1.00599e-20  2.20258e-28  5.78361e-21 -2.92494e-28 -5.66296e-21  3.54274e-28  5.80025e-22 -3.90905e-28  1.31518e-21  3.92279e-28 -4.89309e-22  -3.5731e-28 -2.07442e-22   2.9475e-28  1.39301e-22 -2.19702e-28  2.74028e-23  1.47666e-28 -2.82426e-23 -8.93579e-29 -4.06259e-24  4.86556e-29  4.54919e-24 -2.38524e-29  7.76457e-25  1.05419e-29 -5.67183e-25 -4.20144e-30 -1.46017e-25  1.50177e-30  4.75085e-26 -4.72126e-31  2.04999e-26   1.2405e-31 -1.41096e-27 -2.35405e-32 -1.82108e-27  1.10001e-33 -1.84725e-28  1.46023e-33  7.95109e-29 -7.70004e-34  2.21927e-29  2.37041e-34  8.18778e-32 -5.28827e-35 -7.88285e-31  1.01608e-35 -1.19154e-31 -2.34302e-36  1.84248e-33  6.70424e-37  2.42984e-33 -1.67806e-37  2.55303e-34  3.05822e-38  2.07068e-36 -3.99972e-39 -1.49551e-36  4.19153e-40 -1.11859e-37 -3.78388e-41 -2.09067e-39  1.95681e-42  3.51374e-41 -1.28174e-44
-7.87204e-46 -7.81151e-35 -2.94079e-44  3.54239e-33  3.77419e-43 -1.25001e-31  1.67508e-43  3.00161e-30  1.45274e-42 -5.34121e-29  2.63369e-41  7.44744e-28 -1.03218e-40 -8.43191e-27 -3.14476e-41  7.94452e-26  9.08801e-40 -6.34019e-25 -1.24546e-38   4.3422e-24  1.08276e-37 -2.57731e-23 -7.41356e-37  1.33569e-22  4.38643e-36 -6.07781e-22 -2.30943e-35  2.43806e-21  1.07737e-34 -8.64527e-21 -4.46399e-34    2.714e-20  1.63641e-33 -7.54568e-20 -5.25535e-33  1.85643e-19  1.44678e-32 -4.03286e-19 -3.23693e-32  7.70674e-19  4.91626e-32 -1.28804e-18  6.71638e-33  1.86642e-18 -4.07378e-31  -2.3141e-18  1.94269e-30  2.40403e-18 -6.51065e-30 -2.01705e-18  1.79835e-29   1.2648e-18 -4.30872e-29 -4.62877e-19   9.1609e-29 -6.79779e-20   -1.749e-28  2.18142e-19  3.01844e-28 -1.24324e-19 -4.72638e-28  2.27571e-21  6.72742e-28  3.71066e-20 -8.70995e-28 -1.66003e-20   1.0254e-27   -4.243e-21 -1.09653e-27  5.56111e-21  1.06334e-27 -2.81581e-22 -9.33079e-28 -1.21927e-21  7.39073e-28  2.22598e-22 -5.27082e-28  2.22641e-22  3.37681e-28 -5.16365e-23  -1.9406e-28 -3.73581e-23  1.00042e-28  7.28437e-24 -4.63642e-29  5.72672e-24  1.93997e-29 -5.16329e-25 -7.36072e-30 -7.28841e-25  2.53046e-30 -2.94078e-26 -7.76422e-31  6.55951e-26  2.03597e-31  1.18534e-26 -4.07454e-32 -3.08343e-27  3.65205e-33 -1.25379e-27  1.47956e-33 -2.82636e-29 -9.58672e-34  5.51695e-29  3.26584e-34   9.8174e-30 -8.54004e-35 -3.23939e-31  2.11849e-35 -3.08364e-31 -5.71044e-36 -3.48994e-32  1.50094e-36  6.68279e-34 -3.22556e-37  4.83467e-34  5.19898e-38   4.0069e-35 -6.24514e-39  5.18082e-37  6.03156e-40 -9.37482e-38 -4.55057e-41 -4.17728e-39   1.5452e-42 -3.18402e-41
-4.69593e-37 -7.57175e-45  -2.0677e-33 -2.14533e-43  9.61372e-32  1.86185e-42 -2.78261e-30  1.45274e-42  5.71645e-29  8.88599e-42 -8.97688e-28  7.06178e-41  1.12651e-26  -2.6425e-40 -1.16345e-25 -1.12792e-39  1.00965e-24   1.4075e-38 -7.47471e-24 -1.31254e-37  4.77463e-23  9.94892e-37 -2.65419e-22  -6.4188e-36  1.29234e-21  3.65456e-35 -5.53805e-21 -1.85764e-34  2.09572e-20  8.44223e-34 -7.01832e-20 -3.43753e-33  2.08196e-19  1.25353e-32 -5.46973e-19 -4.08096e-32  1.27083e-18  1.17753e-31  -2.6037e-18 -2.96585e-31  4.68233e-18  6.30544e-31 -7.33919e-18 -1.03345e-30  9.92153e-18  8.41851e-31 -1.13816e-17  2.20621e-30  1.07866e-17 -1.38383e-29 -8.02997e-18  4.58476e-29  4.15161e-18 -1.18404e-28 -8.01822e-19  2.59796e-28  -8.6557e-19 -5.00628e-28  9.13385e-19  8.60771e-28 -2.91285e-19 -1.33153e-27 -1.30333e-19  1.86121e-27  1.49326e-19 -2.35557e-27  -2.2278e-20  2.70048e-27 -3.28514e-20 -2.80234e-27  1.44933e-20  2.62812e-27  4.74008e-21 -2.22244e-27  -3.9883e-21  1.69002e-27 -5.34224e-22 -1.15235e-27  8.07399e-22   7.0275e-28  7.05796e-23 -3.82752e-28 -1.32831e-22  1.86323e-28 -1.53421e-23 -8.14152e-29  1.73988e-23  3.22013e-29  3.42974e-24 -1.16486e-29 -1.60895e-24  3.87577e-30  -5.4752e-25 -1.17528e-30  7.08822e-26  3.14015e-31  5.43244e-26 -6.83566e-32  3.43413e-27  9.38944e-33 -2.75988e-27   7.9672e-34 -6.22525e-28 -1.12368e-33  2.24726e-29  4.84551e-34  2.63507e-29 -1.57674e-34  3.25991e-30   4.6127e-35 -1.72868e-31 -1.24384e-35 -8.32437e-32  2.87924e-36 -7.31448e-33  -5.3418e-37   8.4116e-35  7.66504e-38   5.6741e-35 -8.45039e-39  3.50403e-36  7.36873e-40  4.48429e-38 -4.40523e-41 -1.57447e-39  7.99351e-43
-8.59827e-46  8.80582e-34 -4.41681e-44 -6.14184e-32 -1.28676e-42  2.21245e-30  7.67576e-42 -5.34121e-29  8.88599e-42  9.54976e-28   4.5046e-41 -1.33791e-26  9.18621e-41  1.52235e-25  1.53588e-40  -1.4419e-24  -1.3871e-38  1.15709e-23  1.39108e-37 -7.97064e-23 -1.13521e-36  4.75994e-22  7.95254e-36 -2.48274e-21 -4.87393e-35   1.1374e-20  2.65904e-34 -4.59533e-20 -1.30003e-33  1.64185e-19  5.71231e-33 -5.19568e-19 -2.26088e-32  1.45687e-18  8.06661e-32  -3.6169e-18 -2.59243e-31  7.93379e-18  7.48239e-31 -1.53205e-17 -1.92717e-30  2.58975e-17  4.37373e-30 -3.79977e-17 -8.52008e-30  4.77763e-17  1.33614e-29 -5.04462e-17 -1.33433e-29  4.31844e-17 -7.23463e-30 -2.78627e-17  8.15969e-29  1.08465e-17 -2.66085e-28  9.29287e-19  6.37059e-28 -4.66533e-18 -1.27134e-27  2.88741e-18  2.20795e-27 -1.92085e-19 -3.40165e-27 -8.02743e-19  4.69335e-27  4.09104e-19 -5.82626e-27  7.36861e-20  6.51933e-27 -1.30166e-19 -6.57524e-27  1.34889e-20   5.9694e-27  2.76731e-20 -4.86683e-27 -6.77553e-21  3.55266e-27 -4.95805e-21 -2.31436e-27  1.52883e-21  1.34157e-27  8.36241e-22 -6.90977e-28  -2.2838e-22  3.16771e-28 -1.33025e-22 -1.30204e-28  2.05715e-23  4.86855e-29  1.80116e-23 -1.68836e-29 -1.66977e-25   5.5097e-30 -1.76968e-24 -1.68744e-30 -2.37565e-25  4.73143e-31  9.81555e-26 -1.15249e-31  3.11461e-26  2.11777e-32 -5.93534e-28 -1.01077e-33 -1.60592e-27 -1.39931e-33 -2.29913e-28  8.28484e-34  1.87076e-29 -3.14472e-34  8.96865e-30  9.56596e-35  8.19494e-31  -2.3937e-35 -4.51471e-32  4.81742e-36 -1.48356e-32 -7.73761e-37 -1.02838e-33   9.9269e-38  8.83449e-37 -9.99834e-39  3.22601e-36  7.59949e-40  1.19999e-37 -3.25905e-41  7.51615e-40
-2.48375e-34 -1.92503e-44  3.16268e-32 -1.62997e-43 -1.49706e-30  -6.5404e-42  4.34976e-29  2.63369e-41 -8.97688e-28   4.5046e-41  1.41643e-26  2.08171e-40 -1.78638e-25 -6.34275e-40  1.85467e-24  9.36023e-39 -1.61841e-23 -1.28123e-37  1.20512e-22  1.14189e-36 -7.74504e-22 -8.60361e-36  4.33316e-21  5.67019e-35 -2.12417e-20 -3.30858e-34  9.16788e-20  1.72692e-33 -3.49559e-19 -8.10426e-33     1.18e-18  3.43044e-32 -3.53019e-18 -1.31282e-31  9.35836e-18  4.54839e-31 -2.19531e-17 -1.42692e-30  4.54443e-17  4.04875e-30 -8.26409e-17 -1.03577e-29  1.31122e-16  2.37424e-29 -1.79672e-16 -4.81932e-29   2.0931e-16  8.46064e-29 -2.02035e-16 -1.21596e-28  1.54028e-16  1.19343e-28 -8.27744e-17   1.0412e-29  1.86631e-17 -4.16812e-28  1.52231e-17  1.29543e-27 -1.79525e-17 -2.82878e-27  6.45791e-18   5.0829e-27  2.17405e-18 -7.89656e-27 -3.02495e-18  1.08314e-26  6.02812e-19 -1.32471e-26  6.23033e-19  1.45096e-26 -3.27901e-19 -1.42501e-26 -7.87328e-20  1.25384e-26  8.73735e-20 -9.86137e-27  6.26682e-21  6.90989e-27  -1.7629e-20 -4.29751e-27 -5.18418e-22  2.36436e-27   2.9574e-21 -1.14906e-27  1.74479e-22  4.94897e-28  -4.0573e-22 -1.91189e-28 -5.65005e-23  6.78784e-29  4.09485e-23 -2.28862e-29  1.08657e-23  7.51155e-30 -2.30163e-24 -2.39876e-30 -1.22586e-24  7.27202e-31 -2.51174e-26 -1.99143e-31   7.2023e-26  4.33869e-32  1.29422e-26 -4.10172e-33 -1.16445e-27 -2.20942e-33 -6.66302e-28  1.58159e-33 -6.45014e-29  -6.2137e-34  7.13804e-30  1.81108e-34  2.15893e-30 -4.07214e-35  1.52905e-31   7.0797e-36 -6.28463e-33  -9.8509e-37 -1.59607e-33  1.13543e-37 -8.23388e-35 -1.03461e-38 -4.97934e-37  6.47049e-40  5.30628e-38 -1.60336e-41
 5.37906e-45 -1.24698e-32 -2.12519e-43  8.48673e-31 -2.34718e-43 -3.07117e-29 -2.84505e-41  7.44744e-28  7.06178e-41 -1.33791e-26  2.08171e-40  1.88378e-25  9.69814e-40 -2.15476e-24 -8.31593e-39  2.05218e-23  9.70283e-38  -1.6564e-22 -1.01019e-36  1.14799e-21  8.29154e-36 -6.89977e-21 -5.86494e-35  3.62327e-20  3.66025e-34 -1.67178e-19 -2.03523e-33  6.80532e-19  1.01571e-32 -2.45087e-18 -4.57008e-32  7.82146e-18  1.85981e-31 -2.21286e-17 -6.86203e-31   5.5464e-17  2.29917e-30 -1.22911e-16 -7.00069e-30  2.39972e-16  1.93656e-29  -4.1052e-16 -4.85893e-29  6.10298e-16  1.10192e-28 -7.78755e-16 -2.24406e-28  8.36446e-16  4.05513e-28 -7.31258e-16 -6.35157e-28  4.85955e-16   8.1716e-28 -2.01057e-16  -7.2566e-28 -5.44055e-18 -1.95155e-29  7.83611e-17  1.90002e-27 -5.29581e-17 -5.33161e-27  6.11781e-18   1.0404e-26  1.35742e-17 -1.66376e-26 -7.93056e-18  2.29262e-26 -8.60251e-19 -2.77902e-26  2.39193e-18  2.99047e-26 -3.85088e-19  -2.8666e-26 -4.89191e-19  2.44807e-26  1.56064e-19  -1.8587e-26  8.50991e-20  1.25021e-26 -3.46236e-20 -7.41822e-27 -1.43451e-20  3.86802e-27   5.4071e-21 -1.77035e-27  2.37575e-21  7.15516e-28 -5.63231e-22 -2.60617e-28 -3.44738e-22  8.90976e-29   2.3208e-23 -3.00915e-29  3.70945e-23  1.03284e-29  3.22453e-24 -3.55144e-30 -2.37812e-24  1.17554e-30 -5.91798e-25 -3.50843e-31  4.28892e-26  8.13951e-32   3.6174e-26  -7.7288e-33  3.97188e-27 -4.46865e-33 -6.26265e-28  3.08779e-33   -2.018e-28  -1.1526e-33 -1.39794e-29  3.08873e-34  1.61977e-30 -6.13776e-35  3.51608e-31  9.14794e-36  1.97202e-32 -1.10159e-36 -3.99899e-34  1.14786e-37  -8.5161e-35 -9.27222e-39  -2.6747e-36  4.31548e-40 -1.18897e-38
 3.27089e-33    9.325e-44 -3.91925e-31 -1.59873e-42  1.86131e-29  1.41899e-42 -5.43264e-28 -1.03218e-40  1.12651e-26  9.18621e-41 -1.78638e-25  9.69814e-40  2.26482e-24     5.01e-39  -2.3644e-23 -6.93713e-38   2.0752e-22  7.69163e-37 -1.55471e-21 -7.10988e-36  1.00561e-20  5.45681e-35 -5.66426e-20 -3.64729e-34  2.79653e-19  2.16187e-33 -1.21607e-18 -1.14615e-32  4.67366e-18  5.46798e-32 -1.59099e-17 -2.35714e-31   4.8023e-17   9.2107e-31 -1.28519e-16 -3.27051e-30  3.04549e-16   1.0571e-29 -6.37325e-16  -3.1134e-29  1.17268e-15   8.3572e-29 -1.88466e-15 -2.04289e-28  2.61953e-15  4.53802e-28 -3.10146e-15 -9.12365e-28  3.05173e-15  1.64831e-27 -2.38505e-15 -2.64163e-27  1.33325e-15  3.66193e-27 -3.44634e-16 -4.14113e-27  -2.1052e-16  3.13515e-27  2.83771e-16  5.05538e-28 -1.14736e-16  -7.6944e-27 -2.73527e-17  1.84955e-26  4.91635e-17 -3.16346e-26 -1.24716e-17  4.45122e-26 -9.32335e-18 -5.39226e-26  5.92706e-18  5.72788e-26  9.47439e-19 -5.37459e-26 -1.52953e-18  4.46271e-26 -1.28663e-20 -3.27397e-26  3.06754e-19  2.11433e-26 -9.87084e-21 -1.19625e-26  -5.2366e-20  5.90503e-27  5.00762e-23 -2.54309e-27  7.51066e-21  9.66701e-28  6.09494e-22 -3.36205e-28 -8.21411e-22  1.14386e-28 -1.63898e-22 -4.06647e-29  5.51444e-23   1.5181e-29  2.17382e-23 -5.66653e-30 -6.57825e-25  1.99857e-30 -1.47978e-24 -6.16146e-31 -2.03592e-25  1.39565e-31  3.50694e-26 -9.24404e-33  1.32822e-26 -9.73764e-33  9.14799e-28  5.76979e-33 -2.00321e-28 -1.96156e-33 -4.41204e-29  4.73162e-34 -2.33372e-30 -8.20277e-35  2.16788e-31   1.0356e-35   3.5238e-32 -1.07718e-36  1.49673e-33  1.02177e-37 -5.12753e-36 -7.01932e-39 -1.37898e-36  1.95949e-40
-6.17873e-45  1.39478e-31  8.67033e-43 -9.52016e-30 -9.01682e-42  3.46065e-28  9.34384e-42 -8.43191e-27  -2.6425e-40  1.52235e-25 -6.34275e-40 -2.15476e-24     5.01e-39  2.47835e-23  2.93764e-38 -2.37408e-22  -5.0275e-37  1.92793e-21  5.33447e-36 -1.34478e-20 -4.56023e-35  8.13728e-20  3.29723e-34 -4.30362e-19 -2.08938e-33  2.00064e-18  1.17818e-32 -8.20872e-18 -5.95828e-32  2.98114e-17  2.71693e-31 -9.59847e-17  -1.1215e-30  2.74133e-16  4.20394e-30 -6.94031e-16 -1.43462e-29  1.55463e-15  4.46535e-29 -3.07063e-15 -1.26924e-28  5.31944e-15  3.29625e-28 -8.01833e-15 -7.81895e-28  1.03915e-14   1.6918e-27 -1.13634e-14 -3.32996e-27  1.01553e-14  5.93389e-27 -6.95782e-15 -9.49463e-27  3.05681e-15   1.3442e-26 -8.94669e-17  -1.6355e-26 -1.06957e-15    1.594e-26  7.94909e-16 -9.53759e-27 -1.31698e-16 -4.77897e-27 -1.85261e-16  2.68486e-26  1.25333e-16 -5.35361e-26  4.91637e-18  7.90786e-26 -3.57003e-17 -9.69034e-26  8.01549e-18  1.02252e-25  6.94294e-18 -9.42605e-26 -2.85528e-18  7.62655e-26 -1.15297e-18 -5.41283e-26  6.26354e-19  3.35765e-26  1.92275e-19 -1.81118e-26 -1.01455e-19  8.46264e-27 -3.33631e-20 -3.43597e-27  1.17188e-20  1.24121e-27  5.25517e-21 -4.25454e-28 -7.33443e-22  1.52681e-28 -6.24077e-22 -6.01309e-29 -2.24892e-23  2.45869e-29  4.57821e-23 -9.67907e-30  8.76273e-24  3.47812e-30 -1.29859e-24 -1.05161e-30 -6.52167e-25  2.17209e-31  -4.9252e-26 -3.04216e-33  1.51379e-26 -2.01584e-32  3.62616e-27   9.9973e-33  1.63447e-28 -3.03825e-33 -4.11214e-29  6.50805e-34  -6.6532e-30 -9.70159e-35 -2.82284e-31  1.01834e-35  1.51006e-32 -9.13522e-37  1.79526e-33  7.92467e-38   4.7183e-35 -4.24907e-39  9.57212e-38
-3.32195e-32 -1.68146e-43  3.99046e-30  5.61495e-42  -1.9037e-28 -3.68104e-41  5.58283e-27 -3.14476e-41 -1.16345e-25  1.53588e-40  1.85467e-24 -8.31593e-39  -2.3644e-23  2.93764e-38  2.48271e-22  1.84284e-37 -2.19236e-21 -3.33659e-36  1.65304e-20  3.36432e-35 -1.07645e-19 -2.69804e-34  6.10654e-19  1.84587e-33 -3.03755e-18 -1.11131e-32  1.33136e-17  5.96813e-32 -5.15962e-17 -2.87976e-31  1.77201e-16   1.2548e-30 -5.39908e-16 -4.95666e-30  1.45939e-15  1.78071e-29 -3.49534e-15 -5.83333e-29   7.3988e-15  1.74595e-28 -1.37833e-14 -4.78129e-28   2.2453e-14  1.19887e-27 -3.16789e-14  -2.7524e-27  3.81506e-14  5.78084e-27 -3.83023e-14 -1.10857e-26  3.07178e-14  1.93428e-26 -1.78736e-14 -3.05312e-26  5.22268e-15  4.31701e-26  2.32979e-15 -5.37256e-26 -3.71266e-15  5.67672e-26    1.684e-15 -4.63703e-26  2.51808e-16   1.8694e-26 -6.59347e-16  2.52256e-26    2.069e-16 -7.80903e-26   1.1229e-16  1.27733e-25 -8.81679e-17 -1.61315e-25 -7.36723e-18  1.70548e-25  2.19999e-17 -1.55177e-25 -1.27571e-18  1.22677e-25 -4.36843e-18 -8.43707e-26  4.37163e-19  5.03192e-26  7.56872e-19 -2.58988e-26  -5.1009e-20  1.14788e-26 -1.13386e-19 -4.43021e-27 -2.24876e-21  1.56175e-27  1.33879e-20 -5.59473e-28  1.84633e-21  2.25668e-28 -1.03767e-21 -9.93782e-29 -3.08684e-22  4.29097e-29  2.94718e-23 -1.70394e-29  2.46345e-23  5.99247e-30  2.36576e-24 -1.71044e-30   -7.698e-25   3.0309e-31 -2.13849e-25  1.98585e-32 -8.05358e-27 -3.79748e-32  4.27727e-27    1.587e-32  7.27251e-28 -4.27184e-33  2.37583e-29  8.03009e-34 -5.22924e-30 -1.00988e-34  -6.2942e-31  8.56013e-36 -2.09288e-32 -6.63361e-37  3.92026e-34  5.23187e-38  2.85423e-35 -1.78352e-39
-3.04869e-43 -1.29556e-30 -1.64837e-42  8.88282e-29  2.56479e-41 -3.24437e-27 -5.65238e-41  7.94452e-26 -1.12792e-39  -1.4419e-24  9.36023e-39  2.05218e-23 -6.93713e-38 -2.37408e-22  1.84284e-37  2.28811e-21  1.15365e-36 -1.87007e-20 -2.05428e-35  1.31325e-19  1.96162e-34 -8.00306e-19 -1.48584e-33  4.26441e-18  9.64866e-33 -1.99811e-17 -5.52796e-32  8.26694e-17  2.82921e-31 -3.02885e-16 -1.30247e-30  9.84357e-16  5.42016e-30 -2.83935e-15  -2.0471e-29   7.2649e-15  7.04054e-29 -1.64587e-14 -2.21118e-28  3.29072e-14   6.3554e-28 -5.77672e-14 -1.67434e-27  8.83531e-14  4.04693e-27 -1.16385e-13 -8.97601e-27  1.29689e-13  1.82586e-26 -1.18593e-13 -3.40118e-26  8.38509e-14   5.7861e-26 -3.90835e-14 -8.94974e-26  3.26745e-15  1.24964e-25  1.21274e-14  -1.5562e-25 -1.00053e-14  1.69043e-25  2.17607e-15  -1.5266e-25  2.07928e-15   9.9433e-26 -1.65455e-15 -1.31655e-26  4.80647e-17 -8.98735e-26  4.42368e-16  1.85083e-25 -1.31349e-16 -2.48488e-25 -8.03705e-17  2.66405e-25  4.28272e-17 -2.40682e-25  1.23596e-17  1.86568e-25 -9.31406e-18 -1.24625e-25 -1.99696e-18  7.15995e-26  1.55632e-18 -3.52596e-26  3.68051e-19  1.49281e-26 -1.94962e-19  -5.5903e-27 -6.45181e-20  2.02279e-27  1.53173e-20 -8.12147e-28   8.5877e-21  3.74785e-28 -1.92323e-22  -1.7666e-28 -7.19768e-22  7.67428e-29 -1.00065e-22 -2.97048e-29  2.73432e-23  9.96589e-30  9.59643e-24 -2.61776e-30  3.60053e-25   3.7065e-31 -2.85896e-25  7.06511e-32 -5.28937e-26 -6.45714e-32 -8.59484e-28  2.29896e-32  8.09456e-28 -5.44575e-33  1.02468e-28  8.86594e-34  2.76387e-30 -9.15354e-35 -3.66078e-31  5.97079e-36 -3.08995e-32  -4.0444e-37 -6.58677e-34  2.79211e-38  9.61904e-37
 2.82762e-31 -2.05501e-42 -3.41141e-29 -9.09011e-42  1.63521e-27  4.45815e-41 -4.81948e-26  9.08801e-40  1.00965e-24  -1.3871e-38 -1.61841e-23  9.70283e-38   2.0752e-22  -5.0275e-37 -2.19236e-21  1.15365e-36  1.94841e-20  6.92888e-36 -1.47905e-19 -1.18078e-34  9.70006e-19  1.06848e-33 -5.54396e-18 -7.67914e-33  2.77952e-17  4.74507e-32 -1.22844e-16 -2.59004e-31  4.80277e-16  1.26355e-30 -1.66487e-15  -5.5469e-30  5.12297e-15  2.20234e-29 -1.39937e-14 -7.94231e-29  3.38941e-14  2.61115e-28 -7.26153e-14 -7.85008e-28  1.37048e-13  2.16342e-27 -2.26449e-13 -5.47537e-27   3.2457e-13    1.274e-26  -3.9792e-13  -2.7263e-26  4.08008e-13  5.36347e-26 -3.36108e-13 -9.68785e-26  2.03695e-13  1.60289e-25 -6.65293e-14 -2.42026e-25 -2.05964e-14  3.31601e-25  4.10086e-14 -4.08525e-25  -2.0862e-14  4.45618e-25 -1.40946e-15  -4.1778e-25  7.43545e-15  3.13728e-25 -2.83847e-15 -1.45057e-25 -1.09226e-15  -5.3324e-26  1.10157e-15  2.33701e-25  9.66198e-18 -3.53296e-25 -2.64799e-16  3.90826e-25  3.44638e-17 -3.53321e-25  5.17505e-17   2.6975e-25 -9.23561e-18 -1.75596e-25  -9.0676e-18  9.75371e-26  1.31561e-18  -4.6259e-26  1.41903e-18  1.90081e-26 -6.91103e-20 -7.18136e-27 -1.80793e-19  2.84844e-27  -1.3794e-20  -1.3227e-27   1.5891e-20  6.67964e-28  3.51418e-21 -3.18872e-28 -6.64334e-22  1.34828e-28 -3.38029e-22 -4.99306e-29 -1.74874e-23  1.57604e-29   1.3305e-23 -3.74032e-30  2.81177e-24  3.77689e-31 -1.42401e-27  1.59342e-31 -7.31557e-26 -9.92661e-32  -9.7667e-27  3.03567e-32  -7.3912e-29 -6.28606e-33  9.79583e-29  8.71627e-34  9.23497e-30 -7.08483e-35  2.12341e-31  3.24597e-36 -1.07428e-32   -2.006e-37 -4.83763e-34  1.04795e-38
  5.5143e-44  1.01855e-29 -8.70259e-42 -7.01677e-28 -6.23238e-42  2.57564e-26  -7.4036e-40 -6.34019e-25   1.4075e-38  1.15709e-23 -1.28123e-37  -1.6564e-22  7.69163e-37  1.92793e-21 -3.33659e-36 -1.87007e-20  6.92888e-36  1.53874e-19  3.93693e-35 -1.08827e-18 -6.37744e-34  6.68173e-18  5.48624e-33 -3.58848e-17 -3.75574e-32  1.69542e-16  2.21289e-31 -7.07636e-16 -1.15152e-30   2.6168e-15  5.35264e-30 -8.58845e-15 -2.23809e-29  2.50332e-14  8.46399e-29 -6.47682e-14 -2.90886e-28  1.48492e-13  9.12273e-28 -3.00728e-13 -2.62009e-27  5.35325e-13  6.91102e-27 -8.31396e-13 -1.67773e-26   1.1141e-12  3.75351e-26 -1.26618e-12 -7.74278e-26  1.18591e-12   1.4721e-25  -8.6611e-13 -2.57628e-25  4.27938e-13  4.14066e-25 -5.83034e-14 -6.09069e-25 -1.15817e-13  8.15843e-25  1.07447e-13 -9.87806e-25 -2.91856e-14  1.06851e-24  -1.9345e-14 -1.01149e-24  1.85608e-14  8.02736e-25 -1.81665e-15 -4.73926e-25 -4.61364e-15  9.71662e-26  1.76494e-15  2.38936e-25  7.60544e-16 -4.61819e-25  -5.3813e-16   5.4083e-25 -1.01602e-16 -4.94072e-25  1.16089e-16  3.73614e-25  1.50527e-17 -2.38151e-25 -1.99269e-17  1.28734e-25 -3.06104e-18 -5.95595e-26   2.6725e-18  2.44468e-26  6.32832e-19 -9.83141e-27 -2.45323e-19  4.46016e-27 -9.74049e-20 -2.31682e-27  9.27566e-21  1.20347e-27  9.39965e-21 -5.60966e-28  8.19209e-22  2.27142e-28 -4.47867e-22  -7.9796e-29  -1.1619e-22  2.35198e-29  1.00528e-24 -4.96337e-30   4.3884e-24  2.74155e-31  6.27782e-25  2.89522e-31 -1.38388e-26 -1.38428e-31 -1.29067e-26  3.65241e-32 -1.29194e-27 -6.55657e-33 -9.69657e-30  7.56697e-34  6.75173e-30 -4.50957e-35    4.402e-31  1.14694e-36  7.06704e-33  -7.6442e-38 -5.36362e-35
-2.05085e-30 -1.69725e-42  2.48607e-28 -3.71145e-41 -1.19763e-26  5.92378e-40  3.54835e-25 -1.24546e-38 -7.47471e-24  1.39108e-37  1.20512e-22 -1.01019e-36 -1.55471e-21  5.33447e-36  1.65304e-20 -2.05428e-35 -1.47905e-19  3.93693e-35  1.13074e-18  2.11449e-34 -7.47136e-18 -3.26233e-33  4.30389e-17  2.68032e-32 -2.17577e-16 -1.75387e-31  9.70059e-16  9.86865e-31 -3.82785e-15  -4.8956e-30  1.33998e-14  2.16578e-29 -4.16631e-14 -8.60853e-29  1.15071e-13  3.09325e-28 -2.82025e-13 -1.01027e-27  6.11924e-13  3.01376e-27 -1.17084e-12 -8.24657e-27  1.96376e-12  2.07706e-26 -2.86164e-12 -4.82812e-26  3.57471e-12  1.03747e-25 -3.74696e-12 -2.06202e-25  3.17371e-12  3.78886e-25 -2.00448e-12 -6.42578e-25  7.25151e-13  1.00323e-24   1.4036e-13  -1.4366e-24 -3.87726e-13  1.87763e-24  2.21605e-13 -2.22525e-24 -2.11861e-15  2.36868e-24 -7.13826e-14 -2.22979e-24  3.28937e-14  1.80239e-24   8.4084e-15 -1.16603e-24 -1.17252e-14  4.63734e-25  7.86118e-16  1.47756e-25  2.69772e-15 -5.52615e-25 -5.72045e-16  7.11591e-25 -5.14114e-16 -6.64585e-25  1.41124e-16  5.01081e-25  9.06089e-17 -3.14856e-25 -2.19728e-17  1.67393e-25 -1.48352e-17 -7.71606e-26  1.94193e-18  3.29195e-26  2.04619e-18 -1.47201e-26  2.06511e-20  7.53881e-27 -2.02374e-19 -4.11719e-27 -3.12375e-20  2.10681e-27  1.08922e-20 -9.42165e-28  3.85184e-21  3.62901e-28  1.70866e-25 -1.20489e-28 -1.87983e-22  3.30087e-29 -3.00921e-23 -6.09105e-30  1.59726e-24  1.90015e-32  1.03062e-24  4.53196e-31  1.06258e-25 -1.75617e-31 -2.96278e-27  4.00245e-32 -1.49131e-27 -6.15992e-33 -1.11679e-28  5.72246e-34 -1.14723e-30 -2.16317e-35  2.05349e-31  1.39904e-38  6.81646e-33 -1.94773e-38
 -6.0416e-43 -6.86668e-29 -2.19891e-41  4.75411e-27 -3.93773e-40 -1.75427e-25  9.69996e-39   4.3422e-24 -1.31254e-37 -7.97064e-23  1.14189e-36  1.14799e-21 -7.10988e-36 -1.34478e-20  3.36432e-35  1.31325e-19 -1.18078e-34 -1.08827e-18  2.11449e-34   7.7544e-18   1.0795e-33 -4.79863e-17 -1.59548e-32  2.59859e-16  1.25834e-31 -1.23851e-15  -7.8934e-31  5.21727e-15  4.24472e-30 -1.94825e-14 -2.00575e-29  6.46077e-14   8.4285e-29 -1.90398e-13 -3.17591e-28  4.98424e-13  1.08062e-27 -1.15715e-12 -3.34139e-27  2.37536e-12  9.44456e-27 -4.29083e-12 -2.45318e-26   6.7721e-12  5.88202e-26 -9.23949e-12 -1.30642e-25    1.072e-11  2.69365e-25  -1.0294e-11 -5.15923e-25  7.77276e-12  9.17109e-25 -4.06779e-12 -1.50949e-24  7.62692e-13   2.2923e-24   9.3803e-13  -3.1974e-24 -9.96918e-13  4.07471e-24  3.27962e-13 -4.71437e-24   1.4854e-13  4.91159e-24 -1.79108e-13 -4.55189e-24  3.02712e-14  3.67174e-24  4.07816e-14 -2.45753e-24 -1.99384e-14  1.18063e-24  -5.7813e-15  -1.0272e-25  5.74944e-15 -6.05462e-25  5.59091e-16  9.03873e-25 -1.22866e-15 -8.72859e-25 -5.81814e-17  6.60584e-25  2.15856e-16 -4.12592e-25  1.59512e-17  2.18974e-25 -3.07516e-17 -1.03362e-25 -4.73518e-18  4.75233e-26   3.1876e-18 -2.37483e-26  9.05759e-19  1.30521e-26 -1.78226e-19 -7.12976e-27 -1.02854e-19  3.51588e-27 -3.18757e-21 -1.49802e-27  5.97841e-21   5.4755e-28  1.15136e-21 -1.71504e-28  -8.2835e-23  4.35133e-29 -5.59466e-23 -6.88226e-30 -5.95187e-24 -3.98117e-31  4.85636e-25  6.28637e-31  1.70648e-25 -2.03101e-31  1.31864e-26  3.99212e-32 -2.73787e-28  -5.1889e-33 -1.00572e-28   3.6842e-34 -5.21075e-30  -5.6324e-36 -5.13122e-32 -2.97303e-37   1.1977e-33
 1.28208e-29  6.02129e-42 -1.56193e-27 -7.55182e-41  7.56397e-26 -5.88179e-39 -2.25347e-24  1.08276e-37  4.77463e-23 -1.13521e-36 -7.74504e-22  8.29154e-36  1.00561e-20 -4.56023e-35 -1.07645e-19  1.96162e-34  9.70006e-19 -6.37744e-34 -7.47136e-18   1.0795e-33  4.97565e-17  5.28498e-33 -2.89008e-16 -7.53725e-32  1.47385e-15  5.73343e-31 -6.63196e-15 -3.45438e-30  2.64259e-14  1.77497e-29 -9.34658e-14 -7.97623e-29  2.93806e-13  3.17539e-28 -8.20983e-13 -1.13034e-27  2.03731e-12  3.62656e-27 -4.47988e-12 -1.05654e-26  8.69616e-12  2.81509e-26 -1.48167e-11 -6.90679e-26  2.19701e-11  1.57004e-25 -2.79892e-11 -3.32315e-25  3.00207e-11  6.56953e-25 -2.61712e-11 -1.21391e-24  1.72359e-11  2.09288e-24 -6.85503e-12 -3.35372e-24 -6.35366e-13  4.96837e-24  3.16726e-12 -6.76326e-24 -2.04232e-12   8.4059e-24  1.70782e-13 -9.47637e-24  5.87568e-13   9.6193e-24 -3.26895e-13 -8.70611e-24 -4.71949e-14  6.90954e-24  1.07351e-13 -4.64046e-24 -1.57651e-14  2.38857e-24 -2.33869e-14 -5.59869e-25  7.25514e-15 -6.21929e-25  4.27973e-15  1.13911e-24 -1.72047e-15 -1.14334e-24 -7.51754e-16  8.72216e-25  2.83408e-16 -5.46083e-25  1.29298e-16  2.94156e-25 -3.09113e-17 -1.45789e-25 -1.94834e-17  7.31855e-26  1.31138e-18  -3.9607e-26  2.17001e-18  2.22049e-26  1.95128e-19 -1.17898e-26 -1.42284e-19  5.55113e-27  -3.6311e-20 -2.24863e-27  2.45245e-21   7.7936e-28  2.21497e-21 -2.30036e-28  2.54807e-22  5.38737e-29 -3.55878e-23 -7.11977e-30 -1.21386e-23 -9.39684e-31  -9.0407e-25  7.83702e-31  8.03679e-26 -2.14383e-31  1.88774e-26  3.62065e-32  1.09942e-27 -3.89377e-33 -8.73324e-30   1.9356e-34 -3.08729e-30  1.78616e-36 -8.04177e-32 -1.91248e-37
-1.17953e-41  4.00872e-28  1.09399e-40 -2.79002e-26  1.50543e-39  1.03522e-24  -7.2961e-38 -2.57731e-23  9.94892e-37  4.75994e-22 -8.60361e-36 -6.89977e-21  5.45681e-35  8.13728e-20 -2.69804e-34 -8.00306e-19  1.06848e-33  6.68173e-18 -3.26233e-33 -4.79863e-17  5.28498e-33  2.99421e-16  2.50689e-32 -1.63566e-15  -3.4741e-31  7.86785e-15  2.55725e-30 -3.34675e-14 -1.48059e-29  1.26268e-13  7.26086e-29 -4.23319e-13 -3.09625e-28  1.26205e-12  1.16433e-27 -3.34485e-12  -3.9005e-27  7.86879e-12  1.17433e-26 -1.63841e-11 -3.20466e-26  3.00563e-11  7.99616e-26 -4.82466e-11 -1.84082e-25  6.70793e-11  3.94488e-25 -7.95289e-11  -7.9299e-25  7.83776e-11  1.50256e-24 -6.12419e-11 -2.68585e-24  3.39227e-11  4.51338e-24 -8.06224e-12  -7.0814e-24  -6.4392e-12  1.02852e-23  8.06444e-12 -1.37082e-23 -3.15119e-12  1.66311e-23 -9.16689e-13 -1.82365e-23  1.49932e-12  1.79532e-23 -3.66873e-13 -1.57449e-23 -3.05411e-13  1.21452e-23    1.925e-13 -8.01144e-24  3.30557e-14  4.17598e-24 -5.27528e-14 -1.20619e-24  -4.3591e-16 -6.61569e-25  1.11293e-14  1.48362e-24  -4.2055e-16 -1.53138e-24 -1.99343e-15  1.17533e-24  1.70586e-17 -7.41585e-25  3.00288e-16  4.10638e-25  2.23263e-17 -2.16153e-25 -3.45454e-17  1.16802e-25 -6.70574e-18 -6.56301e-26  2.44651e-18  3.62649e-26  9.42879e-19 -1.84575e-26 -3.44431e-20  8.27228e-27 -6.65564e-20 -3.18548e-27  -9.0616e-21  1.04675e-27  1.59356e-21 -2.90872e-28  5.98669e-22  6.26767e-29  4.20261e-23 -6.69122e-30  -8.5305e-24 -1.51851e-30 -1.89205e-24   8.8477e-31 -1.03949e-25 -2.06656e-31  7.49625e-27  2.98211e-32  1.24382e-27 -2.57944e-33  5.07692e-29  7.54796e-35  7.28824e-32  2.99694e-36 -1.91572e-32
-6.96714e-29 -1.59873e-40   8.5326e-27  4.30687e-40 -4.15496e-25  3.44473e-38  1.24506e-23 -7.41356e-37 -2.65419e-22  7.95254e-36  4.33316e-21 -5.86494e-35 -5.66426e-20  3.29723e-34  6.10654e-19 -1.48584e-33 -5.54396e-18  5.48624e-33  4.30389e-17 -1.59548e-32 -2.89008e-16  2.50689e-32   1.6934e-15  1.16352e-31 -8.71566e-15 -1.57461e-30  3.96011e-14  1.12278e-29 -1.59424e-13  -6.2406e-29   5.7003e-13  2.91549e-28 -1.81265e-12 -1.17713e-27  5.12764e-12  4.16965e-27 -1.28923e-11 -1.30973e-26  2.87505e-11  3.68185e-26 -5.66631e-11  -9.3491e-26  9.81541e-11  2.16661e-25 -1.48226e-10 -4.63811e-25  1.92764e-10  9.29546e-25 -2.11782e-10 -1.76642e-24  1.90215e-10  3.20982e-24 -1.30698e-10 -5.58213e-24  5.67949e-11  9.22366e-24  1.80025e-13 -1.42997e-23 -2.24775e-11  2.05114e-23  1.64746e-11 -2.68819e-23  -2.5748e-12   3.1868e-23 -4.15428e-12  -3.3913e-23  2.81631e-12  3.22038e-23  1.23731e-13 -2.71294e-23 -8.50181e-13  2.00848e-23  1.99496e-13  -1.2764e-23  1.72254e-13  6.47535e-24 -7.52444e-14 -1.88068e-24  -2.9426e-14 -8.95299e-25  1.74352e-14  2.08122e-24  5.05789e-15 -2.14013e-24 -2.99481e-15  1.63556e-24 -9.23002e-16 -1.03935e-24  3.70974e-16  5.93932e-25   1.5516e-16   -3.303e-25 -2.60795e-17  1.86833e-25 -1.96837e-17 -1.05307e-25 -4.14789e-19  5.62345e-26  1.53716e-18 -2.72692e-26  2.76676e-19  1.16305e-26 -4.74396e-20 -4.26115e-27 -2.19602e-20  1.32759e-27 -1.54194e-21 -3.46983e-28  5.21479e-22  6.85771e-29  1.20091e-22  -5.6474e-30  5.27433e-24 -2.01715e-30 -1.28373e-24   9.0819e-31 -2.00698e-25 -1.81929e-31 -8.40542e-27  2.22689e-32  3.41434e-28 -1.48924e-33  3.81819e-29  1.54837e-35  7.90956e-31  1.59496e-36
 7.83949e-41 -2.04159e-27 -1.41162e-39  1.42879e-25 -8.12566e-39 -5.33234e-24  4.42515e-37  1.33569e-22  -6.4188e-36 -2.48274e-21  5.67019e-35  3.62327e-20 -3.64729e-34 -4.30362e-19  1.84587e-33  4.26441e-18 -7.67914e-33 -3.58848e-17  2.68032e-32  2.59859e-16 -7.53725e-32 -1.63566e-15  1.16352e-31  9.01781e-15  5.32196e-31 -4.38005e-14 -7.04466e-30  1.88234e-13  4.85938e-29 -7.17924e-13 -2.58734e-28   2.4347e-12  1.14921e-27 -7.34779e-12 -4.38503e-27  1.97291e-11  1.46007e-26 -4.70635e-11 -4.28745e-26  9.94725e-11  1.12015e-25 -1.85467e-10  -2.6277e-25  3.03056e-10   5.5986e-25 -4.29781e-10 -1.10062e-24  5.21205e-10  2.03828e-24  -5.2772e-10 -3.63721e-24  4.27092e-10  6.35454e-24 -2.50231e-10 -1.08735e-23  7.18304e-11  1.79359e-23  3.70124e-11 -2.78539e-23 -5.72357e-11  3.98283e-23  2.62538e-11 -5.15614e-23  4.15591e-12  5.97452e-23 -1.09443e-11 -6.14981e-23  3.59015e-12  5.59537e-23  1.91613e-12 -4.48157e-23 -1.60571e-12  3.13814e-23 -1.05594e-13 -1.88028e-23  4.18034e-13  8.90704e-24   -3.495e-14 -2.17057e-24 -8.65184e-14 -1.67315e-24  1.14489e-14  3.18978e-24  1.57239e-14 -3.13506e-24 -1.58984e-15  2.34767e-24 -2.49926e-15 -1.49279e-24  2.40905e-17  8.76175e-25  3.16698e-16 -5.06987e-25  3.57594e-17   2.9209e-25 -2.67641e-17 -1.61379e-25 -7.14555e-18  8.23885e-26  9.25982e-19 -3.79765e-26  6.24358e-19  1.54328e-26  5.10577e-20 -5.38708e-27 -2.11409e-20  1.59138e-27 -5.37968e-21 -3.90765e-28 -1.58965e-22  7.06502e-29  1.10709e-22 -4.20562e-30  1.76036e-23 -2.32431e-30  5.27045e-25  8.49085e-31 -1.16939e-25 -1.46193e-31 -1.29254e-26  1.50404e-32 -3.92299e-28 -7.35349e-34  4.93618e-30 -3.78333e-36  2.44613e-31
