 0.000440763 -8.72279e-20  -0.00187768 -1.22807e-18   0.00190678  1.81093e-17  -5.2944e-05 -4.95648e-17 -0.000450943  4.72687e-17 -0.000144455 -4.58579e-18  4.02717e-05 -1.96782e-17  5.78093e-05    1.011e-17   2.7004e-05   7.1715e-19  4.92815e-06 -1.23803e-18 -2.53606e-06 -3.24907e-19 -2.89565e-06  2.74504e-19 -1.61565e-06   2.8812e-19 -6.34583e-07 -1.10072e-19 -1.71929e-07 -1.15843e-19 -1.57888e-08 -2.04349e-20  1.67978e-08  2.78448e-20  1.44769e-08  1.28905e-20  7.74046e-09  4.19084e-22  3.35836e-09 -1.49588e-21  1.27265e-09 -5.29691e-22    4.348e-10  5.93315e-24  1.36196e-10  1.80544e-23  3.95078e-11 -3.22858e-23  1.06827e-11 -2.62102e-23  2.70514e-12 -6.33135e-24  6.44069e-13   3.3907e-24   1.4479e-13  3.85275e-24  3.09055e-14  1.59398e-24  6.31584e-15  1.62903e-25  1.25102e-15 -1.78779e-25  2.44166e-16 -1.16793e-25  4.78071e-17  -3.6938e-26  9.51329e-18 -5.85505e-27  1.92642e-18  3.30476e-28  3.92376e-19  2.85344e-28  7.88919e-20 -1.77925e-28   1.5367e-20 -2.52573e-28  2.85714e-21 -1.51022e-28  5.01846e-22 -5.68944e-29  8.27058e-23 -1.25555e-29  1.27303e-23  2.26227e-31  1.82412e-24  1.67738e-30  2.42674e-25  9.22767e-31   2.9901e-26  3.37341e-31  3.40373e-27  9.65739e-32  3.56979e-28  2.32847e-32  3.43873e-29  5.11013e-33  3.03153e-30  1.11381e-33  2.43569e-31   2.4941e-34   1.7749e-32  5.45013e-35  1.16643e-33  1.08336e-35  6.86647e-35  1.88984e-36  3.58853e-36  2.87985e-37  1.64147e-37  3.84945e-38  6.38947e-39  4.47149e-39  1.98168e-40  4.36036e-40  4.04521e-42  3.36463e-41  9.02109e-45  1.88524e-42 -2.12865e-45  6.59113e-44 -1.15607e-47  8.48688e-46  3.02748e-48  -2.3793e-47  8.26362e-50 -6.56368e-49
-8.72279e-20   0.00310832 -1.51427e-18  -0.00712466  6.60433e-19   0.00438878    5.508e-17   0.00121064 -1.40536e-16 -0.000862055  1.11832e-16 -0.000642846  2.77479e-18 -0.000105307 -4.64716e-17  9.97342e-05  1.68817e-17  9.06201e-05  3.70399e-18  3.88352e-05 -2.58748e-18  7.14319e-06 -1.05528e-18 -3.26853e-06  9.50071e-19 -3.94585e-06  8.08673e-19 -2.31952e-06 -2.46214e-19 -9.99723e-07 -3.63196e-19 -3.33772e-07 -8.31556e-20 -7.91846e-08  5.97341e-20 -5.35269e-09  3.72254e-20  7.63424e-09  5.54194e-21  5.94011e-09 -2.29329e-21  3.00265e-09 -1.04516e-21  1.25315e-09 -2.19464e-24  4.62655e-10 -2.58557e-23  1.55822e-10 -1.39908e-22  4.86964e-11 -9.98968e-23   1.4273e-11  -2.5838e-23  3.95249e-12  1.01962e-23  1.03959e-12  1.26495e-23  2.60719e-13  5.36489e-24  6.25182e-14  7.15738e-25  1.43596e-14 -4.57922e-25  3.16211e-15 -3.33998e-25  6.67638e-16 -1.13613e-25  1.35063e-16 -2.17906e-26   2.6144e-17 -1.56778e-27  4.83314e-18 -7.03663e-28  8.51342e-19 -1.48281e-27  1.42517e-19 -1.22888e-27  2.26102e-20 -6.27637e-28  3.38957e-21 -2.16192e-28  4.78708e-22 -4.39618e-29  6.34933e-23  1.82315e-30   7.8833e-24  6.18108e-30  9.13125e-25  3.23384e-30  9.83135e-26  1.14818e-30   9.8002e-27  3.24096e-31  9.00498e-28  7.85815e-32  7.58911e-29  1.75982e-32  5.83249e-30  3.86294e-33  4.05999e-31  8.36987e-34  2.53907e-32  1.71449e-34  1.41248e-33  3.16987e-35  6.90004e-35  5.17005e-36  2.90266e-36  7.40154e-37   1.0095e-37  9.25888e-38  2.54601e-39  9.92406e-39  1.49551e-41  8.74825e-40 -3.01125e-42  5.95965e-41 -1.98159e-43  2.86163e-42 -5.94683e-45  8.12932e-44 -3.87342e-47  6.60873e-46  2.40944e-48 -2.26372e-47  3.76142e-50
 -0.00187768 -1.51427e-18    0.0105476 -9.57884e-18   -0.0157862  2.06775e-17   0.00522437  1.03538e-16   0.00405138 -2.60416e-16 -0.000402241  1.74883e-16  -0.00127291   2.2791e-17 -0.000569393 -7.05126e-17 -1.28446e-05  1.76687e-17  0.000137087  7.06061e-18  0.000100185 -4.24001e-18  4.11618e-05 -1.91854e-18  8.31373e-06  2.28204e-18 -2.50875e-06  1.73814e-18 -3.60288e-06 -3.91329e-19 -2.25915e-06 -7.60821e-19 -1.05345e-06 -2.21984e-19 -4.01583e-07  7.82697e-20 -1.27069e-07  6.90746e-20 -3.18764e-08  1.66853e-20 -4.96439e-09 -5.80639e-22  6.01358e-10 -5.95959e-22  9.39078e-10  2.48749e-22  5.15099e-10 -1.42489e-22  2.15881e-10 -3.96574e-22  7.80655e-11 -2.67388e-22  2.54539e-11 -7.10921e-23  7.64388e-12   2.1939e-23   2.1393e-12  2.93485e-23  5.61968e-13   1.2762e-23  1.39166e-13  2.09907e-24  3.25743e-14 -7.53639e-25  7.21688e-15 -6.48641e-25  1.51418e-15 -2.35132e-25  3.00798e-16 -5.16183e-26  5.65348e-17   -9.307e-27  1.00408e-17 -6.18705e-27  1.68239e-18 -6.02925e-27  2.65411e-19 -3.94337e-27  3.93292e-20 -1.79006e-27  5.45903e-21 -5.68086e-28   7.0749e-22 -1.05142e-28   8.5287e-23  7.96379e-30  9.51977e-24  1.61045e-29  9.78376e-25  7.94574e-30  9.19111e-26  2.73026e-30  7.81459e-27  7.58473e-31  5.92586e-28  1.83935e-31   3.9115e-29   4.1437e-32  2.14187e-30  9.00094e-33  8.54065e-32    1.874e-33  1.02108e-33   3.6137e-34 -2.11989e-34  6.25502e-35 -2.56743e-35  9.56638e-36 -1.89001e-36  1.28358e-36 -1.07866e-37  1.49291e-37 -5.18804e-39  1.46455e-38 -2.22787e-40  1.15731e-39 -8.64653e-42  6.89153e-41 -2.74804e-43  2.79147e-42 -5.47919e-45  6.22296e-44 -1.88198e-47  2.37065e-46  1.23884e-48 -1.06358e-47
-1.22807e-18  -0.00712466 -9.57884e-18    0.0230512 -3.55648e-17   -0.0243522  8.17169e-17   0.00214647  1.39864e-16   0.00714985 -3.67957e-16   0.00148118  2.11403e-16  -0.00140697  4.64255e-17  -0.00120838   -8.038e-17 -0.000378521  1.33225e-17  6.16341e-05  7.80049e-18  0.000141731 -7.04376e-18  9.15181e-05 -2.60209e-18  3.73033e-05  4.47233e-18  8.78794e-06  3.21054e-18 -9.03999e-07 -4.52237e-19  -2.3979e-06 -1.25083e-18 -1.65635e-06 -4.49343e-19 -8.30438e-07  5.67648e-20 -3.46099e-07  9.39098e-20  -1.2547e-07  3.12108e-20 -4.02386e-08  5.14701e-21 -1.14236e-08  2.14249e-21 -2.82181e-09  1.24807e-21 -5.73729e-10 -2.88431e-22 -7.77646e-11 -8.66827e-22   3.9099e-12 -5.68378e-22  7.82281e-12 -1.50621e-22  3.66922e-12  4.04869e-23  1.28087e-12  5.62968e-23   3.8166e-13  2.51164e-23  1.01614e-13  4.98224e-24   2.4669e-14 -7.56009e-25  5.51601e-15 -9.35382e-25  1.14154e-15 -3.60297e-25  2.19023e-16 -8.86508e-26  3.89368e-17 -2.75809e-26  6.39564e-18 -2.17603e-26  9.65437e-19  -1.7132e-26    1.327e-19 -9.74357e-27  1.63419e-20 -4.02747e-27  1.74713e-21 -1.18144e-27  1.50278e-22 -1.94584e-28  7.70971e-24  2.50375e-29 -4.74162e-25  3.41519e-29 -2.09968e-25  1.57894e-29   -3.814e-26  5.23692e-30  -5.2409e-27  1.42845e-30 -6.04789e-28  3.44237e-31 -6.07234e-29  7.70407e-32 -5.38062e-30  1.63556e-32 -4.22856e-31  3.25683e-33  -2.9467e-32  5.92373e-34 -1.81376e-33  9.62803e-35 -9.79677e-35  1.38101e-35  -4.6101e-36  1.73019e-36 -1.88547e-37  1.85854e-37  -6.7961e-39  1.65529e-38 -2.24093e-40  1.16179e-39 -6.86836e-42  5.97274e-41 -1.74149e-43   1.9975e-42 -2.54673e-45  3.31428e-44  3.56495e-48  3.43291e-48  3.86645e-49
  0.00190678  6.60433e-19   -0.0157862 -3.55648e-17    0.0367654 -9.11744e-17    -0.028316  1.92615e-16  -0.00454172  1.43743e-16   0.00848847  -4.2366e-16   0.00430358  2.12973e-16 -0.000541939  6.23849e-17  -0.00161536 -7.28702e-17 -0.000910649  7.97682e-18 -0.000198692  3.72866e-18  9.35701e-05 -1.22293e-17  0.000122322 -3.11648e-18  7.35593e-05  7.51963e-18  3.05431e-05  5.27001e-18  8.54923e-06    -2.85e-19  6.65053e-07 -1.71212e-18 -1.04779e-06 -7.39077e-19 -8.96857e-07 -2.22605e-20 -4.91337e-07  9.41371e-20 -2.19489e-07  4.30529e-20 -8.57573e-08   1.4932e-20 -3.02401e-08  8.15904e-21 -9.79266e-09  3.46229e-21 -2.94477e-09 -3.99503e-22 -8.28924e-10 -1.57999e-21 -2.19844e-10 -1.01169e-21 -5.52637e-11  -2.5831e-22 -1.32465e-11  7.14837e-23 -3.04699e-12     9.65e-23 -6.77125e-13  4.42322e-23 -1.46328e-13  1.05409e-23 -3.09134e-14  2.05219e-25 -6.40299e-15 -8.80517e-25 -1.29976e-15 -3.74759e-25 -2.57627e-16 -1.08063e-25  -4.9559e-17 -6.02623e-26  -9.1858e-18 -5.42849e-26 -1.62867e-18 -3.84433e-26 -2.74424e-19 -1.98257e-26 -4.36964e-20 -7.56257e-27 -6.54394e-21 -2.04702e-27 -9.17998e-22 -2.88295e-28 -1.20196e-22  6.24375e-29 -1.46395e-23  6.22877e-29  -1.6532e-24  2.68807e-29 -1.72509e-25  8.58747e-30 -1.65731e-26  2.29286e-30    -1.46e-27  5.45235e-31   -1.174e-28  1.19933e-31 -8.57122e-30  2.46599e-32 -5.64544e-31  4.68019e-33 -3.32823e-32  8.03344e-34 -1.73895e-33  1.22689e-34 -7.95551e-35  1.64764e-35 -3.14802e-36  1.91831e-36 -1.07432e-37  1.88976e-37 -3.26342e-39  1.51508e-38 -9.58573e-41  9.34479e-40 -2.77855e-42  4.08223e-41 -6.31359e-44  1.09393e-42 -6.09684e-46  1.23899e-44  6.15295e-48 -2.97619e-47
 1.81093e-17   0.00438878  2.06775e-17   -0.0243522 -9.11744e-17    0.0462317 -1.74935e-16   -0.0259825  3.26825e-16   -0.0121932  1.12632e-16   0.00704357 -4.12565e-16   0.00687583  1.88918e-16   0.00125844  6.72984e-17  -0.00141436 -5.14628e-17  -0.00136116  5.19155e-18 -0.000593654 -5.77604e-18 -8.20089e-05 -2.06167e-17  8.98494e-05 -3.82229e-18  9.21072e-05  1.10887e-17  5.33946e-05  7.80258e-18  2.29509e-05  2.46021e-19  7.49388e-06  -1.9937e-18  1.58358e-06 -1.02721e-18 -7.08867e-08 -1.55275e-19 -2.96705e-07    5.896e-20 -1.99631e-07  4.65343e-20 -9.76467e-08  2.78006e-20 -4.04461e-08  1.77483e-20 -1.49536e-08  7.07812e-21 -5.06179e-09 -4.43085e-22 -1.59196e-09 -2.50238e-21 -4.69608e-10  -1.5493e-21 -1.30775e-10 -3.61474e-22 -3.45375e-11  1.29515e-22 -8.67802e-12  1.56179e-22 -2.07886e-12  7.36193e-23 -4.75353e-13  2.09929e-23 -1.03787e-13   3.3749e-24 -2.16298e-14  9.12855e-26 -4.29853e-15 -7.38507e-26   -8.134e-16 -6.42559e-26 -1.46282e-16 -1.08293e-25 -2.49481e-17 -1.09429e-25 -4.02532e-18 -7.23041e-26  -6.1286e-19 -3.44938e-26 -8.78093e-20 -1.22152e-26 -1.18058e-20 -3.02896e-27 -1.48495e-21 -3.37822e-28 -1.74177e-22  1.29697e-28 -1.89853e-23  1.00498e-28 -1.91571e-24  4.04233e-29 -1.78184e-25   1.2415e-29 -1.52028e-26  3.23276e-30 -1.18312e-27  7.53201e-31 -8.34135e-29  1.61389e-31 -5.28317e-30  3.19212e-32 -2.97316e-31  5.75802e-33 -1.46381e-32  9.32219e-34 -6.15785e-34  1.33651e-34 -2.12875e-35  1.67526e-35 -5.66006e-37  1.80247e-36 -1.06275e-38  1.61615e-37 -1.89541e-40  1.15538e-38 -1.01504e-41  6.18242e-40 -5.50911e-43  2.24756e-41 -1.34996e-44  4.61964e-43 -3.24191e-47  3.04321e-45  2.15295e-48
 -5.2944e-05    5.508e-17   0.00522437  8.17169e-17    -0.028316 -1.74935e-16    0.0487448 -2.62824e-16   -0.0192999  4.29632e-16   -0.0180992  5.81027e-17    0.0033376 -3.48894e-16   0.00818663  1.55017e-16    0.0034388  6.72055e-17 -0.000510627 -2.04943e-17  -0.00147447  6.27124e-18 -0.000976162 -1.99677e-17 -0.000355152 -3.21109e-17 -2.65302e-05 -5.19659e-18   6.7372e-05  1.45535e-17  6.13049e-05  1.05293e-17  3.50658e-05  1.19888e-18  1.56694e-05  -1.9663e-18  5.74805e-06 -1.23324e-18  1.70929e-06 -3.16194e-19  3.67324e-07 -8.40869e-21  1.99083e-08  4.07874e-20 -3.31912e-08  4.32143e-20 -2.38511e-08   3.0669e-20 -1.13538e-08  1.19522e-20 -4.48462e-09 -4.00658e-22 -1.56894e-09 -3.50036e-21  -5.0025e-10 -2.05526e-21  -1.4758e-10 -3.90544e-22 -4.06416e-11  2.44303e-22 -1.05046e-11   2.4834e-22 -2.55679e-12  1.20144e-22  -5.8716e-13  4.01974e-23 -1.27339e-13  1.07249e-23 -2.60838e-14  2.81972e-24 -5.04423e-15  8.16064e-25 -9.20068e-16  1.00211e-25  -1.5807e-16 -1.68575e-25 -2.55342e-17 -1.88633e-25 -3.86997e-18 -1.17956e-25 -5.48919e-19 -5.25359e-26 -7.26491e-20 -1.72809e-26    -8.94e-21 -3.87069e-27 -1.01856e-21  -2.8417e-28 -1.06879e-22  2.31297e-28 -1.02596e-23  1.45823e-28 -8.92803e-25  5.46863e-29 -6.95096e-26  1.61175e-29 -4.74011e-27   4.0761e-30 -2.72039e-28  9.24247e-31 -1.19022e-29  1.91498e-31 -2.48811e-31  3.62445e-32  1.84376e-32  6.19814e-33  2.84789e-33  9.45187e-34  2.28852e-34  1.26931e-34   1.3701e-35  1.47879e-35  6.48958e-37  1.46104e-36  2.39374e-38   1.1824e-37  6.30172e-40  7.45554e-39  9.08467e-42  3.40615e-40 -1.47848e-44  1.00162e-41  -1.5928e-45  1.47499e-43  2.48165e-47  3.87225e-46
-4.95648e-17   0.00121064  1.03538e-16   0.00214647  1.92615e-16   -0.0259825 -2.62824e-16    0.0456863 -3.16402e-16   -0.0115535   4.5351e-16   -0.0211374  -6.9581e-18  -0.00131434  -2.6504e-16   0.00791208  1.22187e-16   0.00534373  7.15463e-17  0.000894964  1.78408e-17  -0.00112448  1.08551e-17  -0.00118062 -3.71303e-17 -0.000638154 -4.56551e-17 -0.000207059 -7.56175e-18 -9.93798e-06  1.72044e-17  4.07944e-05  1.30745e-17  3.56346e-05  2.51899e-18  2.04448e-05 -1.56942e-18  9.45204e-06 -1.29075e-18  3.74134e-06 -4.65588e-19  1.29709e-06 -9.02417e-20  3.95415e-07  3.18515e-20  1.04454e-07    6.226e-20  2.27142e-08  4.65597e-20  3.35349e-09  1.77918e-20 -1.09059e-10 -1.62947e-22 -3.33571e-10 -4.29774e-21 -1.67084e-10 -2.31388e-21 -6.12629e-11 -2.33337e-22 -1.90581e-11  4.65387e-22 -5.27902e-12  3.95538e-22 -1.33011e-12   1.9506e-22  -3.0812e-13  7.37966e-23 -6.59762e-14   2.4807e-23 -1.30873e-14  8.25584e-24  -2.4049e-15  2.55856e-24 -4.08551e-16  4.31964e-25  -6.3894e-17  -2.3499e-25 -9.13229e-18 -2.86921e-25 -1.17825e-18 -1.70567e-25 -1.34155e-19 -7.11293e-26 -1.28431e-20 -2.16448e-26 -8.96719e-22  -4.2724e-27 -1.29625e-23 -8.44177e-29  9.58324e-24  3.61605e-28  2.18675e-24   1.9229e-28  3.29278e-25  6.73356e-29  4.01739e-26    1.901e-29  4.20309e-27  4.64944e-30  3.85347e-28  1.01975e-30  3.12272e-29   2.0308e-31  2.24196e-30  3.66258e-32  1.42424e-31  5.92327e-33  7.97587e-33  8.49009e-34  3.91316e-34  1.06452e-34   1.6642e-35   1.1468e-35  6.00504e-37  1.03297e-36  1.75493e-38  7.47437e-38  3.74963e-40  4.10296e-39  4.53753e-42   1.5677e-40  5.26935e-45  3.58039e-42 -9.19579e-47  3.35374e-44  7.71914e-48
-0.000450943 -1.40536e-16   0.00405138  1.39864e-16  -0.00454172  3.26825e-16   -0.0192999 -3.16402e-16    0.0403167 -3.05191e-16   -0.0049917   3.8996e-16    -0.021681 -7.49915e-17  -0.00575517 -1.95038e-16   0.00631698   9.2814e-17   0.00652902   8.6648e-17    0.0024565  6.22849e-17  -0.00034998  1.78507e-17  -0.00109788 -5.49896e-17 -0.000825813 -5.95564e-17 -0.000397623 -1.09354e-17 -0.000124799  1.84948e-17 -1.02494e-05  1.50758e-17  1.88915e-05  4.05173e-18  1.73411e-05   -8.349e-19  1.01629e-05 -1.17292e-18  4.82918e-06 -5.65619e-19  1.99583e-06 -1.60518e-19  7.40507e-07  3.10011e-20  2.51048e-07  8.75182e-20  7.86512e-08  6.51867e-20  2.29557e-08  2.44131e-20  6.28294e-09  5.95754e-22  1.62242e-09 -4.45243e-21   3.9778e-10 -2.02538e-21  9.32564e-11   2.6106e-22  2.10736e-11  8.61183e-22  4.62879e-12  6.29183e-22  9.95731e-13  3.13045e-22  2.10802e-13  1.28288e-22  4.39488e-14  4.81004e-23    8.988e-15  1.71205e-23  1.78999e-15  5.28041e-24  3.44091e-16  9.37099e-25  6.32947e-17 -3.01217e-25  1.10573e-17 -3.92754e-25  1.82315e-18 -2.21773e-25  2.82312e-19 -8.64745e-26  4.08893e-20 -2.41293e-26  5.52022e-21 -4.01198e-27  6.92477e-22  2.62429e-28  8.04692e-23  5.03269e-28  8.63509e-24  2.32101e-28  8.52806e-25  7.60504e-29   7.7224e-26   2.0529e-29  6.38455e-27  4.83567e-30  4.79589e-28  1.02038e-30  3.25491e-29  1.94348e-31  1.98319e-30  3.32809e-32  1.07703e-31  5.07695e-33  5.17229e-33  6.82065e-34  2.17622e-34  7.95175e-35   7.9149e-36  7.87356e-36  2.42205e-37  6.41305e-37  5.84983e-39  4.10357e-38  9.48805e-41  1.92979e-39  5.57953e-43  5.99803e-41 -7.47674e-45  9.99416e-43  2.65009e-48  4.59998e-45
 4.72687e-17 -0.000862055 -2.60416e-16   0.00714985  1.43743e-16   -0.0121932  4.29632e-16   -0.0115535 -3.05191e-16    0.0351772 -2.24991e-16 -0.000247032   2.7115e-16   -0.0206661    -1.42e-16  -0.00938186 -1.61417e-16    0.0039008  6.42301e-17    0.0068384  1.13184e-16   0.00384182  1.10149e-16  0.000692239  2.57633e-17 -0.000708246 -7.12743e-17 -0.000837543 -7.20299e-17 -0.000531834 -1.50526e-17 -0.000242445  1.81902e-17 -7.95835e-05  1.62766e-17 -1.33744e-05  5.58319e-18    5.012e-06  1.17869e-19   6.3613e-06 -9.03852e-19  3.99455e-06 -5.94008e-19  1.96111e-06 -1.94721e-19  8.30899e-07  5.00116e-20   3.1624e-07  1.21535e-19  1.10431e-07  8.63224e-20  3.58434e-08  3.19034e-20  1.09085e-08  2.47335e-21  3.13232e-09 -3.38266e-21  8.52507e-10 -8.38573e-22  2.20643e-10  1.26299e-21  5.44276e-11  1.50846e-21  1.28131e-11  9.83225e-22  2.88002e-12  4.88308e-22  6.17902e-13  2.08778e-22  1.26421e-13   8.1888e-23  2.46292e-14  2.94612e-23  4.56032e-15  8.84704e-24   8.0076e-16  1.55967e-24  1.33024e-16 -3.63373e-25   2.0853e-17 -4.90202e-25  3.07655e-18  -2.6177e-25  4.26004e-19  -9.4976e-26  5.52035e-20 -2.39325e-26  6.67424e-21 -3.04874e-27  7.50433e-22  7.05813e-28  7.81939e-23  6.30901e-28  7.52152e-24  2.57799e-28  6.65017e-25  7.92098e-29    5.378e-26  2.04074e-29  3.95557e-27  4.61164e-30  2.62866e-28  9.31865e-31   1.5662e-29  1.69049e-31  8.29237e-31  2.73989e-32  3.86289e-32  3.93133e-33  1.56681e-33  4.93302e-34  5.47367e-35   5.3207e-35  1.62007e-36  4.80867e-36  3.86671e-38  3.50861e-37  6.13772e-40  1.95954e-38  2.49986e-43  7.73391e-40 -2.59331e-43  1.87998e-41  -4.0622e-45  2.05189e-43  5.85675e-48
-0.000144455  1.11832e-16 -0.000402241 -3.67957e-16   0.00848847  1.12632e-16   -0.0180992   4.5351e-16   -0.0049917 -2.24991e-16    0.0312501 -9.79325e-17   0.00299351  1.45327e-16   -0.0188957 -2.04644e-16   -0.0120521 -1.70028e-16   0.00112904  3.43193e-17     0.006327  1.47395e-16   0.00481717  1.56526e-16   0.00179887  3.27467e-17 -7.40084e-05 -8.43319e-17  -0.00064255 -8.17531e-17 -0.000555867 -1.95189e-17 -0.000321742  1.63682e-17 -0.000144738  1.65583e-17 -5.16194e-05  6.88095e-18 -1.34561e-05  1.10677e-18  -1.3509e-06 -5.54143e-19  1.14669e-06 -5.51956e-19  1.02272e-06 -1.78987e-19  5.55135e-07  9.56598e-20  2.44832e-07  1.64819e-19  9.46829e-08  1.09426e-19  3.31678e-08  4.06303e-20  1.07066e-08  6.27973e-21  3.21732e-09 -4.55785e-22  9.05803e-10  1.58541e-21  2.39917e-10  2.92506e-21  5.99385e-11  2.47109e-21  1.41457e-11  1.48216e-21  3.15579e-12  7.28192e-22  6.65543e-13  3.15923e-22  1.32622e-13  1.25055e-22   2.4948e-14  4.43116e-23  4.42471e-15  1.28118e-23   7.3871e-16  2.18446e-24  1.15875e-16 -4.20243e-25  1.70411e-17 -5.62727e-25  2.34383e-18  -2.8221e-25  3.00645e-19 -9.44747e-26  3.58498e-20 -2.09464e-26  3.95917e-21 -1.55389e-27  4.03176e-22  1.15722e-27  3.76572e-23  7.18952e-28  3.20468e-24  2.64573e-28   2.4636e-25  7.63755e-29  1.69071e-26  1.87467e-29   1.0178e-27  4.04978e-30  5.21983e-29  7.80503e-31  2.15085e-30  1.34375e-31  6.02518e-32  2.05498e-32  1.50921e-34   2.7645e-33 -1.07466e-34  3.22634e-34 -7.81051e-36  3.20059e-35 -3.51421e-37  2.61908e-36 -1.19346e-38  1.69321e-37 -3.39182e-40  8.12182e-39  -8.2208e-42  2.61752e-40 -1.36701e-43  4.68633e-42 -8.05035e-46  2.65393e-44
-4.58579e-18 -0.000642846  1.74883e-16   0.00148118  -4.2366e-16   0.00704357  5.81027e-17   -0.0211374   3.8996e-16 -0.000247032 -9.79325e-17    0.0284918  4.30198e-17   0.00524725  4.95395e-17   -0.0168472  -2.6038e-16   -0.0138535 -2.12452e-16  -0.00166621  4.73459e-18   0.00515447    1.837e-16   0.00526198  1.95458e-16   0.00277668  3.68687e-17  0.000689111 -9.35151e-17 -0.000264658 -8.82024e-17 -0.000446097  -2.3988e-17 -0.000330512  1.33077e-17 -0.000181809    1.591e-17 -8.22497e-05  7.72092e-18 -3.16036e-05  1.92202e-18 -1.03152e-05 -2.23862e-19 -2.75204e-06 -4.63684e-19 -5.12017e-07 -1.15046e-19 -1.03765e-09  1.66148e-19  5.70701e-08  2.14656e-19  3.50884e-08  1.33497e-19  1.52497e-08   5.1159e-20  5.57028e-09  1.28782e-20  1.80606e-09  4.87316e-21  5.32612e-10  5.48577e-21  1.44698e-10  5.33185e-21  3.64782e-11  3.77204e-21  8.56903e-12   2.1264e-21   1.8799e-12  1.02638e-21   3.8552e-13   4.4335e-22  7.38984e-14  1.73437e-22  1.32281e-14  5.96777e-23  2.20737e-15  1.64908e-23  3.42483e-16  2.66951e-24  4.92257e-17 -4.70738e-25  6.52078e-18 -5.97341e-25  7.90243e-19 -2.78776e-25  8.66385e-20 -8.49874e-26  8.43447e-21 -1.58024e-26  7.03467e-22  1.48335e-28  4.60158e-23  1.52082e-27  1.60412e-24  7.50193e-28 -1.28942e-25  2.51709e-28 -3.44856e-26  6.83729e-29 -4.51106e-27  1.59606e-29 -4.48961e-28  3.28553e-30 -3.70675e-29  6.01827e-31 -2.61006e-30  9.80145e-32 -1.57905e-31  1.40988e-32 -8.18139e-33  1.77171e-33 -3.59082e-34  1.91357e-34 -1.31254e-35  1.73406e-35 -3.92025e-37  1.27293e-36 -9.46759e-39  7.19652e-38 -1.86542e-40  2.90461e-39 -2.93675e-42  7.35436e-41  -2.8593e-44  8.74861e-43 -4.63935e-47
 4.02717e-05  2.77479e-18  -0.00127291  2.11403e-16   0.00430358 -4.12565e-16    0.0033376  -6.9581e-18    -0.021681   2.7115e-16   0.00299351  4.30198e-17    0.0265536  1.71426e-16   0.00690597 -2.71344e-18   -0.0147486 -3.08588e-16   -0.0149391 -2.72193e-16  -0.00428109 -1.94651e-17   0.00350916   2.1688e-16   0.00514851  2.21906e-16   0.00347413  3.66367e-17   0.00144426 -9.91411e-17  0.000227942 -9.16397e-17 -0.000215522 -2.82561e-17 -0.000256882   9.3555e-18 -0.000174791  1.43749e-17 -9.32964e-05  7.90759e-18 -4.24314e-05  2.36625e-18 -1.70289e-05 -1.69757e-20 -6.13898e-06 -3.67822e-19 -2.00678e-06 -1.91023e-20 -5.97323e-07  2.51258e-19 -1.61885e-07  2.65623e-19 -3.97657e-08  1.57354e-19 -8.75668e-09  6.41565e-20 -1.68958e-09  2.29775e-20 -2.71312e-10  1.29037e-20 -3.10444e-11  1.09094e-20 -4.80939e-13  8.44941e-21  9.72931e-13  5.36749e-21  3.27741e-13  2.88067e-21  6.60888e-14  1.35887e-21  7.52667e-15  5.77037e-22   -5.629e-16  2.20231e-22 -6.10123e-16   7.2951e-23 -2.13559e-16  1.91538e-23 -5.52608e-17  2.89654e-24 -1.19824e-17 -5.10672e-25 -2.27639e-18 -5.87869e-25  -3.8682e-19 -2.52418e-25 -5.94318e-20 -6.86443e-26 -8.30415e-21 -9.63307e-27 -1.05827e-21  1.69748e-27 -1.23125e-22  1.72615e-27 -1.30728e-23  7.20961e-28 -1.26473e-24  2.22598e-28 -1.11202e-25  5.69575e-29 -8.85446e-27  1.26229e-29 -6.35467e-28  2.46893e-30 -4.08565e-29   4.2848e-31 -2.33469e-30  6.58073e-32 -1.17336e-31  8.87373e-33 -5.11293e-33   1.0372e-33 -1.89457e-34  1.03077e-34 -5.82013e-36  8.46531e-36 -1.44008e-37  5.51391e-37 -2.80771e-39  2.68251e-38 -4.29846e-41  8.86555e-40  -4.8591e-43  1.66301e-41 -2.41203e-45  1.05139e-43
-1.96782e-17 -0.000105307   2.2791e-17  -0.00140697  2.12973e-16   0.00687583 -3.48894e-16  -0.00131434 -7.49915e-17   -0.0206661  1.45327e-16   0.00524725  1.71426e-16    0.0251402   2.7551e-16   0.00820398 -1.78773e-17   -0.0126929 -3.49817e-16   -0.0154542 -3.30693e-16  -0.00660223 -3.21992e-17   0.00157004  2.43353e-16   0.00451394  2.33369e-16   0.00379342  3.15455e-17   0.00206083 -1.02054e-16   0.00074111 -9.27748e-17  9.05827e-05 -3.22194e-17 -0.000113313   4.8478e-18 -0.000121698  1.20187e-17 -7.93827e-05  7.30303e-18 -4.15159e-05  2.29776e-18 -1.88061e-05  -1.2165e-20 -7.63843e-06 -3.03273e-19 -2.83659e-06  8.48982e-20 -9.75384e-07  3.36272e-19 -3.13402e-07  3.11669e-19 -9.47662e-08  1.80242e-19 -2.71235e-08  8.02925e-20 -7.38379e-09  3.69177e-20 -1.91946e-09  2.35486e-20 -4.77939e-10  1.76389e-20 -1.14217e-10  1.20921e-20 -2.62194e-11  7.13423e-21 -5.77986e-12  3.67147e-21 -1.22184e-12  1.68548e-21 -2.47136e-13  6.97544e-22 -4.76934e-14  2.57561e-22 -8.75389e-15  8.16403e-23 -1.52313e-15  2.02599e-23 -2.50404e-16   2.8156e-24 -3.87729e-17 -5.31876e-25 -5.63702e-18 -5.36417e-25 -7.67154e-19 -2.08853e-25 -9.74331e-20 -4.89034e-26 -1.15126e-20 -3.67596e-27 -1.26143e-21  2.81472e-27 -1.27721e-22   1.7481e-27 -1.19044e-23   6.4115e-28 -1.01703e-24  1.83402e-28 -7.92557e-26  4.42332e-29 -5.60201e-27  9.29094e-30 -3.56756e-28  1.72207e-30 -2.03033e-29  2.82326e-31 -1.02195e-30  4.07619e-32 -4.48687e-32  5.13337e-33  -1.6852e-33  5.55351e-34 -5.26344e-35  5.04419e-35 -1.31223e-36   3.7199e-36  -2.4715e-38  2.12197e-37 -3.32461e-40  8.70365e-39 -3.12867e-42  2.26711e-40 -1.53944e-44  2.84926e-42  1.23365e-46
 5.78093e-05 -4.64716e-17 -0.000569393  4.64255e-17 -0.000541939  1.88918e-16   0.00818663  -2.6504e-16  -0.00575517    -1.42e-16   -0.0188957  4.95395e-17   0.00690597   2.7551e-16    0.0240735   3.5548e-16   0.00927484  -1.1695e-17   -0.0107105 -3.83396e-16   -0.0155149 -3.71402e-16  -0.00857126 -2.86792e-17 -0.000506261  2.61766e-16   0.00343732  2.30583e-16   0.00369173  2.24114e-17   0.00243472 -1.02999e-16   0.00117587 -9.22706e-17  0.000407039 -3.57315e-17  6.72416e-05  1.09886e-19 -3.53404e-05   8.9449e-18 -4.38501e-05  5.86952e-18 -2.88781e-05  1.67093e-18 -1.49865e-05 -2.37116e-19 -6.71831e-06 -2.94248e-19 -2.70279e-06  1.74865e-19 -9.95761e-07  4.07871e-19 -3.40134e-07   3.4871e-19 -1.08603e-07  2.02361e-19 -3.25969e-08  1.00068e-19 -9.23328e-09  5.44774e-20 -2.47479e-09  3.62452e-20 -6.28714e-10  2.51674e-20 -1.51524e-10  1.59239e-20 -3.46507e-11  8.87909e-21 -7.51622e-12  4.39716e-21 -1.54524e-12  1.95764e-21 -3.00746e-13  7.84723e-22 -5.53316e-14  2.78676e-22 -9.60689e-15   8.4134e-23  -1.5711e-15  1.96316e-23 -2.41508e-16  2.46169e-24  -3.4817e-17  -5.2499e-25 -4.69594e-18 -4.52658e-25  -5.9098e-19 -1.56634e-25 -6.91964e-20 -2.94233e-26 -7.51379e-21  1.09924e-27 -7.53944e-22  3.37299e-27 -6.96234e-23  1.60784e-27 -5.88946e-24  5.29629e-28 -4.53865e-25  1.41053e-28 -3.16582e-26  3.20724e-29 -1.98294e-27  6.37391e-30 -1.10419e-28  1.11673e-30 -5.39346e-30  1.72457e-31 -2.26621e-31   2.3329e-32 -7.93158e-33  2.73225e-33 -2.16974e-34  2.72028e-34 -3.89862e-36  2.24063e-35 -8.12679e-39  1.46774e-36   2.1196e-39  7.21548e-38  7.11161e-41   2.4285e-39  1.14832e-42  4.70508e-41  1.02332e-44  3.18448e-43
   1.011e-17  9.97342e-05 -7.05126e-17  -0.00120838  6.23849e-17   0.00125844  1.55017e-16   0.00791208 -1.95038e-16  -0.00938186 -2.04644e-16   -0.0168472 -2.71344e-18   0.00820398   3.5548e-16    0.0232554  4.15393e-16    0.0101997  5.95974e-20  -0.00880379 -4.05814e-16   -0.0152072 -3.82164e-16   -0.0101595 -6.62994e-18  -0.00258566  2.73068e-16   0.00202441  2.17229e-16   0.00317793  1.13673e-17   0.00250198 -1.02093e-16   0.00144856 -9.03221e-17  0.000665451 -3.84598e-17  0.000241315 -4.49772e-18  6.11874e-05  5.34036e-18  2.68997e-06  3.71143e-18 -8.81095e-06  5.61223e-19 -7.11252e-06 -6.55113e-19 -3.87192e-06 -3.40211e-19 -1.74542e-06  2.38967e-19 -6.93482e-07  4.59223e-19 -2.49752e-07  3.76347e-19 -8.27797e-08   2.2487e-19 -2.54824e-08  1.23521e-19 -7.32772e-09  7.47377e-20 -1.97571e-09  4.99519e-20 -5.00629e-10  3.27409e-20 -1.19381e-10  1.95023e-20 -2.68065e-11  1.03721e-20 -5.66824e-12  4.94946e-21 -1.12815e-12  2.13041e-21 -2.11172e-13   8.2329e-22 -3.71313e-14  2.79941e-22 -6.12388e-15  8.01751e-23 -9.45583e-16   1.7495e-23 -1.36401e-16  1.93659e-24 -1.83346e-17  -4.8445e-25 -2.28957e-18 -3.51168e-25 -2.64672e-19 -1.04619e-25 -2.82002e-20 -1.30647e-26 -2.75455e-21  4.20226e-27 -2.44968e-22  3.40127e-27 -1.96518e-23  1.35791e-27 -1.40329e-24  4.07654e-28 -8.73334e-26   1.0143e-28 -4.55638e-27  2.17394e-29 -1.81596e-28  4.08072e-30 -3.69201e-30  6.74166e-31  1.83313e-31  9.77789e-32  2.66846e-32  1.23474e-32   1.8611e-33  1.33834e-33  9.44284e-35  1.21818e-34  3.74357e-36  9.01643e-36  1.16147e-37  5.17829e-37   2.7116e-39  2.14955e-38  4.40327e-41  5.71548e-40  4.39974e-43  7.45952e-42  2.01825e-45
  2.7004e-05  1.68817e-17 -1.28446e-05   -8.038e-17  -0.00161536  6.72984e-17    0.0034388  1.22187e-16   0.00631698 -1.61417e-16   -0.0120521  -2.6038e-16   -0.0147486 -1.78773e-17   0.00927484  4.15393e-16    0.0226309  4.56016e-16    0.0110331  6.15107e-18  -0.00696124 -4.11526e-16   -0.0145907 -3.56728e-16   -0.0113515  3.34497e-17  -0.00455162  2.79989e-16  0.000398758  1.98875e-16   0.00230764  1.47891e-18   0.00224675   -9.863e-17   0.00150711 -8.65026e-17  0.000811101 -3.98486e-17  0.000367717 -8.54811e-18  0.000142406  1.51132e-18   4.6541e-05  1.08914e-18  1.20875e-05 -8.39662e-19  1.90938e-06 -1.17087e-18 -2.86937e-07 -4.15128e-19 -4.19768e-07  2.79241e-19 -2.33693e-07  4.91939e-19 -9.92978e-08  3.97745e-19 -3.61339e-08  2.49217e-19 -1.17407e-08  1.49869e-19 -3.47427e-09  9.60586e-20 -9.46394e-10  6.32559e-20 -2.38768e-10  3.94715e-20 -5.59875e-11  2.23597e-20  -1.2223e-11  1.13961e-20 -2.48578e-12  5.24004e-21 -4.70674e-13   2.1746e-21 -8.28546e-14  8.07133e-22 -1.35259e-14  2.61808e-22 -2.04005e-15  7.08632e-23 -2.82703e-16  1.43765e-23  -3.5695e-17  1.36717e-24 -4.05186e-18 -4.12471e-25 -4.03744e-19 -2.47663e-25 -3.35692e-20 -5.97794e-26 -2.00356e-21 -1.34641e-27 -1.84707e-23  5.63173e-27  1.71358e-23  3.03734e-27  3.25178e-24  1.06083e-27  4.10095e-25  2.93098e-28   4.1635e-26  6.82887e-29  3.58792e-27  1.37896e-29  2.67508e-28  2.44049e-30   1.7361e-29  3.79229e-31   9.8018e-31  5.14928e-32  4.79117e-32  6.04497e-33  2.01085e-33  6.02992e-34  7.15587e-35   4.9792e-35  2.11623e-36  3.27613e-36  5.02279e-38  1.62337e-37  8.99765e-40  5.53851e-39  1.09589e-41   1.0985e-40  7.47639e-44  7.78469e-43
  7.1715e-19  9.06201e-05  1.76687e-17 -0.000378521 -7.28702e-17  -0.00141436  6.72055e-17   0.00534373   9.2814e-17    0.0039008 -1.70028e-16   -0.0138535 -3.08588e-16   -0.0126929  -1.1695e-17    0.0101997  4.56016e-16    0.0221674  4.72291e-16    0.0118159  5.01556e-19   -0.0051633 -3.95776e-16   -0.0137026 -2.95601e-16   -0.0121345  8.84684e-17  -0.00629916  2.85951e-16  -0.00130348  1.81458e-16   0.00117717 -3.95909e-18   0.00170323 -9.13159e-17   0.00134119 -7.99517e-17  0.000816025 -3.92381e-17  0.000419125 -1.15786e-17   0.00018869 -2.12995e-18  7.59369e-05 -1.61561e-18  2.76233e-05 -2.26449e-18  9.13834e-06 -1.65606e-18  2.75633e-06  -4.7671e-19  7.57592e-07   3.0907e-19  1.89034e-07  5.14162e-19  4.24835e-08   4.1775e-19   8.4807e-09  2.76056e-19  1.46847e-09  1.77261e-19  2.11843e-10   1.1623e-19  2.40036e-11  7.45921e-20  2.28814e-12  4.45032e-20  4.99929e-13   2.4103e-20  2.54774e-13  1.17982e-20  1.09692e-13  5.22326e-21  3.70088e-14  2.08454e-21  1.03746e-14  7.40732e-22  2.51589e-15   2.2845e-22  5.40566e-16  5.82201e-23  1.04397e-16  1.09126e-23  1.82821e-17   8.6156e-25  2.91872e-18 -3.19465e-25  4.26112e-19  -1.5536e-25  5.69722e-20 -2.60006e-26   6.9779e-21  5.56512e-27  7.82334e-22  5.73313e-27  8.01618e-23  2.46016e-27  7.48847e-24  7.70605e-28  6.35686e-25  1.97252e-28  4.88309e-26  4.30951e-29  3.37666e-27  8.19229e-30  2.08861e-28  1.36439e-30  1.14671e-29  1.98883e-31  5.53699e-31  2.51928e-32  2.32553e-32  2.73638e-33  8.38273e-34   2.4957e-34  2.54876e-35  1.85275e-35  6.37183e-37  1.06968e-36  1.25493e-38  4.48096e-38   1.8052e-40  1.20993e-39  1.65286e-42   1.6227e-41  6.67354e-45
 4.92815e-06  3.70399e-18  0.000137087  1.33225e-17 -0.000910649 -5.14628e-17 -0.000510627  7.15463e-17   0.00652902  6.42301e-17   0.00112904 -2.12452e-16   -0.0149391 -3.49817e-16   -0.0107105  5.95974e-20    0.0110331  4.72291e-16    0.0218466  4.55529e-16    0.0125822  -1.9039e-17  -0.00338458 -3.57603e-16   -0.0125609 -2.05889e-16   -0.0124929  1.53099e-16  -0.00773038  2.93722e-16  -0.00293821   1.6978e-16 -8.51737e-05 -2.27505e-18  0.000951019 -7.88487e-17  0.000983941 -6.98191e-17  0.000685016 -3.60994e-17  0.000388964 -1.31865e-17    0.0001919 -5.13752e-18    8.482e-05 -3.98174e-18  3.42008e-05 -3.43773e-18  1.27345e-05 -1.98647e-18  4.41811e-06 -4.81966e-19  1.43846e-06  3.46044e-19  4.42111e-07  5.35973e-19  1.28915e-07  4.40192e-19  3.58111e-08  3.04314e-19  9.50801e-09  2.02839e-19  2.41819e-09  1.32814e-19  5.89794e-10   8.2537e-20  1.37942e-10  4.71884e-20  3.09028e-11  2.45018e-20  6.61825e-12  1.15268e-20  1.35149e-12   4.9072e-21  2.62385e-13  1.87877e-21  4.82826e-14  6.37317e-22  8.39545e-15  1.86307e-22  1.37534e-15  4.45346e-23  2.11659e-16  7.66134e-24  3.05147e-17  4.81838e-25  4.10974e-18 -2.20674e-25   5.1561e-19 -8.25506e-26  6.00826e-20 -4.02283e-27  6.48227e-21  8.47824e-27  6.45302e-22  4.99952e-27  5.90467e-23   1.8317e-27  4.94482e-24   5.2249e-28  3.77121e-25  1.24459e-28  2.60433e-26  2.55155e-29  1.61765e-27  4.56135e-30  8.96624e-29  7.13387e-31   4.3936e-30  9.72602e-32  1.88253e-31  1.14474e-32  6.96275e-33  1.14413e-33  2.18923e-34  9.46859e-35  5.73841e-36  6.25215e-36   1.2179e-37  3.11711e-37  1.98858e-39  1.07456e-38  2.27117e-41  2.16893e-40  1.49123e-43   1.5882e-42
-1.23803e-18  3.88352e-05  7.06061e-18  6.16341e-05  7.97682e-18  -0.00136116 -2.04943e-17  0.000894964   8.6648e-17    0.0068384  3.43193e-17  -0.00166621 -2.72193e-16   -0.0154542 -3.83396e-16  -0.00880379  6.15107e-18    0.0118159  4.55529e-16      0.02166  3.98161e-16    0.0133631 -5.21079e-17  -0.00159452 -3.01256e-16   -0.0111679 -9.97756e-17   -0.0124058  2.20386e-16  -0.00875359  3.04368e-16  -0.00436039   1.6644e-16  -0.00133175  7.84466e-18   0.00010305 -6.05854e-17  0.000504596 -5.57606e-17  0.000452961 -3.02806e-17  0.000291625 -1.31483e-17  0.000156637 -7.13947e-18  7.40629e-05 -5.65245e-18  3.16605e-05 -4.14702e-18  1.24303e-05 -2.07752e-18  4.52876e-06 -4.02633e-19  1.54217e-06  4.03672e-19  4.93388e-07  5.64414e-19  1.48856e-07  4.65719e-19  4.24625e-08  3.30933e-19  1.14723e-08  2.23204e-19  2.93844e-09  1.43629e-19  7.13753e-10  8.61031e-20  1.64382e-10  4.72272e-20  3.58716e-11  2.35381e-20   7.4098e-12  1.06407e-20  1.44698e-12  4.34947e-21  2.66728e-13  1.59379e-21  4.63328e-14  5.14715e-22   7.5705e-15  1.42187e-22  1.16121e-15  3.17551e-23  1.66845e-16  4.98204e-24  2.24043e-17  2.40056e-25   2.8046e-18 -1.31004e-25  3.26389e-19  -3.1961e-26  3.52047e-20   7.7565e-27   3.5074e-21  8.65162e-27  3.21528e-22  3.89956e-27  2.70017e-23  1.26406e-27  2.06679e-24  3.31607e-28  1.43337e-25  7.37221e-29  8.94396e-27  1.41837e-29  4.97951e-28  2.38123e-30   2.4489e-29  3.48908e-31  1.05118e-30  4.43428e-32  3.88305e-32  4.82709e-33  1.21487e-33  4.41098e-34  3.16486e-35  3.28288e-35  6.74434e-37  1.90328e-36  1.14866e-38  8.02949e-38  1.49339e-40  2.19374e-39  1.34239e-42  3.00235e-41  6.13333e-45
-2.53606e-06 -2.58748e-18  0.000100185  7.80049e-18 -0.000198692  5.19155e-18  -0.00147447  1.78408e-17    0.0024565  1.13184e-16     0.006327  4.73459e-18  -0.00428109 -3.30693e-16   -0.0155149 -4.05814e-16  -0.00696124  5.01556e-19    0.0125822  3.98161e-16    0.0216078  2.98262e-16    0.0141902 -9.67082e-17  0.000241646 -2.35321e-16  -0.00951432  8.21451e-18     -0.01185  2.82758e-16  -0.00928755  3.16942e-16  -0.00543536  1.71516e-16  -0.00241341  2.59852e-17 -0.000713434 -3.70125e-17 -7.14163e-06  -3.8263e-17  0.000174342 -2.21452e-17  0.000156416 -1.15056e-17  9.71517e-05  -7.9364e-18  5.00366e-05 -6.42261e-18  2.26591e-05 -4.29374e-18  9.27322e-06 -1.90537e-18  3.48293e-06 -2.34508e-19  1.21213e-06  4.85558e-19  3.93357e-07  6.00328e-19  1.19541e-07  4.91145e-19  3.41182e-08  3.51485e-19  9.16251e-09  2.35184e-19  2.31785e-09  1.47226e-19  5.52623e-10  8.49475e-20  1.24184e-10  4.47233e-20  2.62938e-11  2.14033e-20  5.24205e-12  9.29084e-21  9.83106e-13  3.64022e-21  1.73234e-13  1.27375e-21  2.86399e-14  3.90592e-22  4.43498e-15  1.01649e-22  6.42033e-16  2.11281e-23  8.66986e-17  3.00883e-24  1.08935e-17   1.1234e-25  1.26989e-18 -6.06856e-26  1.36887e-19 -1.71295e-27  1.35916e-20  1.21244e-26  1.23732e-21   7.3373e-27  1.02703e-22  2.77761e-27  7.71963e-24   8.1303e-28  5.20877e-25  1.97425e-28  3.11873e-26   4.1037e-29  1.63033e-27  7.40652e-30  7.25858e-29  1.16579e-30  2.63547e-30  1.59602e-31  7.08629e-32  1.88358e-32  9.69031e-34  1.88626e-33 -2.32726e-35  1.56415e-34 -1.97267e-36  1.03582e-35 -6.62466e-38  5.18931e-37 -1.33415e-39  1.80337e-38 -1.55961e-41  3.68902e-40 -7.55352e-44  2.76731e-42
-3.24907e-19  7.14319e-06 -4.24001e-18  0.000141731  3.72866e-18 -0.000593654  6.27124e-18  -0.00112448  6.22849e-17   0.00384182  1.47395e-16   0.00515447 -1.94651e-17  -0.00660223 -3.71402e-16   -0.0152072 -4.11526e-16   -0.0051633  -1.9039e-17    0.0133631  2.98262e-16    0.0216979  1.61813e-16    0.0150958 -1.49544e-16    0.0021604 -1.70115e-16  -0.00758629   1.0446e-16   -0.0108076  3.33384e-16  -0.00927153  3.29021e-16  -0.00605478  1.82992e-16  -0.00320106  5.01123e-17  -0.00138004 -9.82989e-18 -0.000461389 -1.86651e-17  -9.1881e-05 -1.25387e-17  1.76904e-05 -8.57333e-18  3.15699e-05 -7.55106e-18  2.15223e-05 -6.27898e-18  1.11431e-05 -3.90649e-18  4.92082e-06 -1.50763e-18  1.93482e-06   2.1825e-21   6.9174e-07  5.84039e-19  2.27559e-07  6.38123e-19  6.93826e-08  5.10488e-19   1.9698e-08  3.61439e-19  5.22262e-09  2.36641e-19  1.29551e-09  1.43221e-19  3.00958e-10  7.94296e-20  6.54985e-11  4.01443e-20  1.33517e-11  1.84434e-20  2.54766e-12  7.67941e-21  4.54548e-13  2.87889e-21  7.57171e-14   9.5974e-22  1.17524e-14  2.78711e-22  1.69544e-15  6.81216e-23  2.26604e-16  1.31318e-23  2.79445e-17  1.69793e-24  3.16244e-18  5.97142e-26  3.26012e-19 -1.34629e-26   3.0288e-20  1.28032e-26  2.49329e-21  1.20022e-26  1.76387e-22  5.50462e-27  1.00161e-23  1.82797e-27  3.60358e-25  4.89259e-28 -6.60568e-27  1.10439e-28 -2.65811e-27  2.14826e-29 -2.93046e-28  3.63418e-30 -2.28572e-29   5.3522e-31 -1.41923e-30   6.8249e-32 -7.23154e-32   7.4462e-33 -3.03033e-33  6.81677e-34 -1.02997e-34  5.08438e-35 -2.76053e-36  2.95762e-36 -5.56819e-38   1.2547e-37 -7.80872e-40  3.45941e-39 -6.47901e-42  4.80811e-41 -1.90902e-44
-2.89565e-06 -1.05528e-18  4.11618e-05 -7.04376e-18  9.35701e-05 -5.77604e-18 -0.000976162  1.08551e-17  -0.00034998  1.10149e-16   0.00481717    1.837e-16   0.00350916 -3.21992e-17  -0.00857126 -3.82164e-16   -0.0145907 -3.95776e-16  -0.00338458 -5.21079e-17    0.0141902  1.61813e-16    0.0219444  2.07676e-18    0.0161119 -2.06126e-16   0.00419426 -1.14564e-16  -0.00537602  1.79082e-16   -0.0092789   3.6755e-16  -0.00867979   3.3778e-16  -0.00615483  1.97671e-16  -0.00360749  7.70921e-17   -0.0018098  1.83676e-17 -0.000787906  1.12235e-18  -0.00029731 -2.59844e-18 -9.51999e-05 -4.86867e-18 -2.41205e-05 -6.21224e-18 -3.54991e-06 -5.38297e-18  7.29254e-07 -3.11717e-18  9.00143e-07 -9.66051e-19  4.84207e-07  2.70286e-19  2.00842e-07   6.8318e-19  7.13454e-08   6.6814e-19  2.25614e-08  5.17138e-19  6.46795e-09  3.57553e-19  1.69715e-09  2.27044e-19  4.09648e-10  1.32366e-19  9.11599e-11  7.05017e-20  1.87045e-11  3.41999e-20  3.53215e-12  1.50747e-20  6.11348e-13   6.0129e-21  9.62694e-14  2.15273e-21  1.36137e-14   6.8217e-22  1.68652e-15  1.87113e-22  1.73109e-16  4.28237e-23  1.23023e-17  7.63846e-24  -5.6395e-20  9.07503e-25 -2.22101e-19  4.54647e-26 -5.09231e-20  1.26017e-26 -8.20014e-21  1.69785e-26 -1.08736e-21  9.77072e-27 -1.24611e-22   3.7534e-27 -1.25826e-23  1.11958e-27 -1.12835e-24  2.76225e-28 -9.00511e-26  5.81175e-29 -6.38618e-27  1.05817e-29 -4.00675e-28  1.67573e-30  -2.2083e-29  2.30351e-31 -1.05833e-30   2.7259e-32 -4.34872e-32  2.73505e-33 -1.50239e-33  2.27208e-34 -4.24518e-35  1.50827e-35 -9.42439e-37  7.58538e-37 -1.54468e-38  2.65276e-38 -1.67547e-40  5.48313e-40 -9.33794e-43  4.18883e-42
 2.74504e-19 -3.26853e-06 -1.91854e-18  9.15181e-05 -1.22293e-17 -8.20089e-05 -1.99677e-17  -0.00118062  1.78507e-17  0.000692239  1.56526e-16   0.00526198   2.1688e-16   0.00157004 -2.86792e-17   -0.0101595 -3.56728e-16   -0.0137026 -3.57603e-16  -0.00159452 -9.67082e-17    0.0150958  2.07676e-18    0.0223644 -1.63268e-16    0.0172645 -2.60947e-16   0.00636217 -7.38034e-17   -0.0028961  2.27611e-16  -0.00729775  3.83594e-16    -0.007537  3.41069e-16  -0.00573198   2.1218e-16  -0.00360394  1.03416e-16  -0.00196329  4.46687e-17 -0.000949991  1.90703e-17 -0.000414577  6.51525e-18 -0.000164857 -9.86993e-19 -6.01859e-05 -4.28371e-18 -2.02953e-05 -4.00834e-18 -6.35654e-06 -2.11275e-18 -1.86019e-06 -3.79797e-19 -5.12382e-07  5.27253e-19 -1.34141e-07  7.64315e-19 -3.38042e-08  6.80329e-19 -8.32351e-09  5.06177e-19  -2.0309e-09  3.38872e-19 -4.95179e-10  2.07586e-19 -1.20518e-10  1.16331e-19 -2.89891e-11  5.94737e-20 -6.79269e-12  2.76795e-20 -1.52871e-12  1.16952e-20 -3.26702e-13  4.46225e-21 -6.57638e-14   1.5227e-21 -1.24003e-14  4.57596e-22 -2.18206e-15  1.18237e-22 -3.57375e-16  2.52712e-23 -5.43608e-17   4.1729e-24 -7.66517e-18  4.71927e-25 -9.99984e-19  4.41745e-26 -1.20444e-19  2.27836e-26 -1.33614e-20  1.55569e-26 -1.36136e-21  7.01348e-27 -1.26974e-22  2.35962e-27 -1.07989e-23  6.41231e-28 -8.33568e-25  1.46603e-28 -5.80727e-26  2.87961e-29 -3.62692e-27  4.90569e-30 -2.01392e-28  7.25995e-31 -9.83999e-30   9.2878e-32 -4.17506e-31  1.01557e-32 -1.51186e-32   9.3133e-34 -4.56345e-34  6.95944e-35 -1.11051e-35  4.05941e-36 -2.07295e-37   1.7297e-37 -2.73657e-39  4.80333e-39 -2.18004e-41  6.75595e-41 -6.51104e-44
