  2.2516e-05 -2.80662e-21 -0.000185081  4.87254e-20  0.000498963 -1.38903e-19 -0.000615661  1.38564e-19  0.000291908 -7.72027e-20  7.31827e-05  1.43944e-19 -9.99103e-05 -1.89757e-19 -2.52104e-06  8.05152e-20  1.49237e-05 -6.06112e-21  2.79627e-07   1.4122e-21 -4.21849e-07
-2.80662e-21  0.000276601 -3.73936e-20  -0.00121271  2.97869e-19   0.00226511 -5.37073e-19  -0.00194293  3.57924e-19  0.000383224 -3.23947e-19  0.000483047  7.02732e-19 -0.000205514 -5.66776e-19 -7.06585e-05  1.01013e-19   2.8309e-05  1.18721e-20  4.48328e-06    3.768e-21
-0.000185081 -3.73936e-20   0.00158325 -1.67755e-19  -0.00451325  7.66683e-19   0.00605965 -6.86921e-19  -0.00342321 -4.45558e-21 -0.000411475 -7.46885e-19    0.0012007  1.72176e-18 -0.000130443 -7.95447e-19 -0.000193853 -7.38564e-20  1.87799e-05  3.36329e-20  6.94752e-06
 4.87254e-20  -0.00121271 -1.67755e-19    0.0056187 -3.77491e-19   -0.0113579  7.56601e-19    0.0110915  9.39003e-19  -0.00345051 -1.52908e-18  -0.00241999 -1.90382e-18   0.00174636  3.02531e-18  0.000240506 -4.86653e-19 -0.000281647 -3.73756e-19  -1.1971e-05  2.48238e-20
 0.000498963  2.97869e-19  -0.00451325 -3.77491e-19    0.0139023 -3.42327e-19   -0.0209338 -1.44758e-18    0.0146914  5.97107e-18 -0.000784274 -3.23828e-18  -0.00493108 -4.89383e-18   0.00158445  4.22167e-18  0.000763887  3.36191e-19 -0.000255341 -5.40009e-19 -3.16537e-05
-1.38903e-19   0.00226511  7.66683e-19   -0.0113579 -3.42327e-19     0.025648  7.03736e-19   -0.0297371 -8.15134e-18    0.0142775  1.45406e-17   0.00404656 -2.60969e-18  -0.00670263 -1.00892e-17  0.000652398  4.79225e-18    0.0011586  1.22051e-18 -0.000132371 -4.07644e-19
-0.000615661 -5.37073e-19   0.00605965  7.56601e-19   -0.0209338  7.03736e-19    0.0370442  3.93239e-18     -0.03398 -2.12467e-17   0.00968703  2.46679e-17   0.00915274  2.13831e-18  -0.00702094 -1.60771e-17 -0.000638281  4.31949e-18   0.00124232  1.66895e-18 -5.61507e-06
 1.38564e-19  -0.00194293 -6.86921e-19    0.0110915 -1.44758e-18   -0.0297371  3.93239e-18    0.0438238   1.0615e-17   -0.0327067  -4.0708e-17   0.00308581  3.33204e-17    0.0129257  1.01106e-17  -0.00605658 -2.04483e-17  -0.00179661  2.79144e-18   0.00101186  1.40875e-18
 0.000291908  3.57924e-19  -0.00342321  9.39003e-19    0.0146914 -8.15134e-18     -0.03398   1.0615e-17    0.0446885  2.12185e-17   -0.0280703 -6.34214e-17  -0.00314312  3.81534e-17    0.0149568  1.86557e-17  -0.00440376 -2.16142e-17  -0.00252194  7.55017e-19  0.000573248
-7.72027e-20  0.000383224 -4.45558e-21  -0.00345051  5.97107e-18    0.0142775 -2.12467e-17   -0.0327067  2.12185e-17    0.0417496  3.43775e-17   -0.0229557 -8.42029e-17  -0.00793758  3.83893e-17     0.015683  2.57638e-17  -0.00256365 -1.95854e-17  -0.00268573  -8.3911e-19
 7.31827e-05 -3.23947e-19 -0.000411475 -1.52908e-18 -0.000784274  1.45406e-17   0.00968703  -4.0708e-17   -0.0280703  3.43775e-17    0.0380731  4.72241e-17   -0.0189823 -9.89692e-17   -0.0114505  3.45175e-17    0.0156707  3.08563e-17 -0.000795401 -1.51595e-17  -0.00216719
 1.43944e-19  0.000483047 -7.46885e-19  -0.00241999 -3.23828e-18   0.00404656  2.46679e-17   0.00308581 -6.34214e-17   -0.0229557  4.72241e-17    0.0355197  5.73444e-17   -0.0163802 -1.07166e-16   -0.0142627  2.77906e-17    0.0152555  3.37605e-17  0.000786626  -8.7271e-18
-9.99103e-05  7.02732e-19    0.0012007 -1.90382e-18  -0.00493108 -2.60969e-18   0.00915274  3.33204e-17  -0.00314312 -8.42029e-17   -0.0189823  5.73444e-17    0.0345348  6.44546e-17    -0.014798 -1.11158e-16    -0.016905  1.95589e-17    0.0144954  3.41331e-17   0.00200628
-1.89757e-19 -0.000205514  1.72176e-18   0.00174636 -4.89383e-18  -0.00670263  2.13831e-18    0.0129257  3.81534e-17  -0.00793758 -9.89692e-17   -0.0163802  6.44546e-17     0.034975   7.0011e-17   -0.0138854 -1.13429e-16   -0.0198036  9.72091e-18    0.0131234  3.07383e-17
-2.52104e-06 -5.66776e-19 -0.000130443  3.02531e-18   0.00158445 -1.00892e-17  -0.00702094  1.01106e-17    0.0149568  3.83893e-17   -0.0114505 -1.07166e-16    -0.014798   7.0011e-17    0.0367615   7.5457e-17   -0.0134291 -1.15378e-16   -0.0233966 -3.70879e-18   0.00966783
 8.05152e-20 -7.06585e-05 -7.95447e-19  0.000240506  4.22167e-18  0.000652398 -1.60771e-17  -0.00605658  1.86557e-17     0.015683  3.45175e-17   -0.0142627 -1.11158e-16   -0.0138854   7.5457e-17      0.04014  8.23238e-17    -0.013291 -1.21735e-16   -0.0286715 -2.52649e-17
 1.49237e-05  1.01013e-19 -0.000193853 -4.86653e-19  0.000763887  4.79225e-18 -0.000638281 -2.04483e-17  -0.00440376  2.57638e-17    0.0156707  2.77906e-17    -0.016905 -1.13429e-16   -0.0134291  8.23238e-17    0.0459118  9.61741e-17   -0.0132501 -1.43931e-16   -0.0350058
-6.06112e-21   2.8309e-05 -7.38564e-20 -0.000281647  3.36191e-19    0.0011586  4.31949e-18  -0.00179661 -2.16142e-17  -0.00256365  3.08563e-17    0.0152555  1.95589e-17   -0.0198036 -1.15378e-16    -0.013291  9.61741e-17    0.0556436  1.29546e-16   -0.0117821 -1.51232e-16
 2.79627e-07  1.18721e-20  1.87799e-05 -3.73756e-19 -0.000255341  1.22051e-18   0.00124232  2.79144e-18  -0.00252194 -1.95854e-17 -0.000795401  3.37605e-17    0.0144954  9.72091e-18   -0.0233966 -1.21735e-16   -0.0132501  1.29546e-16    0.0762606   2.3164e-16    0.0203265
  1.4122e-21  4.48328e-06  3.36329e-20  -1.1971e-05 -5.40009e-19 -0.000132371  1.66895e-18   0.00101186  7.55017e-19  -0.00268573 -1.51595e-17  0.000786626  3.41331e-17    0.0131234 -3.70879e-18   -0.0286715 -1.43931e-16   -0.0117821   2.3164e-16     0.137427  5.40315e-16
-4.21849e-07    3.768e-21  6.94752e-06  2.48238e-20 -3.16537e-05 -4.07644e-19 -5.61507e-06  1.40875e-18  0.000573248  -8.3911e-19  -0.00216719  -8.7271e-18   0.00200628  3.07383e-17   0.00966783 -2.52649e-17   -0.0350058 -1.51232e-16    0.0203265  5.40315e-16     0.250396
