 7.73533e-13 -1.87669e-26 -1.77044e-11  6.96272e-25  1.50738e-10 -7.42259e-24 -7.30247e-10   4.3144e-23  2.28951e-09  -1.6412e-22 -4.88275e-09  4.42161e-22  7.12355e-09 -8.77046e-22 -6.79881e-09  1.32096e-21  3.55642e-09 -1.63665e-21 -7.27335e-11  2.09975e-21 -1.02707e-09 -3.47156e-21  2.80816e-10  6.16369e-21  2.53437e-10 -9.16605e-21 -8.18436e-11  1.03809e-20 -7.22755e-11 -8.58889e-21  1.06414e-11  4.85329e-21  1.98805e-11 -1.50835e-21  2.59473e-12 -5.23717e-23  -3.7144e-12  1.88472e-22 -1.82612e-12  4.60562e-23  8.94388e-14 -9.34944e-23  3.97028e-13  6.61562e-24   1.5086e-13  4.36896e-23 -4.60968e-15 -3.18759e-23 -2.77362e-14  8.04707e-24 -1.22128e-14   1.9787e-24 -1.59265e-15  -2.1067e-24  9.81947e-16   3.9969e-25  6.89414e-16  2.25997e-25  2.10197e-16  -1.0619e-25  2.02133e-17 -1.80083e-26 -1.34293e-17  1.75612e-26 -8.43562e-18 -3.21375e-27 -2.66689e-18  1.33889e-28 -4.83295e-19  6.12333e-28  -1.2729e-21 -6.35369e-29  3.53562e-20 -1.71911e-28  1.51384e-20 -9.81898e-30   4.0507e-21   2.1355e-29  7.60127e-22  4.75966e-30  8.47324e-23 -9.92853e-31 -3.82338e-24 -3.14883e-31 -4.85933e-24 -2.67846e-32 -1.49406e-24  2.39376e-33 -3.18038e-25  1.22713e-32 -5.28733e-26 -1.57374e-33 -6.97662e-27 -1.53978e-33  -6.9247e-28 -3.98931e-34 -3.88577e-29 -6.48705e-35    2.441e-30  2.00272e-35  1.07911e-30  1.59221e-35  1.85689e-31  4.42053e-36  2.30428e-32   7.1063e-37  2.28283e-33  1.05813e-37  1.86039e-34  1.76382e-38  1.25374e-35  2.17129e-39  6.92245e-37  2.13203e-40  3.07802e-38  2.39839e-41  1.08626e-39  2.07573e-42  2.84899e-41  8.27393e-44   4.5218e-43  4.16029e-46  3.75801e-45 -6.24194e-47  1.09184e-46 -1.54771e-48
-1.87669e-26  2.58844e-11 -4.16031e-25 -3.34837e-10   1.0683e-23  2.15284e-09 -9.10209e-23 -8.54525e-09  4.48379e-22  2.27233e-08 -1.48904e-21 -4.16325e-08  3.54644e-21  5.18987e-08  -6.1863e-21  -4.0737e-08  7.90389e-21  1.44489e-08 -7.57325e-21   4.8015e-09  7.04846e-21 -6.00009e-09 -1.10603e-20  -1.4376e-10  2.19921e-20   1.7027e-09 -3.46379e-20  5.41711e-11  3.91561e-20 -4.43722e-10 -3.09526e-20 -8.55484e-11  1.57664e-20  8.96284e-11 -3.48814e-21  4.44847e-11  -1.2467e-21 -6.19359e-12  8.98249e-22  -1.1779e-11  2.46998e-22 -3.22829e-12 -4.17868e-22  9.97825e-13  8.19013e-23  1.03293e-12  1.04138e-22  2.84595e-13 -8.17637e-23 -4.27391e-14  2.12535e-23 -6.54522e-14  4.26381e-24 -2.49271e-14 -5.45115e-24 -2.80722e-15  1.24281e-24  1.94201e-15  5.69161e-25  1.29166e-15  -2.5802e-25  3.99228e-16 -6.00784e-26  5.18604e-17  3.41042e-26 -1.54779e-17 -8.23297e-27  -1.2018e-17  4.14296e-27 -4.15982e-18  2.23599e-27 -9.08303e-19 -5.51498e-28 -9.39612e-20 -6.34392e-28  2.03614e-20 -4.17279e-29  1.39625e-20  6.77194e-29   4.3874e-21  1.62643e-29  9.73177e-22 -1.66933e-30  1.58677e-22 -4.18925e-31  1.63747e-23 -6.84169e-32 -2.10389e-25  8.26738e-33 -5.79935e-25  2.84163e-32 -1.65954e-25 -9.54639e-33  -3.2224e-26 -6.31255e-33 -4.92576e-27 -1.55187e-33 -6.15264e-28 -1.88194e-34 -6.26457e-29  9.09098e-35 -4.98014e-30  5.94245e-35 -2.62791e-31  1.55718e-35 -4.36481e-34  2.52722e-36  1.87425e-33  3.88044e-37  2.64746e-34  6.12046e-38  2.39703e-35  7.12158e-39  1.62936e-36    6.417e-40  8.64464e-38  5.86142e-41  3.58783e-39  4.15225e-42  1.11062e-40  1.42625e-43   2.3409e-42  1.01107e-45   3.1393e-44 -4.46351e-47  2.33859e-46
-1.77044e-11 -4.16031e-25  4.24644e-10 -5.21209e-24 -3.80114e-09  1.01432e-22  1.94392e-08 -7.15443e-22 -6.46876e-08  3.04664e-21  1.47565e-07 -8.95735e-21 -2.33171e-07  1.90907e-20  2.47013e-07 -2.96608e-20 -1.54303e-07  3.25015e-20  2.55205e-08 -2.31732e-20  3.55378e-08  1.14088e-20 -1.83542e-08 -1.74583e-20 -7.26407e-09   4.9843e-20  5.58927e-09 -8.88162e-20  2.18569e-09  1.01763e-19 -1.22195e-09 -7.70151e-20 -7.76763e-10  3.49488e-20   1.1352e-10 -4.15009e-21  2.14694e-10 -5.32038e-21  4.48297e-11  2.61356e-21 -2.98956e-11  7.18776e-22 -2.09188e-11 -1.07035e-21 -2.87218e-12  2.28297e-22  2.63218e-12  1.85749e-22  1.69937e-12 -1.45514e-22  3.52927e-13   4.0295e-23 -9.98309e-14  4.74327e-24 -1.00516e-13 -1.01408e-23 -3.49435e-14  2.75967e-24 -3.89869e-15  1.17008e-24  2.37208e-15 -4.10357e-25   1.5912e-15 -1.70005e-25  5.10498e-16  2.29314e-26  8.47742e-17 -1.40181e-26 -6.99335e-18  1.82763e-26 -1.02586e-17  6.53243e-27 -4.00766e-18 -1.82983e-27 -1.00613e-18 -1.71141e-27 -1.63528e-19 -1.66342e-28 -7.44795e-21  1.41652e-28  5.71712e-21  3.77734e-29  2.48734e-21  3.77675e-31  6.44879e-22  9.19748e-31  1.25051e-22  1.69293e-31  1.86866e-23  6.47213e-32  1.99323e-24  3.05387e-32  8.60742e-26 -3.76171e-32 -2.22583e-26  -1.8205e-32 -7.36207e-27  -4.0476e-33 -1.36126e-27 -3.47394e-34  -1.9108e-28  2.73123e-34 -2.18317e-29  1.52968e-34 -2.07208e-30  3.80298e-35 -1.63246e-31  6.17656e-36 -1.04829e-32  9.44849e-37 -5.24055e-34  1.39043e-37 -1.79973e-35  1.50823e-38 -2.08398e-37   1.2442e-39  2.14121e-38  9.54088e-41  1.76251e-39  5.57663e-42  6.99277e-41  1.63619e-43  1.45107e-42  1.34335e-45  1.78837e-44 -1.31219e-47
 6.96272e-25 -3.34837e-10 -5.21209e-24  4.55306e-09 -4.51269e-23 -3.08833e-08  7.01412e-22  1.29924e-07 -4.19936e-21 -3.68494e-07  1.56987e-20  7.26904e-07 -4.13293e-20 -9.91505e-07  7.96255e-20  8.82569e-07 -1.11434e-19  -4.1133e-07  1.06064e-19 -3.47707e-08  -5.3694e-20  1.41198e-07 -5.17621e-21 -2.56389e-08  3.79246e-21 -3.78614e-08  7.83656e-20    8.231e-09 -1.79009e-19  1.08557e-08    2.112e-19 -6.87746e-10 -1.53106e-19 -2.89321e-09  6.09887e-20  -5.6753e-10 -2.45164e-24  5.06646e-10 -1.40365e-20  2.99314e-10  5.50528e-21   3.2097e-12  1.58289e-21 -5.98309e-11 -1.99304e-21 -2.60339e-11  3.67184e-22 -5.15214e-13  2.86057e-22  4.31518e-12  -2.0132e-22  2.11793e-12  6.40058e-23  3.43479e-13 -2.41378e-26 -1.43791e-13 -1.66949e-23 -1.17504e-13   4.9912e-24 -3.89586e-14  2.47562e-24 -4.86855e-15 -4.15269e-25  2.00275e-15 -4.34234e-25   1.4627e-15 -7.64863e-26  4.96037e-16 -2.02726e-26  9.94265e-17   5.1704e-26  4.46729e-18  1.68821e-26 -5.45802e-18 -3.88068e-27 -2.63516e-18 -3.80009e-27 -7.50513e-19 -5.43154e-28 -1.51071e-19  2.06369e-28 -1.98229e-20   6.4076e-29 -3.89863e-22  9.17654e-30   6.7297e-22  6.44565e-30  2.39173e-22  1.59222e-30  5.41618e-23  3.14461e-31  9.44361e-24 -1.97924e-32  1.31847e-24 -1.08066e-31  1.44674e-25 -4.16342e-32  1.11286e-26   -8.209e-33  2.44079e-28 -4.20948e-34 -9.83368e-29  6.38682e-34 -2.17672e-29  3.13537e-34 -2.91391e-30  7.40311e-35 -2.97443e-31  1.18859e-35 -2.44821e-32  1.76783e-36  -1.6482e-33  2.40569e-37 -9.05121e-35  2.40943e-38 -3.98665e-36   1.8105e-39 -1.36038e-37  1.18292e-40  -3.3554e-39  5.70525e-42 -5.65064e-41   1.3938e-43 -6.07547e-43  1.07057e-45  -1.3842e-45
 1.50738e-10   1.0683e-23 -3.80114e-09 -4.51269e-23  3.58883e-08 -2.95462e-22 -1.94368e-07   3.7962e-21  6.88613e-07 -1.96565e-20 -1.68493e-06  6.53087e-20  2.88917e-06 -1.55401e-19 -3.39386e-06  2.72914e-19  2.48681e-06 -3.47319e-19 -7.41924e-07  2.90876e-19 -4.00146e-07 -9.81497e-20  3.72596e-07 -9.56106e-20  4.11166e-08  1.13241e-19 -1.13046e-07  7.55106e-20 -1.19292e-08  -3.0231e-19  2.99117e-08  3.72477e-19  7.84289e-09 -2.58122e-19  -5.8853e-09  8.84428e-20 -3.49754e-09  1.26021e-20  2.77515e-10 -2.79035e-20  8.79141e-10  9.02965e-21   2.7791e-10  2.96942e-21 -6.46473e-11 -2.94904e-21 -8.16568e-11  3.40165e-22 -2.49541e-11  3.96658e-22  2.55646e-12  -2.1765e-22  5.30232e-12  9.41074e-23  2.17062e-12 -1.33541e-23  2.92534e-13 -2.77522e-23 -1.50992e-13   7.6218e-24 -1.11166e-13  5.47647e-24 -3.64193e-14   2.6704e-26 -5.40746e-15 -9.76807e-25  1.12345e-15  -3.6273e-25  1.03489e-15 -3.56979e-26  3.78357e-16  1.14166e-25   8.7572e-17  3.91206e-26  1.07505e-17 -5.65569e-27 -1.24337e-18 -7.22142e-27 -1.15368e-18 -1.43061e-27 -3.86755e-19  1.58302e-28 -8.97939e-20  7.11137e-29 -1.55246e-20   2.7827e-29 -1.84188e-21  2.02693e-29 -6.44124e-23  5.86481e-30  3.65176e-23  1.02524e-30  1.24234e-23 -1.66685e-31  2.55772e-24 -2.43397e-31  4.04883e-25 -7.88776e-32  5.21883e-26 -1.36303e-32  5.53839e-27 -1.68404e-34  4.75163e-28   1.2452e-33  3.08026e-29  5.42058e-34  1.14454e-30  1.21289e-34 -3.78158e-32  1.89997e-35  -1.1184e-32  2.69935e-36 -1.14323e-33   3.3736e-37 -7.95159e-35  3.09374e-38 -4.12006e-36   2.1012e-39 -1.58928e-37  1.17236e-40 -4.36815e-39  4.61737e-42 -7.97579e-41   8.9397e-44 -8.15529e-43   4.8085e-46
-7.42259e-24  2.15284e-09  1.01432e-22 -3.08833e-08 -2.95462e-22  2.21787e-07 -1.54077e-21 -9.92367e-07  1.67681e-20   3.0119e-06 -7.61948e-20 -6.41484e-06  2.27272e-19  9.58724e-06 -4.92585e-19 -9.63663e-06  7.93974e-19  5.59952e-06 -9.26005e-19 -5.68467e-07  6.90487e-19 -1.52918e-06 -1.40081e-19  6.49071e-07 -3.54034e-19  3.49765e-07  4.03945e-19 -2.13341e-07 -6.40736e-21 -1.05567e-07 -4.45223e-19  4.70426e-08  5.77925e-19  3.61781e-08 -3.80807e-19 -3.46094e-09   1.0886e-19  -9.7963e-09  3.55537e-20 -2.39307e-09 -4.54025e-20  1.31534e-09  1.19134e-20  1.02633e-09  5.02405e-21  1.64059e-10 -3.60846e-21 -1.24925e-10 -3.84648e-23 -8.69917e-11  4.94489e-22 -1.94625e-11 -1.61264e-22  4.75095e-12  1.40548e-22  5.28444e-12 -3.73796e-23  1.91808e-12 -4.91519e-23  2.38383e-13  9.70604e-24 -1.22164e-13  1.16893e-23  -8.7367e-14  1.44388e-24 -2.90689e-14 -1.90797e-24   -5.142e-15 -9.67556e-25  2.64882e-16 -8.92232e-26  5.54692e-16  2.11658e-25  2.26622e-16  8.13747e-26  5.89536e-17 -4.56718e-27  1.01687e-17 -1.19597e-26  6.87338e-19 -3.14473e-27 -2.65312e-19 -1.87321e-28 -1.31129e-19  7.07339e-30  -3.5488e-20  5.42108e-29  -7.1094e-21  4.65164e-29 -1.10767e-21  1.50304e-29 -1.28858e-22  2.53013e-30 -8.55565e-24 -4.34043e-31  5.63885e-25 -4.50247e-31  3.03889e-25 -1.26458e-31   6.1139e-26 -1.87832e-32  8.86127e-27  7.42736e-34  1.02833e-27  2.10041e-33  9.85968e-29  8.14756e-34  7.85786e-30  1.71996e-34  5.15808e-31  2.59578e-35  2.71946e-32   3.4752e-36  1.09125e-33  3.96371e-37  2.88723e-35   3.2997e-38  2.01727e-37  2.00417e-39 -2.04274e-38  9.47404e-41 -9.71358e-40  2.97368e-42 -2.04061e-41   4.1629e-44 -1.59566e-43
-7.30247e-10 -9.10209e-23  1.94392e-08  7.01412e-22 -1.94368e-07 -1.54077e-21  1.11924e-06 -6.62013e-21  -4.2378e-06  6.21488e-20  1.11612e-05 -2.50756e-19 -2.08244e-05  6.77126e-19  2.71311e-05 -1.34548e-18 -2.30525e-05  2.00166e-18  9.86063e-06 -2.15263e-18  1.72924e-06  1.44328e-18 -3.90451e-06 -1.39718e-19  4.93378e-07 -9.01983e-19  1.12082e-06  9.72272e-19 -1.85116e-07 -2.08298e-19 -3.29476e-07 -5.90004e-19  8.09873e-09  8.06096e-19  8.87269e-08 -5.00577e-19  2.01804e-08  1.13556e-19 -1.55853e-08  6.76991e-20 -9.98903e-09 -6.34362e-20 -2.69652e-10  1.26503e-20  2.00774e-09  7.92769e-21  9.13232e-10 -3.69253e-21  2.55115e-11 -9.22363e-22 -1.53205e-10  5.32649e-22 -7.73269e-11 -2.73473e-24 -1.29292e-11  2.25537e-22  5.30781e-12 -7.25671e-23  4.45005e-12 -8.98468e-23  1.50242e-12  9.37789e-24  1.94204e-13  2.28051e-23 -7.63753e-14  4.63604e-24 -5.73779e-14 -3.23356e-24 -1.98104e-14 -2.03181e-24 -4.07778e-15 -2.37628e-25 -2.25196e-16  3.41386e-25  2.06612e-16   1.5255e-25  1.03982e-16  3.46792e-27  3.02725e-17 -1.74534e-26  6.25553e-18 -5.98307e-27  8.70378e-19 -1.07905e-27  3.64846e-20 -2.07505e-28 -2.23062e-20  7.64278e-29 -8.71116e-21  8.66484e-29 -2.03489e-21  3.04867e-29 -3.62202e-22   5.0486e-30 -5.17663e-23 -8.04733e-31  -5.9175e-24 -7.04825e-31 -5.06341e-25 -1.73237e-31 -2.34357e-26 -2.11206e-32  1.64206e-27  2.62235e-33  5.56172e-28  3.13282e-33  8.01715e-29  1.08405e-33  8.31762e-30  2.14646e-34  6.80153e-31   3.0845e-35  4.48896e-32  3.84794e-36  2.38944e-33  3.97872e-37  1.00802e-34  2.97767e-38  3.25821e-36  1.59477e-39  7.66622e-38  6.27344e-41  1.20402e-39  1.49909e-42  9.27605e-42  1.23577e-44
  4.3144e-23 -8.54525e-09 -7.15443e-22  1.29924e-07   3.7962e-21 -9.92367e-07 -6.62013e-21  4.74345e-06 -2.40048e-20 -1.54704e-05  1.97176e-19  3.57059e-05 -7.13254e-19 -5.86094e-05  1.75608e-18  6.63854e-05 -3.21665e-18  -4.6669e-05  4.43706e-18  1.22109e-05 -4.42077e-18  9.02281e-06  2.68512e-18 -7.29183e-06 -3.39276e-20 -1.20368e-06 -1.84401e-18  2.36482e-06  1.86398e-18  3.38305e-07 -5.33113e-19 -6.50512e-07 -7.23229e-19 -1.90924e-07  1.02465e-18  1.31812e-07 -5.92523e-19  8.36503e-08  9.73438e-20 -5.98264e-09  1.04908e-19  -2.1573e-08  -7.8881e-20 -6.97649e-09  1.02085e-20  1.67486e-09   1.1946e-20   2.1298e-09 -3.07593e-21  6.51743e-10 -2.40993e-21 -7.56094e-11  4.33564e-22  -1.4666e-10  2.83247e-22 -5.98309e-11  3.83953e-22 -7.75284e-12  -1.1746e-22  4.48339e-12  -1.6036e-22  3.23439e-12  3.64978e-24  1.05633e-12  4.00606e-23  1.54608e-13  1.06093e-23 -3.46903e-14 -4.76342e-24 -3.11523e-14 -3.66101e-24 -1.13983e-14 -5.60541e-25 -2.65517e-15  4.89052e-25 -3.33381e-16  2.59767e-25  3.43485e-17  2.31759e-26  3.40619e-17 -2.26434e-26   1.1563e-17  -1.0163e-26  2.71352e-18  -2.7794e-27  4.77384e-19 -6.67942e-28    5.928e-20  6.99092e-29  3.02448e-21  1.36255e-28 -8.46276e-22  5.16315e-29 -3.23862e-22  8.43892e-30 -6.84899e-23 -1.22418e-30 -1.09587e-23 -9.52035e-31 -1.42271e-24 -2.02722e-31 -1.52559e-25 -1.79476e-32 -1.33997e-26  5.56571e-33 -9.26333e-28  4.18618e-33  -4.4379e-29  1.29133e-33 -5.95858e-31  2.38261e-34  1.40159e-31  3.22475e-35  1.75036e-32  3.71121e-36  1.24317e-33  3.45237e-37  6.19147e-35  2.29595e-38  2.20956e-36  1.06432e-39  5.44103e-38  3.37922e-41  8.11913e-40  5.63774e-43  4.58504e-42
 2.28951e-09  4.48379e-22 -6.46876e-08 -4.19936e-21  6.88613e-07  1.67681e-20  -4.2378e-06 -2.40048e-20  1.72333e-05 -7.47811e-20 -4.90775e-05  5.43625e-19  0.000100012 -1.77743e-18 -0.000144752  4.01443e-18  0.000141639 -6.81021e-18 -7.92722e-05  8.74267e-18  4.84733e-06 -8.09833e-18  2.44008e-05  4.47838e-18 -9.48838e-06  2.50933e-19 -5.96835e-06 -3.20403e-18  3.38909e-06  3.02054e-18  1.83946e-06 -9.25771e-19 -7.90767e-07  -8.3963e-19 -6.42864e-07  1.19639e-18  6.24031e-08 -6.35363e-19  1.81291e-07  6.17984e-20  4.38556e-08  1.41417e-19 -2.62198e-08 -9.03535e-20 -2.00926e-08   4.4795e-21 -2.97086e-09  1.74931e-20  2.68993e-09 -1.77987e-21  1.80593e-09  -4.5641e-21  3.81843e-10   8.7588e-23 -1.16741e-10  7.18995e-22 -1.17802e-10  6.59085e-22 -4.15254e-11 -1.67989e-22 -4.55866e-12 -2.70036e-22  3.03967e-12  -1.1527e-23  2.04508e-12  6.35362e-23  6.66384e-13  2.03517e-23  1.13714e-13 -6.07717e-24  -8.3439e-15 -5.87194e-24 -1.35375e-14 -1.13732e-24 -5.42247e-15  6.32174e-25 -1.40032e-15  4.06025e-25 -2.40807e-16  5.84341e-26 -1.64108e-17 -2.63811e-26  6.15691e-18 -1.58199e-26  3.05321e-18 -5.50366e-27  8.26393e-19 -1.46732e-27  1.65836e-19 -2.58621e-30  2.60232e-20  1.82831e-28  3.10076e-21  7.48601e-29  2.30163e-22  1.20127e-29 -5.66164e-24 -1.63304e-30 -5.60031e-24  -1.1239e-30 -1.17928e-24 -1.99777e-31  -1.7206e-25 -7.83733e-33 -1.98597e-26   9.2764e-33 -1.88385e-27  5.05062e-33 -1.48236e-28  1.38731e-33 -9.62126e-30  2.36909e-34 -5.05567e-31  2.98916e-35  -2.0722e-32  3.14296e-36 -6.14336e-34  2.60666e-37 -1.07709e-35  1.51832e-38 -1.04729e-39  5.94124e-40  5.08892e-39  1.44774e-41  9.90054e-41  1.38089e-43
 -1.6412e-22  2.27233e-08  3.04664e-21 -3.68494e-07 -1.96565e-20   3.0119e-06  6.21488e-20 -1.54704e-05 -7.47811e-20  5.45201e-05 -2.02944e-19 -0.000137039  1.31804e-18  0.000247974 -3.92245e-18 -0.000316531  8.16989e-18  0.000264495  -1.2887e-17 -0.000109199  1.54427e-17 -2.51254e-05 -1.33324e-17  4.81379e-05  6.73049e-18 -5.32126e-06  7.73053e-19 -1.46193e-05 -4.87361e-18  2.37093e-06  4.26128e-18  4.48257e-06 -1.28166e-18 -1.42955e-07 -9.38175e-19  -1.2716e-06  1.28708e-18 -2.75175e-07 -6.19259e-19  2.42931e-07  1.65135e-20   1.4947e-07  1.71759e-19  -3.4434e-10 -9.91996e-20 -3.32018e-08 -3.78404e-21 -1.42766e-08  2.51481e-20  1.28713e-10  1.27962e-22  2.74103e-09 -7.44293e-21  1.30164e-09   -6.379e-22  1.85699e-10  1.32013e-21 -1.10051e-10   1.0938e-21 -8.22431e-11 -2.16232e-22 -2.63859e-11 -4.23725e-22 -2.83906e-12 -4.07476e-23  1.66916e-12  9.16419e-23  1.12132e-12  3.44615e-23  3.73212e-13  -6.5966e-24  7.35781e-14 -8.55249e-24   2.7396e-15 -2.00885e-24  -4.3428e-15  7.51221e-25 -2.05958e-15  5.89758e-25 -5.86983e-16  1.10782e-25 -1.19629e-16 -2.80494e-26 -1.64305e-17 -2.30649e-26 -6.62993e-19 -9.37726e-27  4.21432e-19 -2.68178e-27   1.6225e-19 -1.87712e-28  3.75514e-20  2.06093e-28  6.63592e-21  9.36154e-29  9.44536e-22  1.45563e-29  1.08328e-22 -2.01135e-30  9.51384e-24 -1.17018e-30   5.1342e-25 -1.58649e-31 -1.20002e-26  8.17757e-33 -7.27195e-27  1.30422e-32 -1.09201e-27  5.52678e-33 -1.12437e-28  1.35045e-33 -8.95576e-30  2.11992e-34  -5.6839e-31  2.46897e-35 -2.87201e-32  2.34815e-36 -1.13318e-33  1.71702e-37 -3.36007e-35  8.59858e-39 -6.95523e-37  2.74159e-40 -8.62018e-39   4.6865e-42 -4.10941e-41
-4.88275e-09 -1.48904e-21  1.47565e-07  1.56987e-20 -1.68493e-06 -7.61948e-20  1.11612e-05  1.97176e-19 -4.90775e-05 -2.02944e-19  0.000152074 -4.85155e-19 -0.000340302  2.83757e-18  0.000549027  -7.7331e-18  -0.00061678  1.49224e-17  0.000431503 -2.19591e-17 -0.000108753  2.46205e-17 -9.17187e-05 -1.98442e-17  7.32119e-05  9.14956e-18   1.2638e-05  1.54303e-18 -2.52856e-05 -6.60743e-18 -3.38825e-06   5.3235e-18  7.40621e-06 -1.48392e-18  2.03052e-06 -1.01441e-18 -1.64641e-06  1.27296e-18 -9.75232e-07 -5.49779e-19  1.17852e-07 -2.25809e-20  2.79559e-07  1.92409e-19  8.09136e-08 -1.09227e-19 -2.79979e-08 -1.34194e-20 -2.93045e-08  3.55621e-20 -7.98842e-09  2.64133e-21  1.65502e-09 -1.11008e-20  2.21243e-09 -1.87411e-21  8.29009e-10  2.08515e-21  7.62809e-11  1.71841e-21 -8.05286e-11 -2.49429e-22  -5.0809e-11  -6.1877e-22 -1.55007e-11 -8.80945e-23 -1.87301e-12  1.21008e-22   7.1894e-13  5.27144e-23  5.25524e-13 -5.77554e-24  1.82209e-13 -1.14584e-23  4.05361e-14  -3.1368e-24  4.53176e-15  8.46251e-25 -7.58578e-16  8.07231e-25 -5.83184e-16  1.78783e-25 -1.89207e-16  -2.8023e-26 -4.33214e-17 -3.20373e-26 -7.47482e-18 -1.44269e-26 -9.09702e-19 -4.36431e-27 -4.42881e-20 -5.34586e-28   1.3101e-20  1.81722e-28   4.8651e-21  9.98177e-29  1.00986e-21  1.46277e-29  1.58881e-22 -2.40323e-30  2.03006e-23 -1.08417e-30  2.14614e-24 -8.74752e-32  1.86713e-25  2.65029e-32  1.29621e-26  1.59403e-32  6.56648e-28  5.49851e-33  1.62239e-29  1.19439e-33 -9.25388e-31  1.71194e-34 -1.46977e-31  1.82231e-35 -1.03895e-32   1.5506e-36 -4.85966e-34  9.85753e-38 -1.56006e-35  4.14018e-39 -3.21919e-37  1.01949e-40 -3.41466e-39  9.98796e-43
 4.42161e-22 -4.16325e-08 -8.95735e-21  7.26904e-07  6.53087e-20 -6.41484e-06 -2.50756e-19  3.57059e-05  5.43625e-19 -0.000137039 -4.85155e-19  0.000377789 -1.03109e-18 -0.000757953  5.46862e-18   0.00109315 -1.37214e-17  -0.00107539  2.46281e-17  0.000608481 -3.39025e-17 -3.47646e-05  3.56271e-17  -0.00020052 -2.68346e-17  8.20008e-05  1.12844e-17  5.03843e-05  2.49921e-18 -3.16268e-05 -8.08279e-18 -1.59915e-05  5.95022e-18  8.20314e-06 -1.44988e-18  5.99406e-06 -1.05668e-18 -9.55259e-07  1.14573e-18 -1.87484e-06 -4.45797e-19 -3.65057e-07 -3.73985e-20  3.24885e-07   2.0248e-19  2.14574e-07 -1.25386e-19  2.01196e-08 -2.33381e-20 -3.57122e-08  4.92446e-20 -2.07526e-08  5.84341e-21 -3.43638e-09 -1.55479e-20  1.91122e-09 -3.71233e-21  1.52184e-09  2.98338e-21  4.80804e-10   2.5382e-21  2.86982e-11 -2.50436e-22 -4.86872e-11 -8.43182e-22 -2.79512e-11 -1.55692e-22 -8.40152e-12  1.46851e-22 -1.21391e-12  7.37081e-23  2.14276e-13 -3.36425e-24  2.04436e-13 -1.42585e-23  7.56342e-14 -4.37845e-24  1.85679e-14  9.52212e-25  2.98259e-15  1.05703e-24  1.38009e-16  2.58777e-25  -1.0065e-16 -2.75835e-26 -4.37224e-17  -4.2868e-26 -1.13154e-17  -2.0592e-26 -2.20593e-18 -6.54113e-27 -3.37875e-19 -1.08328e-27 -3.93148e-20  8.82021e-29  -2.8334e-21  8.63819e-29  7.57164e-23  1.10602e-29  6.78453e-23 -2.89897e-30  1.38726e-23 -9.07593e-31  1.96852e-24 -6.00847e-33  2.20702e-25  4.22543e-32  2.02926e-26  1.71997e-32  1.54392e-27  4.97855e-33  9.66517e-29  9.61011e-34  4.88998e-30  1.24922e-34  1.93395e-31    1.203e-35  5.62496e-33  9.04404e-37    1.053e-34  4.90886e-38  7.59946e-37   1.6698e-39 -1.14852e-38  2.89613e-41 -1.78124e-40
 7.12355e-09  3.54644e-21 -2.33171e-07 -4.13293e-20  2.88917e-06  2.27272e-19 -2.08244e-05 -7.13254e-19  0.000100012  1.31804e-18 -0.000340302 -1.03109e-18  0.000842947 -1.96342e-18   -0.0015251  9.50124e-18   0.00196857 -2.20537e-17  -0.00168061  3.69411e-17  0.000720075 -4.76678e-17  0.000159406  4.70063e-17 -0.000336203 -3.31024e-17  4.81081e-05  1.26588e-17  0.000106256   3.5061e-18 -2.31085e-05 -9.00634e-18 -3.44583e-05  5.98575e-18  3.29906e-06 -1.16013e-18  1.07308e-05 -1.05067e-18  1.66414e-06  9.12871e-19 -2.40223e-06 -3.32124e-19 -1.24416e-06 -1.27228e-20  1.17287e-07  2.03266e-19  3.37485e-07 -1.52029e-19  1.22111e-07 -3.27413e-20 -1.39831e-08  6.62994e-20 -3.06417e-08  9.82638e-21 -1.25015e-08 -2.06923e-20 -9.80609e-10  -6.1624e-21  1.52003e-09  3.94971e-21  9.24437e-10  3.52495e-21  2.60125e-10 -1.99973e-22  1.26404e-11  -1.0756e-21 -2.47099e-11 -2.42297e-22 -1.36431e-11  1.63735e-22 -4.14716e-12  9.47186e-23  -7.1465e-13  3.38306e-25  1.73261e-14  -1.6622e-23    6.221e-14 -5.49318e-24  2.57833e-14    1.144e-24  6.90599e-15  1.34423e-24  1.33184e-15  3.46812e-25  1.66914e-16 -2.81871e-26  2.07033e-18 -5.55126e-26 -5.80465e-18 -2.77235e-26 -1.97233e-18 -9.19824e-27 -4.33969e-19 -1.84876e-27 -7.40584e-20  -8.4963e-29  -1.0232e-20  4.99793e-29 -1.14095e-21  3.48592e-30  -9.7456e-23 -3.57689e-30 -5.12329e-24 -7.10698e-31  1.10927e-25  6.26602e-32  6.68594e-26  5.12972e-32  9.67066e-27  1.65275e-32  9.52531e-28  4.10254e-33  7.20499e-29  7.03481e-34  4.30177e-30  8.23597e-35    2.019e-31  7.09628e-36  7.26343e-33   4.6434e-37  1.90297e-34   2.1001e-38  3.28862e-36  5.48653e-40  2.98766e-38   5.4676e-42
-8.77046e-22  5.18987e-08  1.90907e-20 -9.91505e-07 -1.55401e-19  9.58724e-06  6.77126e-19 -5.86094e-05 -1.77743e-18  0.000247974  2.83757e-18 -0.000757953 -1.96342e-18   0.00170152 -3.37312e-18  -0.00278951  1.49767e-17   0.00322121 -3.22938e-17  -0.00235068  5.06124e-17  0.000655801 -6.12963e-17  0.000500123  5.67552e-17 -0.000454101 -3.73793e-17 -5.40741e-05  1.29527e-17   0.00016517  4.38438e-18  1.12143e-05 -9.22383e-18 -5.25241e-05  5.43255e-18  -1.0334e-05 -6.55498e-19  1.34996e-05 -9.89417e-19  6.42785e-06  5.93323e-19 -1.66119e-06 -2.30369e-19 -2.24687e-06  5.97998e-20 -4.72356e-07  1.96931e-19  3.22719e-07 -1.91386e-19  2.48831e-07 -4.10028e-20  5.00522e-08  8.62231e-20 -2.42013e-08  1.45494e-20 -2.12504e-08  -2.6307e-20  -6.6497e-09 -9.12689e-21 -1.72402e-11  4.89077e-21  9.78846e-10  4.61654e-21  5.05387e-10 -7.96129e-23  1.33268e-10 -1.28709e-21  7.93129e-12 -3.42449e-22 -1.04076e-11  1.66485e-22  -5.8312e-12  1.11853e-22 -1.82549e-12  4.34536e-24 -3.63723e-13 -1.83199e-23 -2.70718e-14 -6.18723e-24  1.26045e-14  1.52454e-24  6.81896e-15  1.68109e-24  2.01901e-15  4.40708e-25   4.3605e-16 -3.04146e-26   7.0995e-17 -6.95103e-26  7.86342e-18 -3.55461e-26  2.01159e-19 -1.22513e-26 -1.63107e-19 -2.80355e-27 -5.08891e-20 -3.30427e-28 -9.89949e-21 -7.05273e-30 -1.48955e-21 -7.35701e-30 -1.83158e-22 -4.43583e-30 -1.86677e-23 -5.58627e-31 -1.56583e-24  1.01866e-31 -1.04805e-25  5.19205e-32 -5.13993e-27  1.42125e-32 -1.29113e-28  3.07423e-33  5.43928e-30  4.68014e-34  8.79454e-31  4.89832e-35  5.78152e-32  3.72943e-36  2.42993e-33  2.08454e-37  6.68442e-35  7.59054e-39  1.08023e-36  1.38977e-40  6.77578e-39
-6.79881e-09  -6.1863e-21  2.47013e-07  7.96255e-20 -3.39386e-06 -4.92585e-19  2.71311e-05  1.75608e-18 -0.000144752 -3.92245e-18  0.000549027  5.46862e-18   -0.0015251 -3.37312e-18    0.0031268 -5.26169e-18  -0.00466343  2.15482e-17   0.00480672 -4.33167e-17  -0.00292328  6.36194e-17  0.000299339 -7.23308e-17  0.000966107  6.28796e-17 -0.000484144 -3.87571e-17 -0.000233829  1.21448e-17  0.000197833  4.96576e-18  7.58897e-05 -8.78319e-18 -5.86587e-05  4.44456e-18 -3.25558e-05 -7.87068e-21  1.04031e-05 -8.81687e-19  1.21674e-05  2.10931e-19  1.13692e-06 -1.52062e-19 -2.73131e-06  1.79764e-19 -1.38501e-06  1.84976e-19  3.28665e-08 -2.42699e-19  3.19321e-07  -4.7379e-20  1.46429e-07  1.07872e-19  1.05121e-08  1.97239e-20 -2.12992e-08 -3.20496e-20  -1.2732e-08 -1.24084e-20 -3.22954e-09  5.69959e-21  1.91216e-10  5.72648e-21  5.36564e-10  1.26421e-22  2.50571e-10 -1.44411e-21  6.47281e-11 -4.46531e-22  5.67339e-12  1.51054e-22 -3.47208e-12  1.20518e-22 -2.13029e-12   7.0348e-24 -6.97595e-13 -1.93093e-23 -1.55338e-13  -6.1891e-24 -2.10766e-14  2.19545e-24  3.68527e-16  2.08224e-24   1.2267e-15  5.40896e-25  4.37813e-16 -3.32264e-26  1.04501e-16 -8.38111e-26  1.92253e-17 -4.35978e-26   2.7824e-18 -1.55094e-26  2.99961e-19 -3.86655e-27  1.77414e-20 -6.20664e-28 -1.42143e-21 -7.65486e-29 -6.30807e-22 -1.96974e-29 -1.15976e-22 -5.36045e-30 -1.54465e-23 -4.83267e-31 -1.64226e-24  1.07339e-31 -1.43453e-25  4.52614e-32 -1.03488e-26  1.09619e-32 -6.11558e-28   2.0914e-33 -2.90166e-29  2.82365e-34 -1.06674e-30  2.62009e-35 -2.85331e-32    1.737e-36 -4.88878e-34  8.09164e-38 -3.66828e-36  2.25094e-39  1.57474e-38  2.35756e-41
 1.32096e-21  -4.0737e-08 -2.96608e-20  8.82569e-07  2.72914e-19 -9.63663e-06 -1.34548e-18  6.63854e-05  4.01443e-18 -0.000316531  -7.7331e-18   0.00109315  9.50124e-18  -0.00278951 -5.26169e-18   0.00526076 -7.49954e-18  -0.00716112  2.84726e-17   0.00655761 -5.35052e-17   -0.0031784  7.36545e-17 -0.000424092 -7.85109e-17   0.00147209  6.40261e-17 -0.000350995 -3.70136e-17 -0.000469489  1.05433e-17  0.000168128   5.1499e-18  0.000162246 -7.92228e-18 -3.95718e-05   3.2654e-18 -5.79145e-05   7.1427e-19 -1.83486e-06 -7.52624e-19  1.61061e-05 -2.10723e-19   6.0124e-06 -9.64228e-20 -1.88089e-06  3.38168e-19 -2.26699e-06  1.67162e-19 -5.76037e-07 -3.02167e-19   2.2594e-07 -5.07877e-20  2.29309e-07  1.29635e-19  7.18602e-08  2.48024e-20 -4.46517e-09 -3.75345e-20 -1.44008e-08 -1.57564e-20 -6.82855e-09  6.27036e-21 -1.48385e-09  6.76103e-21  1.41041e-10  4.32018e-22  2.54335e-10 -1.51201e-21   1.1241e-10 -5.41748e-22  2.93887e-11  1.15205e-22   3.6393e-12  1.16169e-22 -7.92219e-13  6.42161e-24 -6.38189e-13 -1.97667e-23 -2.23915e-13  -5.3342e-24 -5.43532e-14  3.21763e-24 -9.42032e-15  2.55482e-24 -9.29798e-16  6.49107e-25  7.24622e-17 -3.40726e-26  6.06967e-17 -9.68147e-26  1.72951e-17 -5.11956e-26  3.50441e-18 -1.86594e-26  5.63128e-19 -4.90691e-27  7.36148e-20 -9.12115e-28  7.72259e-21 -1.46378e-28  6.05316e-22 -3.11982e-29  2.54705e-23 -6.14596e-30  -1.6452e-24 -4.75123e-31 -4.96769e-25  8.67221e-32 -6.34423e-26  3.44023e-32 -5.74415e-27  7.58346e-33 -4.01684e-28  1.28837e-33 -2.20594e-29  1.53975e-34 -9.40238e-31  1.25441e-35 -3.00303e-32  7.11032e-37 -6.71149e-34  2.66718e-38 -9.11072e-36  5.17602e-40  -4.8635e-38
 3.55642e-09  7.90389e-21 -1.54303e-07 -1.11434e-19  2.48681e-06  7.93974e-19 -2.30525e-05 -3.21665e-18  0.000141639  8.16989e-18  -0.00061678 -1.37214e-17   0.00196857  1.49767e-17  -0.00466343 -7.49954e-18   0.00814628 -9.83292e-18   -0.0101472   3.4782e-17    0.0081897 -6.11965e-17  -0.00289648  7.88105e-17  -0.00150068 -7.84751e-17   0.00187688  5.99094e-17  -5.3481e-06 -3.26831e-17 -0.000703726  8.68841e-18  4.76881e-05  4.93563e-18   0.00024583 -6.98682e-18  1.34215e-05  2.14498e-18 -7.56608e-05   1.4653e-18 -2.34871e-05 -6.36575e-19   1.4592e-05 -6.49454e-19  1.16913e-05 -5.26265e-20  8.48897e-07   5.1901e-19 -2.51797e-06  1.41317e-19 -1.35433e-06 -3.63655e-19 -1.01309e-07 -4.98229e-20  2.27457e-07  1.49766e-19  1.35911e-07  2.90925e-20  3.00627e-08 -4.24267e-20 -6.80821e-09 -1.89442e-20  -8.2221e-09  6.50512e-21 -3.34963e-09  7.63861e-21 -6.66366e-10  8.52017e-22  6.06952e-11 -1.45819e-21  1.03896e-10 -6.13675e-22  4.50992e-11  5.90264e-23  1.21632e-11  9.52574e-23   1.9369e-12  6.17271e-25 -3.44441e-14 -2.00513e-23 -1.44198e-13 -3.62944e-24 -5.76724e-14  4.57555e-24 -1.51496e-14  3.08705e-24 -2.98553e-15  7.65253e-25 -4.35851e-16 -2.99516e-26 -3.80195e-17 -1.06678e-25  1.82013e-18  -5.7483e-26  1.59251e-18 -2.12966e-26   3.9881e-19 -5.76733e-27  7.04204e-20 -1.15547e-27  9.89762e-21 -2.03794e-28  1.14683e-21 -3.96547e-29  1.10223e-22  -6.5748e-30  8.67369e-24 -4.96685e-31  5.37216e-25  5.39534e-32  2.34431e-26  2.28221e-32  3.99519e-28  4.69527e-33 -3.82128e-29  7.16052e-34 -4.31074e-30  7.55294e-35 -2.41111e-31  5.33805e-36 -8.62297e-33  2.52586e-37 -1.92648e-34  7.24129e-39 -2.20691e-36  8.00831e-41
-1.63665e-21  1.44489e-08  3.25015e-20  -4.1133e-07 -3.47319e-19  5.59952e-06  2.00166e-18  -4.6669e-05 -6.81021e-18  0.000264495  1.49224e-17  -0.00107539 -2.20537e-17   0.00322121  2.15482e-17  -0.00716112 -9.83292e-18    0.0116684 -1.19514e-17   -0.0133264  3.95846e-17   0.00935838 -6.52037e-17  -0.00193412  7.81764e-17  -0.00280506 -7.21677e-17    0.0020189  5.13504e-17  0.000546775 -2.68435e-17  -0.00085441  7.17366e-18 -0.000168087  4.41063e-18    0.0002911 -6.31344e-18  9.78782e-05  1.27163e-18 -7.27825e-05  2.21944e-18 -5.00973e-05 -5.66716e-19  4.74038e-06 -1.08193e-18  1.56403e-05  -4.6658e-21  5.22303e-06  7.01725e-19 -1.53918e-06  1.04063e-19 -1.94144e-06 -4.19922e-19 -6.20565e-07 -4.30174e-20  8.10518e-08   1.6678e-19   1.6052e-07  3.19576e-20  7.03194e-08 -4.65265e-20  1.09457e-08 -2.18532e-20 -4.87837e-09  6.30994e-21 -4.11042e-09   8.3048e-21 -1.51928e-09   1.4046e-21 -2.96717e-10 -1.25522e-21  1.38865e-11 -6.47976e-22  3.58085e-11 -1.46394e-23  1.58471e-11  5.62462e-23  4.45003e-12 -1.16145e-23  8.40041e-13 -2.05965e-23  7.22524e-14 -1.27134e-24  -1.8721e-14  6.15999e-24 -1.09782e-14  3.64063e-24 -3.21819e-15  8.84048e-25 -6.91586e-16 -1.89444e-26 -1.16676e-16 -1.11804e-25 -1.53075e-17 -6.15825e-26 -1.39696e-18 -2.30085e-26 -3.50171e-20 -6.30274e-27  1.77384e-20 -1.30896e-27  4.62837e-21 -2.39054e-28  7.35463e-22 -4.36501e-29  8.95274e-23  -6.5065e-30  8.84046e-24 -5.06458e-31  7.19975e-25  2.23397e-32  4.83188e-26  1.30875e-32  2.63847e-27  2.58891e-33  1.14327e-28  3.57189e-34  3.76587e-30  3.31111e-35  8.73751e-32  1.99901e-36  1.21727e-33  7.63641e-38  5.87769e-36  1.52863e-39 -3.29574e-38
-7.27335e-11 -7.57325e-21  2.55205e-08  1.06064e-19 -7.41924e-07 -9.26005e-19  9.86063e-06  4.43706e-18 -7.92722e-05  -1.2887e-17  0.000431503  2.46281e-17  -0.00168061 -3.22938e-17   0.00480672  2.84726e-17   -0.0101472 -1.19514e-17    0.0155367 -1.35914e-17   -0.0162916   4.2354e-17   0.00975129  -6.5175e-17 -0.000286029  7.20971e-17  -0.00411725  -6.0794e-17   0.00176781   3.9929e-17   0.00123141 -2.07314e-17  -0.00083917  6.46472e-18 -0.000450391  3.70548e-18  0.000262838 -6.12341e-18  0.000197051  7.41258e-19 -3.93205e-05  2.95283e-18 -7.26484e-05 -5.66957e-19 -1.36747e-05 -1.48043e-18  1.48663e-05  6.32677e-20  9.96736e-06  8.64149e-19  8.98732e-07  5.21662e-20 -1.88259e-06 -4.64048e-19 -1.14433e-06 -2.92168e-20 -2.10425e-07  1.79807e-19  1.05435e-07  3.30277e-20  9.33151e-08 -4.98179e-20  3.29278e-08 -2.45392e-20  3.63726e-09  5.58494e-21 -2.60526e-09  8.73755e-21 -1.82329e-09  2.10983e-21 -6.37173e-10 -8.84329e-22  -1.2896e-10  -6.3201e-22 -2.46728e-12 -9.98674e-23  9.91112e-12  4.87888e-25  4.72522e-12 -3.03403e-23  1.39168e-12 -2.17505e-23  2.94025e-13  1.39495e-24  4.16713e-14  7.77956e-24  1.61034e-15  4.15202e-24 -1.20788e-15  9.93475e-25 -4.74894e-16 -1.41519e-27 -1.13459e-16  -1.1131e-25 -2.07557e-17 -6.28127e-26 -3.06899e-18 -2.34858e-26 -3.68672e-19  -6.4209e-27 -3.47438e-20 -1.34984e-27 -2.24223e-21 -2.47973e-28 -2.79817e-23 -4.29141e-29  1.71447e-23 -5.93409e-30  3.00501e-24 -4.79021e-31  3.24306e-25 -6.76487e-35  2.62057e-26  6.31531e-33    1.655e-27  1.26001e-33  8.17916e-29  1.58767e-34  3.09206e-30  1.28577e-35  8.51343e-32  6.49402e-37  1.55058e-33  1.90314e-38  1.48708e-35  2.17463e-40
 2.09975e-21   4.8015e-09 -2.31732e-20 -3.47707e-08  2.90876e-19 -5.68467e-07 -2.15263e-18  1.22109e-05  8.74267e-18 -0.000109199 -2.19591e-17  0.000608481  3.69411e-17  -0.00235068 -4.33167e-17   0.00655761   3.4782e-17   -0.0133264 -1.35914e-17    0.0193299 -1.46226e-17   -0.0186225  4.30574e-17    0.0091825 -6.16381e-17   0.00189582  6.20155e-17  -0.00517672 -4.63821e-17   0.00107118  2.74406e-17    0.0019186 -1.53597e-17 -0.000604413  6.78096e-18 -0.000739394  2.93637e-18  0.000140097 -6.46282e-18  0.000282388  5.63887e-19  2.62185e-05  3.62585e-18 -8.00595e-05 -6.48517e-19 -3.70607e-05 -1.81241e-18  7.26553e-06  1.62159e-19  1.30038e-05  9.85643e-19  4.35724e-06  -1.6017e-20 -8.55538e-07 -4.90652e-19 -1.38644e-06 -7.85543e-21 -5.59095e-07  1.88822e-19  -3.9627e-08  3.23468e-20    7.576e-08 -5.24765e-20  4.73857e-08 -2.72558e-20  1.43532e-08  4.21663e-21  1.24073e-09  8.94066e-21 -1.12331e-09  2.98194e-21 -7.16844e-10 -3.39872e-22 -2.44378e-10 -5.56366e-22 -5.26403e-11 -1.87628e-22  -4.4139e-12 -6.73094e-23  1.93559e-12 -5.41342e-23  1.13726e-12 -2.36101e-23  3.57834e-13  3.96667e-24  8.17669e-14  9.20089e-24  1.40833e-14  4.54441e-24   1.6634e-15  1.07653e-24  5.38886e-17  1.97938e-26 -3.47218e-17 -1.05286e-25  -1.1651e-17   -6.089e-26 -2.38835e-18 -2.26187e-26 -3.77088e-19 -6.10909e-27 -4.86106e-20 -1.27973e-27 -5.20008e-21 -2.32509e-28 -4.59586e-22 -3.82658e-29 -3.27332e-23 -4.98118e-30 -1.75903e-24 -4.12062e-31 -5.68269e-26 -1.13829e-32  6.68146e-28  2.38635e-33  2.34875e-28  5.32904e-34  1.74136e-29  6.22401e-35   7.8214e-31  4.36859e-36  2.26446e-32  1.79143e-37  3.82928e-34  3.68534e-39  2.49629e-36
-1.02707e-09  7.04846e-21  3.55378e-08  -5.3694e-20 -4.00146e-07  6.90487e-19  1.72924e-06 -4.42077e-18  4.84733e-06  1.54427e-17 -0.000108753 -3.39025e-17  0.000720075  5.06124e-17  -0.00292328 -5.35052e-17    0.0081897  3.95846e-17   -0.0162916 -1.46226e-17    0.0225946 -1.50654e-17   -0.0199981  4.20567e-17   0.00764936  -5.5739e-17   0.00433593  5.00054e-17  -0.00575326 -3.11715e-17 -2.31328e-05  1.53989e-17   0.00245547  -1.1282e-17 -0.000146834  8.06379e-18 -0.000958813  2.16412e-18 -7.32322e-05 -7.20324e-18  0.000321445  6.92249e-19  0.000113912   4.1784e-18 -6.32755e-05 -8.09793e-19 -5.83596e-05  -2.0444e-18 -7.05751e-06  2.94757e-19  1.21942e-05  1.04979e-18  7.70039e-06 -9.96419e-20  1.09646e-06 -4.96633e-19 -1.08799e-06  2.10291e-20 -8.05088e-07  1.94752e-19  -2.3583e-07  3.04204e-20  9.29751e-09 -5.48352e-20  4.23781e-08  -3.0424e-20  2.16221e-08  2.08063e-21  5.94243e-09  8.92694e-21  5.05915e-10   4.0155e-21 -3.93074e-10  3.65324e-22 -2.46501e-10 -4.16522e-22 -8.39535e-11 -2.66418e-22 -1.93091e-11 -1.39309e-22 -2.60332e-12 -8.00917e-23  1.24291e-13 -2.59129e-23  1.99788e-13  6.09436e-24  7.16074e-14  1.02065e-23  1.75595e-14  4.74749e-24  3.33186e-15  1.11602e-24  4.96467e-16  4.03143e-26  5.45855e-17 -9.47306e-26  3.10114e-18 -5.60286e-26 -3.48807e-19 -2.05357e-26 -1.41334e-19 -5.43588e-27 -2.63648e-20 -1.12206e-27 -3.60684e-21 -1.99363e-28 -3.95403e-22 -3.12116e-29 -3.56765e-23 -3.84739e-30 -2.66183e-24  -3.2067e-31 -1.62911e-25 -1.39863e-32 -8.02238e-27  5.29736e-34 -3.07296e-28  1.90178e-34 -8.63771e-30  2.11967e-35 -1.59258e-31  1.27617e-36 -1.43656e-33  4.05552e-38  1.43477e-36  4.79769e-40
-3.47156e-21 -6.00009e-09  1.14088e-20  1.41198e-07 -9.81497e-20 -1.52918e-06  1.44328e-18  9.02281e-06 -8.09833e-18 -2.51254e-05  2.46205e-17 -3.47646e-05 -4.76678e-17  0.000655801  6.36194e-17   -0.0031784 -6.11965e-17   0.00935838   4.2354e-17   -0.0186225 -1.50654e-17    0.0249635 -1.50257e-17   -0.0202794  3.98452e-17   0.00532923 -4.88279e-17   0.00670806  3.82047e-17  -0.00570667 -1.70744e-17  -0.00137739  4.76815e-18   0.00270739 -8.55661e-18  0.000481101  1.00192e-17  -0.00103737  1.38521e-18  -0.00034575 -8.09489e-18  0.000288399  1.05313e-18  0.000203545  4.54172e-18 -1.93322e-05 -1.03642e-18 -6.90322e-05 -2.14881e-18 -2.51723e-05  4.53647e-19  6.32366e-06  1.04589e-18  9.42274e-06 -1.95515e-19  3.45942e-06 -4.81389e-19 -1.69193e-07  5.70657e-20 -7.82339e-07  1.99449e-19 -4.00698e-07  2.81664e-20 -8.89138e-08 -5.73088e-20  1.34473e-08 -3.45431e-20  1.99974e-08 -9.40634e-22  8.97615e-09  8.69676e-21  2.35169e-09  5.16945e-21  2.43363e-10  1.19493e-21 -1.06258e-10 -2.14752e-22 -7.21783e-11 -3.23841e-22 -2.51003e-11 -2.05639e-22 -6.11414e-12 -1.04257e-22  -1.0396e-12 -2.80434e-23 -8.48237e-14  7.57216e-24  1.76982e-14  1.06507e-23   9.9984e-15  4.71814e-24  2.75432e-15  1.10048e-24  5.60146e-16  5.58772e-26  9.11798e-17 -8.12269e-26   1.2075e-17 -4.88972e-26  1.27275e-18 -1.75684e-26  9.72385e-20 -4.52828e-27  3.18944e-21 -9.13292e-28 -4.87808e-22  -1.5737e-28 -1.14714e-22  -2.3403e-29 -1.42816e-23 -2.73442e-30 -1.30044e-24 -2.25719e-31  -9.2391e-26 -1.17567e-32  -5.1779e-27 -1.23787e-34 -2.25742e-28  5.36107e-35 -7.38549e-30  6.12478e-36 -1.69242e-31  3.12241e-37 -2.35512e-33  7.08068e-39 -1.28647e-35
 2.80816e-10 -1.10603e-20 -1.83542e-08 -5.17621e-21  3.72596e-07 -1.40081e-19 -3.90451e-06  2.68512e-18  2.44008e-05 -1.33324e-17 -9.17187e-05  3.56271e-17  0.000159406 -6.12963e-17  0.000299339  7.36545e-17  -0.00289648 -6.52037e-17   0.00975129  4.30574e-17   -0.0199981 -1.50257e-17    0.0262474 -1.45827e-17   -0.0195312  3.67724e-17   0.00252123 -4.20785e-17   0.00871704  2.83405e-17  -0.00501463 -5.36864e-18  -0.00280058 -4.03765e-18   0.00259205 -6.87095e-18   0.00118304   1.2206e-17 -0.000929131  5.52745e-19 -0.000624924  -8.8501e-18  0.000173211  1.56779e-18  0.000269683  4.66088e-18   4.6325e-05 -1.29956e-18 -6.20262e-05 -2.10998e-18  -4.1816e-05  6.21342e-19 -4.11349e-06  9.68831e-19  8.24361e-06 -2.99408e-19  5.36024e-06 -4.46644e-19  1.17411e-06  9.99431e-20 -4.07084e-07  2.05532e-19  -4.4157e-07  2.68014e-20 -1.78605e-07 -6.02784e-20 -3.14126e-08 -4.00582e-20  7.77222e-09 -4.92615e-21  8.16772e-09   8.2199e-21  3.39004e-09  6.35525e-21  8.79461e-10  2.08658e-21  1.16793e-10  3.80331e-23 -1.82909e-11 -3.49107e-22  -1.7149e-11  -2.5626e-22 -6.28974e-12 -1.22428e-22 -1.61064e-12 -2.91798e-23 -3.10013e-13  8.37397e-24  -4.2394e-14  1.04944e-23 -2.55555e-15  4.45392e-24  6.31388e-16  1.02857e-24  2.73814e-16  6.38122e-26  6.30559e-17 -6.65063e-26  1.09106e-17 -4.04515e-26  1.53022e-18 -1.41591e-26  1.77893e-19 -3.53426e-27  1.71328e-20 -6.91738e-28  1.33949e-21 -1.14817e-28  8.04063e-23 -1.61782e-29  3.09707e-24 -1.78815e-30 -2.71043e-27 -1.43866e-31 -1.15655e-26 -8.00411e-33 -1.03645e-27 -2.30492e-34 -5.52223e-29  9.57606e-36 -1.95461e-30  1.44119e-36 -4.38377e-32  6.13367e-38 -5.06892e-34  8.21263e-40
 6.16369e-21  -1.4376e-10 -1.74583e-20 -2.56389e-08 -9.56106e-20  6.49071e-07 -1.39718e-19 -7.29183e-06  4.47838e-18  4.81379e-05 -1.98442e-17  -0.00020052  4.70063e-17  0.000500123 -7.23308e-17 -0.000424092  7.88105e-17  -0.00193412  -6.5175e-17    0.0091825  4.20567e-17   -0.0202794 -1.45827e-17    0.0264657 -1.36944e-17   -0.0179797  3.29024e-17 -0.000439634 -3.62634e-17    0.0101599  2.14466e-17  -0.00376376   3.3501e-18  -0.00409547 -1.09709e-17   0.00209584 -5.73877e-18   0.00184234  1.41428e-17 -0.000625957 -3.87265e-19 -0.000849998 -9.23042e-18 -1.38522e-05  2.15702e-18  0.000288944  4.51666e-18  0.000120299 -1.55334e-18 -3.46041e-05 -1.92608e-18 -5.09322e-05  7.73048e-19 -1.67225e-05  8.17661e-19  3.72477e-06 -4.08134e-19  5.88101e-06 -3.96161e-19  2.49423e-06  1.49662e-19  2.56908e-07  2.16068e-19 -3.03242e-07  2.76894e-20 -2.13309e-07 -6.39472e-20 -7.34082e-08 -4.72053e-20 -1.11092e-08 -9.87618e-21  3.14177e-09  7.42949e-21  2.89211e-09  7.43647e-21  1.15161e-09  2.95448e-21   3.0263e-10   3.2126e-22  4.93858e-11 -3.35918e-22  4.50421e-13 -2.83231e-22 -2.97857e-12 -1.31158e-22 -1.25081e-12 -2.85509e-23 -3.38889e-13  8.62429e-24 -7.00691e-14  9.80719e-24 -1.13605e-14  3.99392e-24 -1.37564e-15  9.09947e-25 -9.41196e-17   6.3756e-26  6.88432e-18 -5.20772e-26  3.72332e-18 -3.17075e-26  7.70686e-19 -1.07489e-26  1.14788e-19 -2.58574e-27  1.36478e-20 -4.88268e-28  1.33667e-21 -7.76101e-29   1.0863e-22 -1.03266e-29   7.2837e-24  -1.0755e-30  3.96292e-25 -8.30957e-32  1.69777e-26 -4.64696e-33  5.43422e-28  -1.6469e-34  1.17294e-29 -5.81381e-37  1.29216e-31  2.53424e-37  -2.7418e-34  8.95113e-39 -1.42195e-35
