 2.39748e-07  -8.1537e-23 -3.55314e-06  1.33264e-21   1.9388e-05  -3.7042e-21 -5.90331e-05  -4.1688e-22  0.000112402  1.39365e-20 -0.000136812 -2.03226e-20  0.000100135  9.52201e-21 -3.18522e-05  3.77824e-21  -9.6256e-06 -6.22359e-21  1.12464e-05  2.32348e-21 -2.28521e-06
 -8.1537e-23  5.14599e-06  -8.3197e-22 -4.19289e-05  5.03986e-21  0.000167071  1.02193e-20 -0.000399559 -8.28059e-20  0.000609677  1.64436e-19 -0.000585003 -1.54901e-19  0.000307741  6.75705e-20 -2.67097e-05 -6.14354e-22 -6.33706e-05 -1.09887e-20   2.8988e-05  2.59042e-21
-3.55314e-06  -8.3197e-22  5.27024e-05  -2.3491e-21 -0.000287836 -2.03515e-20  0.000877403  2.02718e-19  -0.00167341  -5.4736e-19   0.00204305  7.20018e-19  -0.00150635 -5.17302e-19  0.000494981  1.86571e-19  0.000126726 -1.08102e-20 -0.000160118 -1.14692e-20   3.2829e-05
 1.33264e-21 -4.19289e-05  -2.3491e-21  0.000341963  1.13737e-20  -0.00136448 -2.55384e-19    0.0032705  1.03319e-18  -0.00501095 -1.86199e-18   0.00485158  1.83489e-18  -0.00262227 -1.02868e-18  0.000321872  2.87267e-19  0.000457546 -1.03712e-20 -0.000219572 -7.59083e-21
  1.9388e-05  5.03986e-21 -0.000287836  1.13737e-20   0.00157432  1.20991e-19  -0.00481108 -1.13693e-18   0.00921914  3.04666e-18    -0.011365 -4.06407e-18    0.0085833  3.08769e-18  -0.00311357 -1.33209e-18 -0.000389214  2.60598e-19  0.000747542  3.98019e-21 -0.000159447
 -3.7042e-21  0.000167071 -2.03515e-20  -0.00136448  1.20991e-19   0.00545872  5.08619e-19   -0.0131496 -3.09229e-18    0.0203495  6.03144e-18   -0.0201437 -6.12911e-18    0.0116015  3.57589e-18  -0.00235807 -1.12561e-18  -0.00121033  1.17749e-19  0.000702047  1.20436e-20
-5.90331e-05  1.02193e-20  0.000877403 -2.55384e-19  -0.00481108  5.08619e-19    0.0147777  1.32903e-18   -0.0286052 -5.76593e-18    0.0360125  8.42633e-18   -0.0285948 -6.50113e-18    0.0123382  2.79631e-18 -0.000932421 -5.44841e-19  -0.00138983 -1.02825e-20  0.000347586
 -4.1688e-22 -0.000399559  2.02718e-19    0.0032705 -1.13693e-18   -0.0131496  1.32903e-18     0.031999  2.41569e-18   -0.0505403 -7.67127e-18    0.0522624  8.35187e-18   -0.0336448  -4.6939e-18    0.0111912  1.28527e-18 -0.000279007 -3.39397e-20 -0.000784191 -3.84821e-20
 0.000112402 -8.28059e-20  -0.00167341  1.03319e-18   0.00921914 -3.09229e-18   -0.0286052  2.41569e-18    0.0565011  3.12827e-18   -0.0740797 -7.23155e-18    0.0642283  5.56209e-18   -0.0349571   -1.921e-18    0.0103059   5.8779e-20 -0.000928559  1.43485e-19 -0.000106058
 1.39365e-20  0.000609677  -5.4736e-19  -0.00501095  3.04666e-18    0.0203495 -5.76593e-18   -0.0505403  3.12827e-18    0.0830565  2.87644e-18   -0.0928494 -4.51208e-18     0.070372  1.93407e-18   -0.0350512  1.03886e-19    0.0107153 -3.80303e-19  -0.00170474   8.8183e-20
-0.000136812  1.64436e-19   0.00204305 -1.86199e-18    -0.011365  6.03144e-18    0.0360125 -7.67127e-18   -0.0740797  2.87644e-18     0.104702   1.7262e-18    -0.104147 -1.29455e-18    0.0730943 -4.55788e-19   -0.0353141  7.47898e-19    0.0106793 -2.80011e-19  -0.00135543
-2.03226e-20 -0.000585003  7.20018e-19   0.00485158 -4.06407e-18   -0.0201437  8.42633e-18    0.0522624 -7.23155e-18   -0.0928494   1.7262e-18     0.118248  4.30183e-19    -0.109987  6.36543e-19    0.0737924 -1.06024e-18   -0.0332887  5.39074e-19   0.00812515 -9.10525e-20
 0.000100135 -1.54901e-19  -0.00150635  1.83489e-18    0.0085833 -6.12911e-18   -0.0285948  8.35187e-18    0.0642283 -4.51208e-18    -0.104147  4.30183e-19     0.125506 -3.10241e-19    -0.111543  9.92601e-19    0.0691537 -6.93297e-19   -0.0259878  2.02554e-19   0.00381804
 9.52201e-21  0.000307741 -5.17302e-19  -0.00262227  3.08769e-18    0.0116015 -6.50113e-18   -0.0336448  5.56209e-18     0.070372 -1.29455e-18    -0.109987 -3.10241e-19     0.127514 -4.11542e-19    -0.104737  5.92813e-19    0.0552948 -2.56478e-19   -0.0149362  3.84879e-20
-3.18522e-05  6.75705e-20  0.000494981 -1.02868e-18  -0.00311357  3.57589e-18    0.0123382  -4.6939e-18   -0.0349571  1.93407e-18    0.0730943  6.36543e-19    -0.111543 -4.11542e-19     0.119879 -2.32132e-19   -0.0849925  1.96498e-19    0.0347107 -4.91861e-20  -0.00532899
 3.77824e-21 -2.67097e-05  1.86571e-19  0.000321872 -1.33209e-18  -0.00235807  2.79631e-18    0.0111912   -1.921e-18   -0.0350512 -4.55788e-19    0.0737924  9.92601e-19    -0.104737 -2.32132e-19    0.0977579 -7.13657e-20   -0.0556381  2.91048e-20    0.0156482 -1.68974e-21
 -9.6256e-06 -6.14354e-22  0.000126726  2.87267e-19 -0.000389214 -1.12561e-18 -0.000932421  1.28527e-18    0.0103059  1.03886e-19   -0.0353141 -1.06024e-18    0.0691537  5.92813e-19   -0.0849925 -7.13657e-20    0.0648098 -5.00146e-21   -0.0275078 -5.01526e-21   0.00430363
-6.22359e-21 -6.33706e-05 -1.08102e-20  0.000457546  2.60598e-19  -0.00121033 -5.44841e-19 -0.000279007   5.8779e-20    0.0107153  7.47898e-19   -0.0332887 -6.93297e-19    0.0552948  1.96498e-19   -0.0556381 -5.00146e-21    0.0328909  3.46144e-21  -0.00942801 -2.69491e-21
 1.12464e-05  -1.0991e-20 -0.000160118 -1.03713e-20  0.000747542  1.17808e-19  -0.00138983 -3.38792e-20 -0.000928559 -3.80206e-19    0.0106793  5.39118e-19   -0.0259878 -2.57418e-19    0.0347107  2.88704e-20   -0.0275078  4.07576e-21    0.0118996   2.0711e-21  -0.00187909
 2.32333e-21   2.8988e-05 -1.14679e-20 -0.000219572  3.98864e-21  0.000702047  -1.0261e-20 -0.000784191  1.43486e-19  -0.00170474  -2.7994e-19   0.00812515  2.02167e-19   -0.0149362 -4.95218e-20    0.0156482 -5.30274e-21  -0.00942801   2.0711e-21   0.00272821   3.3525e-22
-2.28521e-06  2.59044e-21   3.2829e-05 -7.59025e-21 -0.000159447  1.20437e-20  0.000347586 -3.84799e-20 -0.000106058  8.81749e-20  -0.00135543  -9.1041e-20   0.00381804   3.8506e-20  -0.00532899 -1.68375e-21   0.00430363 -2.69908e-21  -0.00187909  3.36021e-22  0.000298184
