 1.77745e-23   1.0344e-35 -9.09862e-22 -4.73086e-35  1.80932e-20  1.04028e-33 -2.15842e-19 -1.44727e-32   1.7811e-18  1.31541e-31 -1.09104e-17 -8.78959e-31  5.16773e-17  4.48514e-30 -1.94042e-16 -1.75782e-29  5.86331e-16  5.08573e-29 -1.43671e-15 -8.91625e-29  2.85809e-15 -4.97662e-29 -4.58855e-15  1.12255e-27  5.85155e-15 -5.26535e-27 -5.73184e-15  1.69886e-26   3.9966e-15 -4.33995e-26 -1.55262e-15  9.20335e-26 -2.03454e-16 -1.65368e-25  6.26117e-16  2.54003e-25 -2.39441e-16  -3.3411e-25 -9.73479e-17  3.74819e-25  9.75882e-17 -3.54814e-25  6.63786e-18  2.77949e-25 -2.69168e-17 -1.74752e-25  2.83125e-19  8.58267e-26  6.55317e-18 -3.81897e-26   1.6032e-19   3.2105e-26 -1.43693e-18 -4.70965e-26 -2.06026e-19  5.98268e-26  2.54439e-19 -5.86204e-26  8.63967e-20  4.55228e-26 -2.68272e-20  -2.8845e-26 -2.08852e-20   1.5198e-26 -1.16415e-21 -6.67058e-27  2.76716e-21  2.33269e-27   9.6314e-22 -5.24493e-28   -6.611e-23  -3.0776e-29 -1.35794e-22  9.38127e-29 -3.56991e-23 -4.31341e-29  2.42972e-24  8.74436e-30  4.14199e-24  1.54076e-31   1.1284e-24 -4.22293e-31  3.69399e-26  9.39148e-32 -6.87029e-26 -4.12529e-32 -2.37929e-26  1.15471e-32 -3.27636e-27  3.75852e-33  2.58247e-28 -1.47898e-33  2.24068e-28 -7.82843e-34  5.12446e-29  4.41948e-34  5.56782e-30 -5.64702e-35 -1.77025e-31 -2.16531e-37 -1.87982e-31 -7.87551e-37 -3.75066e-32 -1.69632e-37 -4.17335e-33  1.33747e-37 -2.08265e-34  2.05842e-38  1.63388e-35 -8.10401e-39  4.58402e-36 -9.22249e-40  4.98071e-37  2.55477e-40  3.27347e-38  8.87723e-42  1.22418e-39 -4.76385e-43  8.00184e-42 -2.99192e-43 -1.38282e-42  -5.7936e-45 -6.25721e-44  6.44115e-46 -1.21355e-45  1.07879e-47
  1.0344e-35  1.30769e-21  6.65709e-35 -3.80354e-20 -1.52549e-33  5.75933e-19  2.91365e-32 -5.70062e-18 -3.36839e-31  4.06653e-17   2.7289e-30 -2.20461e-16 -1.66898e-29  9.37744e-16   7.9798e-29 -3.19154e-15  -3.0145e-28   8.7898e-15  8.84663e-28 -1.96801e-14 -1.86009e-27  3.57547e-14  1.78357e-27 -5.21985e-14  5.82825e-27  5.99048e-14 -3.89191e-26 -5.15889e-14  1.33441e-25  2.96755e-14 -3.41572e-25 -6.63198e-15  7.10391e-25 -5.39284e-15 -1.23915e-24  5.12006e-15  1.83666e-24 -5.94086e-16  -2.3207e-24 -1.32332e-15  2.48848e-24   5.1193e-16 -2.23382e-24  2.71431e-16  1.63117e-24 -1.65376e-16 -9.11596e-25 -5.99726e-17  3.34004e-25   3.9571e-17 -4.23255e-26  1.58229e-17  1.08024e-26 -7.11792e-18 -1.03928e-25 -4.23139e-18  1.87146e-25  6.85512e-19 -2.00252e-25  9.20681e-19  1.56487e-25  8.62649e-20 -9.66716e-26 -1.30349e-19  4.93995e-26  -4.7976e-20 -2.13845e-26  5.33609e-21  7.59643e-27  8.05511e-21 -1.79094e-27  1.79184e-21 -6.73146e-29 -3.77158e-22  2.91075e-28 -3.13566e-22 -1.23357e-28 -6.36897e-23  1.75068e-29  7.95278e-24  2.85464e-30  7.86962e-24 -7.49857e-31  1.91645e-24 -2.81052e-32     6.51e-26 -1.60908e-31 -9.82175e-26  6.93262e-32 -3.32244e-26  1.06017e-32 -4.88101e-27 -4.70102e-33  7.00452e-29 -3.44296e-33  2.05457e-28   1.6513e-33  5.05891e-29 -1.75661e-34  6.44087e-30   2.8691e-37  2.37109e-31 -4.35073e-36  -8.2262e-32 -8.16212e-37 -2.03242e-32  5.26528e-37 -2.51835e-33  8.00622e-38 -1.83015e-34 -2.91175e-38 -4.45799e-36 -2.75047e-39  6.54621e-37  7.70506e-40  9.36611e-38  2.67206e-41  6.26516e-39 -2.31744e-42  2.40476e-40 -6.68796e-43  5.23541e-42 -6.58823e-45  2.77393e-44  8.27454e-46 -4.81651e-46
-9.09862e-22  6.65709e-35  4.73634e-20  8.09269e-34  -9.5853e-19  -3.1362e-32   1.1647e-17  5.03702e-31 -9.79851e-17 -5.07254e-30  6.12575e-16  3.69294e-29 -2.96467e-15 -2.07312e-28    1.139e-14  9.26472e-28 -3.52721e-14  -3.3366e-27  8.87526e-14  9.61643e-27 -1.81769e-13  -2.1275e-26  3.01474e-13  3.06965e-26 -3.99211e-13   5.1957e-28  4.09601e-13 -1.76566e-25 -3.04822e-13  6.94806e-25  1.35439e-13 -1.81665e-24  9.42562e-16  3.73315e-24 -4.54346e-14 -6.34481e-24  2.28314e-14  9.09551e-24  4.75102e-15 -1.10604e-23 -8.22767e-15  1.13616e-23  5.25488e-16 -9.70614e-24  2.15896e-15   6.6504e-24 -3.27683e-16  -3.3377e-24 -5.27956e-16  8.59943e-25  6.58788e-17  3.00364e-25   1.2402e-16 -3.75381e-25 -4.21197e-19 -2.67648e-26 -2.53609e-17  3.77498e-25 -4.48575e-18 -4.70469e-25  3.68955e-18  3.69912e-25   1.6317e-18 -2.20004e-25 -1.80405e-19   1.0801e-25 -2.96268e-19  -4.6547e-26 -5.97399e-20  1.72907e-26   2.1162e-20 -4.38214e-27  1.38761e-20 -9.25328e-29  1.99168e-21  6.58948e-28 -8.13767e-22 -2.43608e-28 -4.55299e-22  1.08681e-29 -7.57793e-23  1.17914e-29  1.21786e-23  6.67509e-31  9.41291e-24  -1.0137e-30   2.1493e-24 -4.80783e-31  1.02128e-25  2.39281e-31 -8.31013e-26  2.47588e-32  -2.8762e-26 -9.41604e-33 -4.54784e-27 -1.10012e-32 -1.67931e-28  4.42516e-33  9.99149e-29 -3.67252e-34  2.82506e-29 -8.01818e-36   4.0114e-30  -1.1289e-35  2.90509e-31 -2.42258e-36 -7.84935e-33  1.25923e-36 -5.05646e-33  2.15893e-37 -7.06509e-34 -6.79016e-38 -5.75697e-35 -5.70699e-39 -2.74987e-36  1.55548e-39 -3.68287e-38  5.50417e-41   4.5986e-39  -5.9141e-42  3.42997e-40  -9.8382e-43   1.1114e-41 -2.85847e-45  1.50427e-43  5.48213e-46
-4.73086e-35 -3.80354e-20  8.09269e-34  1.12588e-18  1.37505e-32  -1.7364e-17 -4.71287e-31  1.75213e-16  6.46765e-30 -1.27546e-15 -5.76013e-29  7.06417e-15  3.79598e-28  -3.0737e-14  -1.9622e-27  1.07171e-13  8.19221e-27 -3.02928e-13 -2.79747e-26  6.97667e-13   7.7974e-26 -1.30766e-12  -1.7315e-25  1.97768e-12  2.81888e-25 -2.36641e-12 -2.20421e-25  2.15017e-12 -4.97012e-25 -1.34501e-12   2.7345e-24  3.94985e-13 -7.52297e-24  1.77626e-13  1.54172e-23 -2.32951e-13 -2.56308e-23  5.26274e-14  3.56077e-23  5.16905e-14 -4.17285e-23 -2.98055e-14   4.1124e-23   -8.597e-15 -3.35162e-23  9.13514e-15  2.16546e-23  1.61596e-15 -9.85301e-24 -2.26325e-15  1.62635e-24 -4.71501e-16  1.90748e-24  4.64863e-16  -1.9318e-24  1.58208e-16   5.6907e-25 -6.79911e-17  5.52533e-25 -4.30787e-17 -8.92816e-25  2.76588e-18  6.99484e-25  7.93691e-18 -3.90338e-25   1.6443e-18  1.80671e-25 -7.17396e-19 -7.91412e-26  -4.3805e-19  3.23191e-26  -4.1028e-20  -9.0437e-27  3.94936e-20 -1.01717e-28  1.71437e-20  1.27919e-27   1.5206e-21 -3.74372e-28  -1.1068e-21 -4.79416e-29 -4.88462e-22  3.18916e-29 -7.12527e-23   7.8785e-30  1.16912e-23 -4.01054e-30  8.14634e-24  -1.2205e-30  1.81242e-24  5.97246e-31  1.23533e-25  6.02836e-32 -4.56311e-26 -1.32544e-32 -1.72674e-26 -2.83025e-32 -2.93357e-27  9.77248e-33 -2.15134e-28 -6.06281e-34   2.3662e-29 -5.51534e-35  9.63861e-30 -1.69898e-35  1.50691e-30 -5.32389e-36  1.36743e-31  2.13715e-36  5.24584e-33  4.55727e-37 -4.58327e-34 -1.18862e-37 -9.47105e-35 -9.37829e-39 -8.15621e-36  2.41307e-39 -4.16509e-37  8.73925e-41 -1.20371e-38 -1.02022e-41 -1.14856e-40 -1.07869e-42  3.61364e-42  1.01242e-45  6.05267e-44
 1.80932e-20 -1.52549e-33  -9.5853e-19  1.37505e-32  1.97578e-17  1.93867e-31 -2.44736e-16 -5.55148e-30  2.10092e-15  6.62311e-29 -1.34166e-14 -5.27217e-28  6.64083e-14   3.1643e-27 -2.61302e-13 -1.51073e-26  8.30122e-13  5.89478e-26 -2.14715e-12  -1.9034e-25  4.53195e-12  5.08895e-25 -7.77316e-12 -1.10953e-24  1.06983e-11  1.87626e-24 -1.15041e-11 -2.04603e-24  9.12697e-12  -3.1909e-25 -4.56937e-12    8.425e-24  4.48753e-13  -2.5654e-23  1.24943e-12  5.30626e-23 -8.16015e-13 -8.66548e-23 -4.31391e-14  1.16876e-22  2.60973e-13 -1.32118e-22 -5.21255e-14  1.25019e-22 -6.36886e-14  -9.7348e-23  2.05439e-14   5.9511e-23  1.53252e-14 -2.47359e-23  -4.8427e-15  2.13549e-24 -3.83123e-15  6.69674e-24   6.7922e-16 -6.14951e-24  8.94985e-16  2.32574e-24  2.03541e-17   6.0309e-25  -1.6312e-16 -1.49657e-24 -4.08301e-17  1.13627e-24  1.67706e-17 -5.65631e-25  1.08598e-17  2.36781e-25  6.67613e-19 -1.10825e-25 -1.26967e-18   5.3941e-26 -4.76007e-19 -1.69465e-26 -2.84323e-21 -1.78783e-28  5.02168e-20  2.28585e-27  1.65784e-20 -4.45624e-28  8.52072e-22 -2.20105e-28 -1.09035e-21  6.71467e-29  -4.1333e-22  2.78699e-29 -5.68244e-23 -1.04141e-29  7.50757e-24 -2.71513e-30  5.33127e-24  1.18351e-30  1.19003e-24  1.49518e-31  1.07578e-25 -1.25147e-32 -1.51725e-26 -6.10658e-32 -7.29675e-27  1.87981e-32 -1.33347e-27 -8.64068e-34  -1.2969e-28 -1.99514e-34 -1.08147e-30  -8.9457e-36  1.87502e-30 -9.27714e-36  3.41384e-31  2.60917e-36  3.42096e-32  7.91213e-37  2.02789e-33 -1.63844e-37  4.09036e-35 -1.27926e-38 -4.43312e-36  3.02587e-39 -4.78424e-37  1.11574e-40 -2.24679e-38 -1.29988e-41 -5.54065e-40 -9.06081e-43 -5.31635e-42  1.67544e-45
 1.04028e-33  5.75933e-19  -3.1362e-32  -1.7364e-17  1.93867e-31  2.72993e-16  2.19671e-30 -2.81071e-15 -5.35543e-29  2.08985e-14  5.63303e-28 -1.18361e-13 -4.04225e-27  5.27328e-13  2.22099e-26 -1.88555e-12 -9.82094e-26  5.47571e-12  3.58424e-25 -1.29861e-11 -1.09283e-24  2.51384e-11  2.78946e-24 -3.94263e-11 -5.90071e-24  4.92289e-11  1.00031e-23 -4.71991e-11 -1.22323e-23   3.1987e-11  5.73921e-24 -1.15631e-11  1.98845e-23 -2.54584e-12 -7.40958e-23   5.4349e-12  1.57188e-22 -1.86023e-12 -2.53332e-22 -9.66097e-13  3.32241e-22  8.47202e-13 -3.62452e-22  9.25472e-14  3.29404e-22 -2.47068e-13 -2.45235e-22 -4.31002e-15  1.42162e-22  6.23525e-14 -5.42744e-23  2.80885e-15  9.79667e-25 -1.40481e-14  1.78486e-23 -2.23787e-15 -1.51945e-23  2.55133e-15  6.00274e-24  9.06933e-16  5.23742e-25 -2.75719e-16 -2.38914e-24  -2.2238e-16  1.66934e-24 -1.27443e-17 -6.71789e-25  3.02932e-17  2.26829e-25  1.06378e-17 -1.30797e-25 -7.75303e-19   8.5422e-26 -1.54644e-18  -2.9937e-26 -4.06051e-19 -5.88004e-28  2.99824e-20  3.87693e-27  4.86462e-20 -3.35199e-28  1.32133e-20 -5.86699e-28  4.02737e-22  1.16389e-28 -8.22764e-22   7.0248e-29 -2.84037e-22 -2.13299e-29 -3.91764e-23 -5.36494e-30  3.02819e-24  1.94628e-30  2.65549e-24  3.44852e-31  6.08977e-25 -4.97167e-33  6.71784e-26 -1.13562e-31  -1.5963e-27  3.24855e-32 -2.09148e-27 -1.15098e-33  -4.2085e-28 -5.22454e-34  -4.7235e-29  3.07364e-35 -2.53775e-30 -1.32715e-35  1.31465e-31  1.91174e-36  4.27986e-32  1.16341e-36  4.64523e-33 -1.78591e-37  2.98887e-34 -1.48018e-38  1.11621e-35  3.13179e-39  1.41919e-37   1.1666e-40 -6.74087e-39 -1.26487e-41 -3.09426e-40 -5.67672e-43 -3.12537e-42
-2.15842e-19  2.91365e-32   1.1647e-17 -4.71287e-31 -2.44736e-16  2.19671e-30  3.09313e-15  2.06142e-29 -2.71197e-14 -4.35921e-28  1.77082e-13  4.08838e-27 -8.97331e-13 -2.66346e-26  3.61991e-12  1.34556e-25 -1.18102e-11 -5.52424e-25  3.14359e-11  1.88743e-24 -6.84577e-11  -5.4303e-24  1.21563e-10  1.31953e-23  -1.7407e-10 -2.68922e-23  1.96299e-10  4.48677e-23 -1.65891e-10 -5.71901e-23  9.25591e-11  4.19929e-23 -1.77132e-11  3.08172e-23 -1.97605e-11 -1.83852e-22  1.70665e-11  4.09097e-22 -1.40458e-12 -6.54008e-22 -4.77602e-12  8.35087e-22  1.70243e-12 -8.79239e-22  1.03546e-12  7.67245e-22 -5.90651e-13 -5.46176e-22 -2.35159e-13  3.00666e-22   1.4802e-13 -1.05847e-22  6.26414e-14 -4.54727e-24 -2.77418e-14  3.96672e-23 -1.70271e-14 -3.15998e-23  2.81701e-15  1.22019e-23  3.81574e-15   5.9817e-25  3.41729e-16 -3.85208e-24  -5.6401e-16  2.32247e-24 -2.04639e-16 -6.15947e-25  2.60622e-17  9.05672e-26  3.61509e-17   -1.309e-25  7.76903e-18  1.33696e-25 -1.86257e-18  -5.0592e-26 -1.45626e-18 -1.82095e-27 -2.85068e-19  6.26772e-27  4.20303e-20   1.3826e-28  3.77871e-20 -1.23115e-27  8.96331e-21   1.6786e-28  2.31092e-22  1.45475e-28 -4.85252e-22 -3.68586e-29 -1.59812e-22 -9.48923e-30 -2.29987e-23  2.69695e-30  4.29067e-25  7.10021e-31  9.85555e-25   6.1554e-33  2.38742e-25 -1.86036e-31  3.01262e-26  5.14858e-32   1.1495e-27 -1.53106e-33  -3.5774e-28 -1.10334e-33 -8.81704e-29  1.16388e-34 -1.07903e-29 -1.59983e-35 -7.80618e-31 -5.78894e-37 -2.17078e-32  1.47745e-36  2.08517e-33 -1.46608e-37  3.06177e-34 -1.46792e-38  1.93362e-35  2.68704e-39   6.9209e-37  1.00363e-40  1.28827e-38 -9.40813e-42   7.7383e-41 -2.34116e-43
-1.44727e-32 -5.70062e-18  5.03702e-31  1.75213e-16 -5.55148e-30 -2.81071e-15  2.06142e-29  2.95561e-14  1.64365e-28 -2.24686e-13  -3.0598e-27  1.30262e-12   2.5824e-26 -5.94878e-12 -1.53634e-25  2.18376e-11  7.16276e-25  -6.5229e-11 -2.73613e-24  1.59482e-10   8.7593e-24 -3.19219e-10 -2.37725e-23  5.19773e-10  5.48911e-23  -6.7788e-10 -1.07301e-22  6.85976e-10  1.74318e-22 -5.02182e-10 -2.23905e-22  2.15007e-10  1.92393e-22  1.16187e-11 -1.66601e-24 -8.12724e-11 -3.93502e-22  3.86065e-11  9.49073e-22  9.82138e-12 -1.51342e-21  -1.5017e-11  1.88312e-21  7.08371e-13 -1.91258e-21  4.12331e-12  1.60116e-21  -5.9677e-13 -1.08946e-21 -1.04188e-12  5.70132e-22   1.3127e-13 -1.85769e-22  2.52591e-13 -1.83105e-23 -2.55334e-15  7.68151e-23 -5.37274e-14 -5.77338e-23 -9.01199e-15  2.11153e-23  8.27113e-15  1.52022e-24  3.52353e-15 -6.40408e-24  -4.8185e-16  3.18549e-24 -6.82062e-16 -3.04553e-25 -1.27081e-16 -2.31609e-25  5.41691e-17 -1.10255e-25  3.29044e-17  2.09709e-25  4.20658e-18  -8.1856e-26 -2.16271e-18 -4.52506e-27 -1.12028e-18  9.56748e-27 -1.72121e-19  1.20757e-27  3.55118e-20 -2.20878e-27  2.41311e-20  1.95396e-28  5.25792e-21  2.61273e-28  1.85389e-22 -5.53748e-29 -2.22827e-22 -1.51085e-29 -7.31053e-23  3.09685e-30 -1.11481e-23  1.30323e-30 -3.42915e-25  9.49527e-33  2.56517e-25 -2.73491e-31  6.94287e-26  7.59398e-32  9.60503e-27 -2.07229e-33  6.80513e-28 -1.97912e-33 -1.71489e-29  2.47151e-34  -1.1039e-29  -1.6908e-35 -1.49389e-30 -4.97975e-36 -1.17555e-31  1.63953e-36 -5.44789e-33 -7.16359e-38  -8.5197e-35 -1.25444e-38  6.19019e-36  1.88983e-39  4.44121e-37  7.04516e-41  1.14218e-38 -5.15903e-42  9.31934e-41
  1.7811e-18 -3.36839e-31 -9.79851e-17  6.46765e-30  2.10092e-15 -5.35543e-29 -2.71197e-14  1.64365e-28  2.43105e-13  1.13554e-27  -1.6248e-12 -1.88312e-26  8.43832e-12  1.44113e-25 -3.49396e-11 -7.86832e-25  1.17204e-10  3.39596e-24 -3.21429e-10 -1.20916e-23  7.23072e-10  3.62974e-23  -1.3309e-09 -9.29087e-23  1.98498e-09  2.03595e-22 -2.34931e-09   -3.806e-22  2.11365e-09  5.98032e-22 -1.30358e-09 -7.59943e-22  3.60968e-10  6.96754e-22  1.99438e-10 -2.26264e-22 -2.41994e-10 -7.21133e-22  5.11487e-11  1.98457e-21  5.70906e-11 -3.17534e-21 -3.22415e-11  3.85143e-21 -9.83736e-12 -3.76901e-21  1.04007e-11  3.02262e-21  1.84204e-12 -1.96413e-21  -2.6917e-12  9.78333e-22 -5.37669e-13 -2.96716e-22  5.80992e-13 -4.39959e-23  1.88086e-13  1.32873e-22  -9.1548e-14 -9.52715e-23 -5.43173e-14  3.24995e-23  5.19609e-15  4.33659e-24  1.07347e-14 -1.07773e-23  1.96972e-15  4.41939e-24 -1.09034e-15  3.41163e-25 -6.02862e-16  -7.8808e-25 -4.04875e-17 -7.67123e-26  6.12252e-17  3.26404e-25  2.43215e-17  -1.2618e-25   1.5599e-18 -9.28282e-27 -1.80664e-18  1.36096e-26  -7.2666e-19  3.12166e-27 -9.35148e-20 -3.50997e-27  2.17369e-20  1.59622e-28  1.27812e-20  4.17487e-28  2.66696e-21  -7.2954e-29  1.44257e-22 -2.17507e-29 -7.73061e-23    2.688e-30 -2.66561e-23  2.15909e-30 -4.31082e-24 -1.35455e-32 -2.87645e-25 -3.66809e-31  3.91202e-26  1.05308e-31  1.41801e-26 -2.74812e-33  2.11847e-27 -3.10645e-33  1.84688e-28  4.00007e-34  6.76358e-30 -1.71458e-35  -5.7356e-31 -1.07507e-35 -1.11848e-31  1.59255e-36 -9.01286e-33   2.1046e-38 -4.26093e-34   -9.306e-39 -1.12654e-35   1.0505e-39 -1.05861e-37  3.92658e-41   1.2646e-39 -1.83738e-42
 1.31541e-31  4.06653e-17 -5.07254e-30 -1.27546e-15  6.62311e-29  2.08985e-14 -4.35921e-28 -2.24686e-13  1.13554e-27  1.74829e-12  6.90253e-27 -1.03871e-11  -1.0297e-25  4.86801e-11  7.19135e-25 -1.83684e-10 -3.61837e-24  5.65041e-10  1.44948e-23 -1.42604e-09 -4.81757e-23  2.95514e-09  1.35686e-22  -5.0016e-09 -3.27506e-22  6.82034e-09  6.80461e-22 -7.28758e-09 -1.21392e-21   5.7501e-09  1.83659e-21 -2.84406e-09  -2.2834e-21  2.21542e-10  2.14155e-21  8.50149e-10 -1.03159e-21 -5.45296e-10 -1.10012e-21  -3.5228e-11  3.77544e-21  1.83683e-10  -6.0973e-21 -3.75784e-11  7.20567e-21  -4.6217e-11 -6.78057e-21  1.58064e-11  5.19702e-21  1.13826e-11 -3.22085e-21 -3.98861e-12  1.53003e-21 -2.94146e-12   -4.366e-22  6.34205e-13  -8.2086e-23  7.23454e-13  2.08459e-22 -7.81608e-15 -1.44908e-22  -1.4181e-13  4.59639e-23  -3.0774e-14  1.01832e-23  1.66053e-14 -1.77901e-23   9.4301e-15  6.22665e-24  2.17442e-16  1.37477e-24  -1.2505e-15 -1.60786e-24 -4.17617e-16 -4.39777e-26  1.62156e-17  4.94227e-25  5.12879e-17 -1.84313e-25   1.5179e-17 -1.62838e-26  2.53733e-19  1.78093e-26 -1.19071e-18  6.07706e-27 -4.04577e-19 -5.02873e-27 -4.73984e-20  1.55608e-29  9.98341e-21   6.0083e-28  5.59219e-21 -8.31228e-29  1.15309e-21 -2.84097e-29  8.78676e-23  9.73657e-31   -1.867e-23  3.27613e-30 -7.49188e-24 -8.37746e-32 -1.28281e-24 -4.55674e-31 -1.15756e-25  1.38202e-31  2.71674e-28 -3.36417e-33  1.82241e-27  -4.3512e-33  3.06307e-28  5.33438e-34  2.89346e-29 -1.95089e-35    1.612e-30 -1.68569e-35  2.96604e-32   1.3324e-36 -3.10189e-33  9.70048e-38 -2.99167e-34 -6.13322e-39 -1.21434e-35  4.15389e-40 -2.37268e-37  1.62849e-41 -1.48229e-39
-1.09104e-17   2.7289e-30  6.12575e-16 -5.76013e-29 -1.34166e-14  5.63303e-28  1.77082e-13  -3.0598e-27  -1.6248e-12  6.90253e-27  1.11285e-11  3.73795e-26 -5.93057e-11 -5.05717e-25  2.52359e-10  3.24066e-24 -8.71504e-10 -1.50795e-23  2.46576e-09  5.61872e-23 -5.73753e-09 -1.74519e-22  1.09609e-08  4.61345e-22 -1.70479e-08 -1.04983e-21  2.11949e-08  2.06645e-21 -2.02953e-08 -3.51241e-21  1.37509e-08  5.10074e-21 -4.91989e-09  -6.1602e-21 -1.23495e-09  5.77573e-21  2.49707e-09 -3.25271e-21  -8.6414e-10 -1.27948e-21  -4.5692e-10  6.59074e-21  4.14523e-10  -1.0802e-20   3.9753e-11  1.24183e-20 -1.25407e-10 -1.12014e-20  8.60094e-13  8.17654e-21  3.28805e-11 -4.82342e-21  4.11198e-13  2.19288e-21 -7.79953e-12 -6.00843e-22 -9.47851e-13 -1.25487e-22  1.53032e-12  2.99445e-22  4.69261e-13  -2.0639e-22  -1.9315e-13  6.14412e-23  -1.2994e-13  1.99021e-23 -1.11009e-15 -2.81398e-23  2.01513e-14  8.79348e-24  6.07267e-15  2.81603e-24 -8.91274e-16 -2.69399e-24 -1.04842e-15 -2.52188e-26 -2.34451e-16   7.1519e-25  3.55839e-17 -2.54137e-25  3.46981e-17 -2.49953e-26  8.23956e-18  2.11323e-26 -1.18118e-19  1.01283e-26 -6.40048e-19 -6.54957e-27 -1.94589e-19 -2.75461e-28 -2.25516e-20  7.82021e-28  3.34363e-21 -7.71972e-29  1.98892e-21 -3.37321e-29  4.14452e-22 -2.45257e-30  4.00382e-23  4.61219e-30 -2.31909e-24 -2.17217e-31  -1.5355e-24 -5.31523e-31 -2.81684e-25  1.72299e-31 -2.93378e-26 -3.59465e-33 -1.36735e-27 -5.52056e-33  1.01387e-28   6.0163e-34  2.60404e-29 -2.71622e-35  2.57958e-30 -2.21378e-35   1.5203e-31  9.05657e-37  5.13605e-33  1.31184e-37  5.65074e-35 -3.81472e-39 -2.29273e-36   6.9481e-41 -7.52778e-38  4.22993e-42
-8.78959e-31 -2.20461e-16  3.69294e-29  7.06417e-15 -5.27217e-28 -1.18361e-13  4.08838e-27  1.30262e-12 -1.88312e-26 -1.03871e-11  3.73795e-26   6.3324e-11  1.82206e-25 -3.04955e-10 -2.25123e-24  1.18435e-09  1.32978e-23  -3.7571e-09 -5.73949e-23  9.80145e-09  1.99264e-22 -2.10576e-08 -5.78875e-22  3.70961e-08  1.43651e-21 -5.29529e-08 -3.08073e-21  5.97788e-08  5.74045e-21 -5.07533e-08 -9.28457e-21   2.8512e-08  1.29122e-20 -5.41887e-09 -1.50741e-20 -6.41689e-09  1.39336e-20  5.64572e-09  -8.4108e-21 -5.30165e-10 -7.22327e-22 -1.62183e-09  1.06508e-20  6.29803e-10 -1.77856e-20  3.51494e-10  1.98308e-20 -2.27276e-10 -1.70661e-20 -7.92733e-11  1.18025e-20  6.02424e-11 -6.60725e-21  2.18334e-11  2.89231e-21 -1.23691e-11  -7.8831e-22 -6.40752e-12 -1.55437e-22  1.58469e-12  3.95985e-22  1.58393e-12 -2.78677e-22  5.26221e-14  7.95276e-23 -2.66599e-13  3.36866e-23 -7.98406e-14 -4.21617e-23  1.84276e-14  1.22201e-23  1.69836e-14  4.63886e-24  2.82193e-15 -4.01702e-24  -1.1905e-15 -2.53139e-26 -7.07735e-16  9.77447e-25 -1.09113e-16 -3.30058e-25  3.11821e-17 -3.39567e-26  1.96843e-17  2.22238e-26  3.98215e-18  1.51074e-26 -1.05002e-19  -7.7625e-27 -2.83058e-19 -7.34599e-28 -8.04739e-20  9.17901e-28 -9.76924e-21  -4.5524e-29  7.09278e-22  -3.6405e-29  5.57887e-22 -7.74568e-30  1.19823e-22   6.0863e-30  1.34943e-23 -4.19252e-31  2.57797e-25  -5.8877e-31 -2.05445e-25  2.04488e-31 -4.30585e-26 -3.14986e-33 -4.81996e-27 -6.42889e-33 -3.16199e-28  5.72487e-34 -6.61008e-30 -4.17464e-35  9.50302e-31 -2.56697e-35  1.14674e-31  3.98658e-37  6.32343e-33  1.20298e-37  1.92059e-34 -2.44925e-39  2.78867e-36 -4.37902e-41  9.60999e-39
 5.16773e-17 -1.66898e-29 -2.96467e-15  3.79598e-28  6.64083e-14 -4.04225e-27 -8.97331e-13   2.5824e-26  8.43832e-12  -1.0297e-25 -5.93057e-11  1.82206e-25  3.24751e-10   8.0648e-25 -1.42213e-09 -9.15416e-24   5.0633e-09   5.0042e-23 -1.48009e-08  -2.0084e-22  3.56759e-08  6.50592e-22 -7.08405e-08 -1.76867e-21  1.15056e-07  4.11974e-21 -1.50419e-07 -8.32222e-21  1.53302e-07  1.46676e-20 -1.13579e-07 -2.25487e-20  4.95429e-08  2.99789e-20  2.49934e-09 -3.37154e-20 -1.94314e-08  3.04475e-20   9.7372e-09 -1.88736e-20  2.20096e-09  1.42392e-21 -3.87781e-09  1.60892e-20  3.25181e-10 -2.74038e-20   1.0852e-09  2.94924e-20 -2.14864e-10  -2.4054e-20 -2.81781e-10  1.56362e-20  5.42088e-11 -8.26663e-21  7.19285e-11  3.52034e-21 -5.55274e-12 -1.00819e-21 -1.66232e-11 -1.40315e-22 -1.71889e-12  4.82931e-22  2.91707e-12  -3.5989e-22  9.92201e-13   1.0139e-22 -2.53342e-13  5.08744e-23  -2.3051e-13 -5.96027e-23 -2.88129e-14  1.64601e-23   2.3615e-14  6.75362e-24  1.11962e-14 -5.50938e-24  7.82364e-16  -3.4217e-26 -9.78352e-16  1.25261e-24 -4.02614e-16  -4.0343e-25 -4.33191e-17 -4.08009e-26  1.93058e-17  1.96893e-26  9.52927e-18  2.05903e-26  1.73725e-18 -8.30863e-27 -3.23154e-20 -1.35996e-27 -1.02206e-19  9.59761e-28 -2.81814e-20  2.02407e-29 -3.66576e-21 -3.56087e-29  2.51593e-23 -1.46583e-29  1.17042e-22  7.58548e-30  2.67379e-23 -6.81678e-31  3.30963e-24  -6.2379e-31  1.91546e-25  2.31306e-31 -1.21917e-26 -1.99506e-33 -4.14351e-27 -6.96543e-33 -4.92384e-28  4.40475e-34 -3.48403e-29 -6.19867e-35 -1.41527e-30 -2.69556e-35 -1.45925e-32 -7.92367e-38  1.66134e-33  8.13676e-38  8.87052e-35 -1.65003e-39  1.59768e-36 -3.77728e-41
 4.48514e-30  9.37744e-16 -2.07312e-28  -3.0737e-14   3.1643e-27  5.27328e-13 -2.66346e-26 -5.94878e-12  1.44113e-25  4.86801e-11 -5.05717e-25 -3.04955e-10   8.0648e-25  1.51129e-09  3.26581e-24 -6.05018e-09  -3.4231e-23   1.9823e-08  1.73768e-22  -5.3538e-08 -6.49841e-22  1.19433e-07  1.96621e-21 -2.19323e-07 -5.00333e-21  3.28161e-07  1.09354e-20 -3.91715e-07 -2.07926e-20  3.57464e-07  3.46296e-20 -2.25375e-07 -5.05468e-20  6.54746e-08  6.41579e-20  3.41673e-08 -6.93393e-20  -4.4632e-08   6.0803e-20  1.08827e-08 -3.77602e-20  1.03838e-08  6.19519e-21 -6.72314e-09  2.29738e-20 -1.61861e-09 -3.97728e-20  2.22478e-09  4.10335e-20  2.50251e-10 -3.14208e-20 -6.03057e-10  1.89629e-20 -7.69822e-11 -9.38728e-21  1.40779e-10  3.95699e-21  3.36011e-11 -1.28276e-21 -2.55693e-11 -3.97537e-23 -1.16408e-11  5.41792e-22  2.45084e-12 -4.46787e-22  2.70801e-12   1.2816e-22  2.94787e-13  6.99218e-23 -3.47835e-13 -7.94606e-23  -1.4716e-13  2.12923e-23   2.1698e-15  8.98661e-24  1.93819e-14 -7.06373e-24  6.07186e-15 -2.34545e-26 -7.10185e-17  1.49753e-24 -6.17787e-16 -4.64196e-25  -1.9844e-16 -4.25443e-26 -1.55292e-17   1.2464e-26  9.31991e-18  2.59381e-26  3.95499e-18 -7.85019e-27  6.83205e-19 -2.12891e-27  3.10246e-21  8.66513e-28 -2.94162e-20  1.24149e-28 -8.14857e-21 -3.13615e-29 -1.13314e-21 -2.24654e-29 -4.59124e-23  8.97657e-30  1.64485e-23 -9.82161e-31  4.35524e-24 -6.32825e-31  5.72695e-25  2.49579e-31  4.35865e-26 -4.76803e-34  1.01051e-27 -7.12674e-33 -1.93547e-28   2.2879e-34 -2.79644e-29 -8.36345e-35 -1.94137e-30  -2.5934e-35 -7.88803e-32 -4.23635e-37 -1.69818e-33  3.87647e-38   -1.022e-35 -1.01916e-39   1.2279e-37
-1.94042e-16   7.9798e-29    1.139e-14  -1.9622e-27 -2.61302e-13  2.22099e-26  3.61991e-12 -1.53634e-25 -3.49396e-11  7.19135e-25  2.52359e-10 -2.25123e-24 -1.42213e-09  3.26581e-24  6.41917e-09  1.21783e-23 -2.36003e-08 -1.18402e-22  7.13927e-08  5.59768e-22 -1.78554e-07 -1.95398e-21   3.6912e-07  5.52645e-21 -6.26992e-07 -1.31635e-20  8.63023e-07    2.698e-20 -9.36456e-07 -4.82383e-20  7.56094e-07  7.58342e-20 -3.88518e-07 -1.04985e-19  3.95982e-08  1.27075e-19  1.15248e-07 -1.31749e-19 -8.10639e-08  1.11704e-19 -1.28576e-09 -6.84183e-20  2.72041e-08  1.44692e-20 -7.34097e-09  3.13932e-20 -6.75381e-09 -5.47145e-20   3.0426e-09   5.3632e-20   1.6635e-09  -3.8056e-20 -8.27703e-10  2.08958e-20 -4.52414e-10 -9.52518e-21  1.59726e-10  4.09641e-21  1.23165e-10 -1.64136e-21 -1.41221e-11  1.85436e-22 -2.77528e-11  5.53833e-22 -3.55887e-12 -5.33859e-22  4.07651e-12   1.6005e-22  1.70143e-12  8.85265e-23 -1.44401e-13 -9.99461e-23  -2.9055e-13   2.6346e-23 -7.21383e-14  1.10651e-23  1.26426e-14 -8.53976e-24  1.23712e-14  5.30409e-26  2.79722e-15  1.66114e-24 -2.40657e-16 -5.03544e-25 -3.20049e-16 -3.61156e-26 -8.62452e-17  1.65786e-28 -5.54158e-18  3.04178e-26   3.5939e-18 -6.15069e-27  1.39849e-18 -3.00647e-27   2.3777e-19  6.18772e-28  8.19594e-21   2.6316e-28 -6.42768e-21 -2.46229e-29 -1.87763e-21 -3.00274e-29 -2.75666e-22  1.01253e-29 -1.94586e-23 -1.28476e-30  1.03216e-24 -6.10773e-31   4.7309e-25  2.57035e-31  6.62627e-26  7.55175e-34  5.48136e-27 -6.99595e-33  2.56349e-28 -1.85778e-35  1.66867e-30 -1.00831e-34 -6.53475e-31 -2.29011e-35 -4.62076e-32 -5.72285e-37 -1.46483e-33  9.75105e-39 -1.98002e-35 -4.51305e-40
-1.75782e-29 -3.19154e-15  9.26472e-28  1.07171e-13 -1.51073e-26 -1.88555e-12  1.34556e-25  2.18376e-11 -7.86832e-25 -1.83684e-10  3.24066e-24  1.18435e-09 -9.15416e-24 -6.05018e-09  1.21783e-23  2.50095e-08  4.20575e-23 -8.47787e-08  -3.8075e-22  2.37464e-07  1.68065e-21 -5.51013e-07 -5.48391e-21  1.05657e-06  1.45064e-20 -1.65961e-06  -3.2336e-20  2.09684e-06  6.20993e-20 -2.05549e-06 -1.04273e-19  1.44209e-06  1.54523e-19 -5.54175e-07 -2.02659e-19 -1.08152e-07  2.33702e-19  2.74983e-07 -2.32165e-19 -1.10937e-07  1.89773e-19 -4.53066e-08 -1.13432e-19   5.1901e-08  2.64822e-20  9.07223e-10  4.15541e-20 -1.58288e-08 -7.17528e-20   1.5113e-09  6.61116e-20  4.28974e-09  -4.2688e-20  -3.7217e-10  2.05749e-20 -1.09338e-09 -8.31361e-21 -2.20646e-11  3.86729e-21  2.42562e-10 -2.10503e-21  4.75311e-11  5.59865e-22 -3.86124e-11  5.03515e-22 -1.80184e-11 -6.12559e-22  2.12715e-12  1.95635e-22  3.55468e-12  1.03848e-22  7.26096e-13 -1.18626e-22 -2.79754e-13  3.11895e-23  -1.8463e-13  1.26181e-23 -2.66491e-14 -9.78189e-24  1.15788e-14  2.53531e-25  6.55946e-15  1.69515e-24  1.12806e-15 -5.16879e-25 -1.69941e-16 -1.90249e-26 -1.39529e-16 -1.66776e-26 -3.33136e-17  3.33804e-26  -2.1222e-18 -3.14552e-27  1.09765e-18 -3.95501e-27  4.14321e-19   2.2858e-28  7.09371e-20  4.25674e-28  4.46132e-21 -1.71152e-29 -9.55602e-22 -3.60128e-29  -3.2805e-22   1.0922e-29 -5.03976e-23 -1.54176e-30 -4.40109e-24 -5.52325e-31 -1.11085e-25  2.52708e-31   2.7709e-26  1.02457e-33  4.65405e-27 -6.68231e-33  3.88111e-28 -2.50218e-34  1.94735e-29 -1.08295e-34  5.25289e-31 -1.84381e-35  2.04812e-33 -5.32512e-37 -2.62469e-34 -1.99378e-39  -4.1185e-36
 5.86331e-16  -3.0145e-28 -3.52721e-14  8.19221e-27  8.30122e-13 -9.82094e-26 -1.18102e-11  7.16276e-25  1.17204e-10 -3.61837e-24 -8.71504e-10  1.32978e-23   5.0633e-09  -3.4231e-23 -2.36003e-08  4.20575e-23  8.97646e-08  1.35179e-22 -2.81537e-07 -1.14336e-21  7.31976e-07  4.72212e-21  -1.5783e-06 -1.44202e-20  2.80873e-06    3.569e-20 -4.07642e-06 -7.44231e-20  4.71245e-06  1.33773e-19  -4.1366e-06 -2.10629e-19   2.4497e-06  2.93752e-19 -5.60379e-07 -3.64494e-19 -5.09985e-07  4.00118e-19  5.21307e-07  -3.8059e-19 -8.40165e-08  2.99376e-19 -1.43059e-07 -1.73363e-19  7.22537e-08  4.14134e-20  2.80941e-08  5.37812e-20 -2.60901e-08 -9.01391e-20 -5.69428e-09  7.71649e-20   7.3129e-09  -4.4202e-20  1.65687e-09    1.741e-20 -1.69127e-09 -5.56627e-21 -5.84741e-10  3.24028e-21  2.85255e-10 -2.66697e-21  1.76366e-10  1.08135e-21  -1.7612e-11  3.81488e-22  -3.6935e-11 -6.71406e-22 -6.84104e-12  2.31716e-22  3.99545e-12  1.12809e-22  2.23285e-12  -1.3277e-22  1.48379e-13  3.54656e-23 -2.37591e-13  1.32027e-23 -9.59724e-14 -1.06458e-23 -6.54887e-15  6.39328e-25  7.19288e-15  1.56585e-24  2.98447e-15  -5.0611e-25  4.12478e-16  9.96499e-27 -7.95105e-17 -3.66203e-26 -5.15335e-17   3.4455e-26 -1.13928e-17  1.01679e-27 -8.31752e-19 -4.94025e-27  2.55031e-19 -2.59559e-28  1.00028e-19  5.92272e-28  1.74402e-20 -1.09206e-29  1.48187e-21  -3.9228e-29 -6.24368e-23  1.13085e-29 -4.01606e-23  -1.6993e-30 -6.54487e-24 -4.55358e-31 -6.20528e-25  2.37023e-31 -3.23066e-26 -3.23959e-35   4.8241e-29 -6.25856e-33   1.5935e-28 -4.21169e-34  1.37296e-29 -1.03412e-34  6.07631e-31 -1.33388e-35  1.42718e-32 -3.75982e-37  1.35229e-34 -2.73304e-39
 5.08573e-29   8.7898e-15  -3.3366e-27 -3.02928e-13  5.89478e-26  5.47571e-12 -5.52424e-25  -6.5229e-11  3.39596e-24  5.65041e-10 -1.50795e-23  -3.7571e-09   5.0042e-23   1.9823e-08 -1.18402e-22 -8.47787e-08  1.35179e-22  2.97936e-07  4.06106e-22 -8.67222e-07 -3.21832e-21  2.09735e-06  1.24595e-20 -4.20757e-06 -3.56447e-20  6.95052e-06  8.25637e-20 -9.30749e-06 -1.60973e-19  9.80027e-06  2.70466e-19 -7.60469e-06 -3.98583e-19  3.61081e-06  5.22106e-19  -5.9661e-08  -6.1198e-19 -1.32392e-06  6.38997e-19  7.91353e-07 -5.81812e-19  9.21046e-08  4.40041e-19 -3.02141e-07 -2.45688e-19  5.63829e-08  5.73252e-20  8.24967e-08  6.83147e-20 -2.79072e-08 -1.08876e-19 -2.15481e-08  8.56452e-20  7.82795e-09 -4.19809e-20  5.88755e-09   1.1292e-20 -1.40214e-09 -1.34285e-21 -1.55008e-09   2.2228e-21  4.80362e-11 -3.27839e-21  3.30173e-10  1.71494e-21  6.64746e-11  1.86629e-22 -4.31659e-11 -6.97454e-22  -2.3216e-11  2.63915e-22  4.53055e-15  1.12464e-22  3.40767e-12 -1.39845e-22  1.08924e-12  3.90317e-23 -6.77254e-14  1.23561e-23 -1.47131e-13 -1.10278e-23 -4.24184e-14  1.26365e-24 -3.38189e-16   1.2636e-24  3.51624e-15 -4.80262e-25  1.18561e-15  5.02901e-26  1.41825e-16 -5.75395e-26 -2.75976e-17  3.37036e-26 -1.60207e-17  5.97804e-27 -3.39339e-18 -5.93062e-27 -2.95705e-19 -7.77773e-28  4.04297e-20  7.38762e-28  1.88739e-20 -7.97454e-30  3.37857e-21 -3.89421e-29   3.3576e-22  1.12954e-29   9.0899e-24 -1.70909e-30 -2.90387e-24 -3.24846e-31 -5.55156e-25  2.11642e-31 -5.38379e-26 -2.25349e-33 -3.16737e-27 -5.73358e-33 -9.60711e-29 -5.04096e-34  6.06709e-31  -8.7333e-35  1.72084e-31 -8.47124e-36  5.75733e-33 -1.98252e-37  5.55988e-35
-1.43671e-15  8.84663e-28  8.87526e-14 -2.79747e-26 -2.14715e-12  3.58424e-25  3.14359e-11 -2.73613e-24 -3.21429e-10  1.44948e-23  2.46576e-09 -5.73949e-23 -1.48009e-08  1.73768e-22  7.13927e-08  -3.8075e-22 -2.81537e-07  4.06106e-22  9.17518e-07   1.1445e-21 -2.48525e-06 -8.51893e-21  5.60132e-06  3.09639e-20 -1.04648e-05 -8.30604e-20  1.60428e-05  1.80087e-19 -1.97787e-05 -3.28081e-19  1.88483e-05  5.14506e-19 -1.26777e-05 -7.08096e-19  4.33146e-06  8.69081e-19  1.51585e-06 -9.60506e-19 -2.63937e-06   9.5322e-19   8.8581e-07  -8.3093e-19  5.36186e-07  6.04341e-19 -4.83283e-07 -3.24502e-19 -4.82042e-08  7.16619e-20  1.58572e-07  8.49035e-20 -3.57009e-09 -1.26735e-19 -4.46891e-08  9.08418e-20  6.62868e-10 -3.61523e-20   1.1487e-08  2.69421e-21  1.02513e-09  4.04477e-21 -2.49245e-09   8.4831e-22  -6.7154e-10 -3.84861e-21  3.66166e-10  2.39618e-21  2.16431e-10 -7.30836e-23 -8.45753e-12 -6.79034e-22 -3.85373e-11  2.87824e-22  -1.0286e-11  1.00421e-22  2.29926e-12 -1.38037e-22  2.10821e-12   4.2046e-23  4.20239e-13    9.671e-24 -9.29796e-14 -1.08868e-23 -7.39312e-14  2.16065e-24  -1.6412e-14  8.06659e-25  6.17708e-16 -4.53772e-25  1.41542e-15  9.92522e-26  4.13815e-16 -7.70798e-26  4.66942e-17  3.16817e-26 -7.08127e-18  1.12233e-26 -4.11504e-18 -6.89017e-27 -8.56185e-19 -1.25168e-27 -8.67498e-20  8.40784e-28  2.66726e-21 -9.59353e-30  2.60393e-21 -3.50838e-29  4.88991e-22   1.0959e-29  5.23237e-23 -1.54485e-30   2.9463e-24 -1.74827e-31 -4.52548e-26  1.79183e-31 -2.61274e-26 -4.98734e-33 -2.62059e-27  -5.0743e-33 -1.46045e-28 -4.95598e-34  -4.6824e-30 -6.45353e-35 -6.93502e-32 -4.55585e-36 -5.44498e-36 -6.89392e-38
-8.91625e-29 -1.96801e-14  9.61643e-27  6.97667e-13  -1.9034e-25 -1.29861e-11  1.88743e-24  1.59482e-10 -1.20916e-23 -1.42604e-09  5.61872e-23  9.80145e-09  -2.0084e-22  -5.3538e-08  5.59768e-22  2.37464e-07 -1.14336e-21 -8.67222e-07   1.1445e-21   2.6295e-06  3.03513e-21 -6.64383e-06 -2.12626e-20  1.39767e-05  7.26573e-20 -2.43329e-05 -1.82896e-19  3.45941e-05  3.71237e-19  -3.9144e-05 -6.31527e-19  3.34558e-05  9.22852e-19 -1.88929e-05 -1.18306e-18  3.34689e-06   1.3565e-18   4.8667e-06 -1.41032e-18 -4.29608e-06  1.32919e-18  4.23334e-07 -1.11002e-18  1.32917e-06  7.77331e-19 -5.62902e-07  -4.0139e-19 -2.96638e-07  8.22605e-20  2.20805e-07  1.02344e-19  6.72342e-08 -1.42307e-19 -6.41255e-08  9.26535e-20 -1.95542e-08 -2.76397e-20  1.48457e-08 -7.38281e-21  6.45974e-09  1.00872e-20 -2.35716e-09  -8.3079e-22 -1.83815e-09 -4.26303e-21  6.40362e-11  3.04321e-21  3.62708e-10 -3.80929e-22  8.76825e-11 -6.08919e-22  -3.3849e-11  3.00266e-22 -2.37421e-11  7.52078e-23 -2.84529e-12 -1.26633e-22  2.13048e-12    4.495e-23  1.05128e-12  4.87679e-24  1.26134e-13  -1.0252e-23 -6.01775e-14  3.33651e-24  -3.1467e-14  2.38275e-25 -5.70834e-15 -4.42649e-25  3.64784e-16  1.51961e-25  4.75142e-16 -9.31716e-26  1.26288e-16  2.93645e-26  1.44341e-17  1.61746e-26 -1.21293e-18 -7.76918e-27  -8.4544e-19 -1.61967e-27 -1.76323e-19  8.78709e-28 -1.98199e-20 -1.61512e-29 -5.68384e-22 -2.82441e-29  2.29649e-22  1.04132e-29  4.91831e-23 -1.21722e-30  5.41386e-24 -2.66025e-32  3.59151e-25  1.42903e-31  1.10373e-26  -7.3662e-33 -3.66947e-28 -4.25842e-33  -5.7299e-29 -4.15633e-34 -2.74069e-30 -4.09707e-35 -6.10443e-32 -1.94905e-36  -4.3989e-34
 2.85809e-15 -1.86009e-27 -1.81769e-13   7.7974e-26  4.53195e-12 -1.09283e-24 -6.84577e-11   8.7593e-24  7.23072e-10 -4.81757e-23 -5.73753e-09  1.99264e-22  3.56759e-08 -6.49841e-22 -1.78554e-07  1.68065e-21  7.31976e-07 -3.21832e-21 -2.48525e-06  3.03513e-21  7.03167e-06  7.59329e-21 -1.66083e-05 -5.01522e-20  3.26548e-05   1.6131e-19 -5.29938e-05 -3.81316e-19  6.97823e-05  7.24696e-19 -7.21511e-05 -1.15039e-18  5.45811e-05  1.56363e-18 -2.44245e-05 -1.86156e-18 -1.39253e-06  1.98681e-18  1.05192e-05 -1.93745e-18 -5.64857e-06  1.73243e-18 -1.11918e-06 -1.38775e-18  2.39391e-06  9.38247e-19 -3.18754e-07 -4.67386e-19 -7.01613e-07  8.85007e-20  1.93806e-07  1.18241e-19  1.91924e-07 -1.54131e-19 -5.63974e-08  9.16031e-20 -5.33231e-08 -1.79812e-20  9.42272e-09 -1.76165e-20  1.39601e-08  1.61759e-20  2.67249e-10 -2.74191e-21 -2.90012e-09 -4.41399e-21 -7.32567e-10  3.57401e-21  3.48353e-10 -7.13215e-22   2.2492e-10  -4.8668e-22   1.1348e-11  3.00218e-22 -2.99167e-11  3.65146e-23 -1.12913e-11 -1.06134e-22  3.28011e-15  4.83339e-23  1.30096e-12 -2.08891e-24  4.43017e-13 -9.21112e-24  2.75041e-14  4.76378e-24 -2.85137e-14  -3.8203e-25  -1.1575e-14 -4.59467e-25 -1.82421e-15  2.01618e-25  1.18994e-16 -1.04459e-25  1.32286e-16  2.79295e-26  3.31551e-17  2.03029e-26   3.9805e-18 -8.49857e-27 -7.44955e-20 -1.84818e-27 -1.31676e-19  8.41626e-28 -2.82882e-20 -2.69733e-29 -3.37379e-21 -1.95034e-29 -1.99937e-22  9.76541e-30  7.52585e-24 -7.78365e-31  3.03839e-24  9.68019e-32  3.44294e-25  1.06331e-31  2.27154e-26  -8.6719e-33  8.81312e-28 -3.31983e-33  1.43858e-29 -2.99224e-34 -2.37439e-31 -2.16624e-35  -1.1614e-32 -5.72675e-37
-4.97662e-29  3.57547e-14  -2.1275e-26 -1.30766e-12  5.08895e-25  2.51384e-11  -5.4303e-24 -3.19219e-10  3.62974e-23  2.95514e-09 -1.74519e-22 -2.10576e-08  6.50592e-22  1.19433e-07 -1.95398e-21 -5.51013e-07  4.72212e-21  2.09735e-06 -8.51893e-21 -6.64383e-06  7.59329e-21  1.75882e-05  1.79587e-20 -3.89082e-05 -1.11991e-19  7.15761e-05  3.39406e-19 -0.000108272  -7.5395e-19  0.000131799  1.34187e-18 -0.000123757 -1.98637e-18  8.12121e-05   2.5065e-18 -2.53847e-05 -2.76172e-18  -1.2466e-05  2.73122e-18  1.82578e-05 -2.48834e-18 -5.38949e-06  2.10831e-18 -4.20884e-06 -1.62315e-18  3.35065e-06  1.06446e-18  5.21102e-07 -5.15445e-19 -1.16854e-06  9.20285e-20 -2.47475e-08  1.29259e-19  3.42083e-07 -1.60949e-19   9.0964e-09  8.86868e-20 -8.96662e-08 -8.95952e-21 -1.17079e-08 -2.66575e-20  1.94471e-08  2.17154e-20  6.18294e-09 -4.78526e-21 -2.72625e-09 -4.23353e-21 -1.87883e-09  3.92334e-21 -7.62658e-12 -1.04263e-21  3.17485e-10 -3.19225e-22  9.86354e-11  2.89114e-22 -1.46604e-11 -1.47561e-23 -1.80617e-11 -7.80862e-23 -4.29488e-12  5.27121e-23  5.54314e-13 -1.10374e-23  6.25697e-13 -7.88266e-24  1.62636e-13  6.37918e-24   3.4079e-15 -9.89812e-25 -1.07951e-14 -5.08825e-25  -3.7038e-15  2.40243e-25 -5.39577e-16 -1.10493e-25   2.2909e-17   2.8437e-26  2.99141e-17  2.32286e-26  7.28679e-18 -8.99399e-27  9.22393e-19 -1.93819e-27  2.77206e-20   7.2964e-28 -1.40317e-20 -4.04727e-29 -3.32459e-21 -1.01667e-29 -4.07447e-22  9.07489e-30 -2.94843e-23 -3.11156e-31  -7.9172e-25  1.77808e-31  8.22793e-26  7.28072e-32  1.15395e-26 -8.61032e-33  6.94609e-28 -2.35535e-33  2.29173e-29 -1.83002e-34  3.66736e-31 -8.99924e-36  1.53679e-33
-4.58855e-15  1.78357e-27  3.01474e-13  -1.7315e-25 -7.77316e-12  2.78946e-24  1.21563e-10 -2.37725e-23  -1.3309e-09  1.35686e-22  1.09609e-08 -5.78875e-22 -7.08405e-08  1.96621e-21   3.6912e-07 -5.48391e-21  -1.5783e-06  1.24595e-20  5.60132e-06 -2.12626e-20 -1.66083e-05  1.79587e-20  4.12397e-05  4.02201e-20 -8.55924e-05 -2.37096e-19  0.000147446  6.77696e-19  -0.00020781 -1.41561e-18    0.0002332  2.35992e-18 -0.000197136 -3.25566e-18  0.000108598  3.80613e-18 -1.55233e-05 -3.86572e-18 -3.21204e-05  3.52222e-18  2.64004e-05 -2.98204e-18 -1.62253e-06  2.38953e-18 -8.87758e-06 -1.77341e-18  3.43373e-06  1.13668e-18  2.13644e-06 -5.42492e-19 -1.44331e-06  9.65666e-20 -5.14541e-07  1.31926e-19  4.35285e-07 -1.62018e-19  1.52592e-07  8.51025e-20 -1.02512e-07 -2.16054e-21 -5.01475e-08 -3.34246e-20  1.58972e-08  2.62228e-20   1.4162e-08 -6.82915e-21 -4.93993e-11 -3.71492e-21  -2.7468e-09  4.05462e-21 -7.56766e-10 -1.34312e-21   2.3342e-10 -1.19199e-22  1.90299e-10  2.70507e-22  2.88208e-11 -7.65783e-23 -1.52213e-11 -4.47043e-23 -8.63318e-12  5.82784e-23 -1.31583e-12 -2.15255e-23  3.95435e-13 -6.38218e-24  2.51261e-13  8.08501e-24  5.32593e-14 -1.52604e-24 -1.25031e-16 -5.84897e-25 -3.34422e-15  2.59929e-25 -1.02563e-15 -1.11622e-25  -1.4537e-16  3.14969e-26  8.51979e-19   2.4782e-26  5.27973e-18 -9.17238e-27  1.29069e-18 -1.92092e-27  1.69797e-19  5.54186e-28  1.02936e-20 -5.44953e-29 -7.46291e-22 -1.50093e-30 -2.60317e-22  8.33549e-30 -3.26008e-23  9.52243e-32 -2.43713e-24  2.09886e-31 -1.04813e-25  4.49655e-32 -1.17345e-27 -7.37216e-33  1.34407e-28 -1.48882e-33  7.62513e-30 -9.25556e-35  1.45401e-31 -2.54496e-36
 1.12255e-27 -5.21985e-14  3.06965e-26  1.97768e-12 -1.10953e-24 -3.94263e-11  1.31953e-23  5.19773e-10 -9.29087e-23  -5.0016e-09  4.61345e-22  3.70961e-08 -1.76867e-21 -2.19323e-07  5.52645e-21  1.05657e-06 -1.44202e-20 -4.20757e-06  3.09639e-20  1.39767e-05 -5.01522e-20 -3.89082e-05  4.02201e-20  9.08278e-05  8.54109e-20 -0.000177136 -4.76447e-19  0.000285915  1.28549e-18 -0.000375121  -2.5266e-18  0.000386549  3.94617e-18 -0.000290496 -5.07055e-18  0.000126585  5.48048e-18  1.31075e-05 -5.10722e-18 -6.07349e-05  4.25549e-18  3.12272e-05 -3.32203e-18  7.62059e-06  2.50972e-18 -1.42486e-05 -1.80387e-18  1.58979e-06  1.14393e-18  4.39569e-06 -5.50212e-19 -1.12563e-06  1.06699e-19 -1.25031e-06  1.23795e-19  3.41439e-07 -1.57382e-19  3.57293e-07  8.19438e-20  -5.6183e-08  1.39447e-21 -9.53821e-08 -3.73135e-20 -3.65239e-09  2.93912e-20  1.99866e-08 -8.71601e-21  5.53431e-09 -2.91422e-21 -2.33183e-09  3.96396e-21 -1.65085e-09 -1.59557e-21 -1.22815e-10   9.8069e-23  2.10653e-10  2.49272e-22  8.70102e-11 -1.45917e-22  2.70241e-12 -8.43242e-24  -9.1745e-12  6.47224e-23 -3.45909e-12 -3.28945e-23 -3.22033e-13 -4.79604e-24  1.84655e-13  9.75419e-24  8.63469e-14 -1.94387e-24  1.58198e-14 -6.72075e-25 -9.44365e-17  2.54589e-25 -8.45045e-16 -1.08638e-25 -2.41714e-16  3.70382e-26 -3.43541e-17  2.50073e-26 -1.07176e-18 -8.97722e-27  6.74818e-19 -1.84487e-27  1.75095e-19  3.36379e-28  2.35075e-20 -6.67989e-29  1.79739e-21  5.46894e-30  2.96775e-23  7.49373e-30 -1.10796e-23   3.7349e-31 -1.54368e-24  1.98957e-31 -1.09449e-25  2.42593e-32 -4.57524e-27  -5.4792e-33 -1.00347e-28 -8.17805e-34 -5.41262e-31 -3.66126e-35  9.38629e-33
