 4.21973e-34 -5.39908e-39 -4.82004e-34  8.25134e-38  2.30803e-34 -1.91622e-37 -1.04273e-35  8.00413e-38 -1.11547e-34  2.80053e-37  9.91319e-35 -6.99687e-37 -4.80288e-35  5.45252e-37 -9.65257e-36 -3.65192e-38  1.62751e-35 -2.45881e-37 -1.80492e-36  3.51109e-38 -6.64339e-36 -1.26158e-37  6.52847e-36 -8.23787e-39 -2.64569e-36 -5.24122e-38  4.73288e-38  -9.5557e-39   4.4032e-37  3.23171e-38  -5.7092e-37 -1.79995e-38  1.59968e-37  2.23211e-39  4.29162e-39  1.12493e-39 -8.13528e-38 -2.15011e-39  5.42239e-38 -2.00734e-40  1.13241e-39 -8.32568e-42 -9.58775e-39  2.29006e-40  6.74093e-39 -5.74618e-41 -1.56102e-39  1.84882e-40 -6.28106e-40  3.49326e-41  1.63101e-40 -5.03468e-42  1.25282e-40  2.16887e-42 -2.62195e-41 -5.37273e-42  3.24021e-41 -2.69643e-42     1.35e-42 -1.44656e-44 -3.64022e-42 -4.90846e-44  1.12642e-43  1.71552e-44 -9.89203e-43  8.45494e-44  -4.6886e-44 -4.49086e-45  2.29601e-45 -8.39355e-45  5.90682e-44 -4.48486e-45   3.4554e-45 -1.36271e-45  5.23302e-45  1.00295e-45 -3.87156e-45 -1.75636e-46  1.54648e-45  4.31663e-48 -7.78576e-46  3.19911e-47 -1.49024e-46 -9.92157e-48  2.15224e-47 -1.54736e-48 -3.09041e-47 -7.21248e-49 -2.38576e-48  1.87413e-49 -4.98109e-49 -1.16265e-49 -3.49756e-49  5.84671e-50  1.65972e-49 -7.80308e-50 -1.07383e-49  1.19576e-49 -8.88271e-51 -1.79625e-49  2.34288e-50  2.40348e-49 -2.43757e-50 -2.96921e-49  2.81732e-50  3.33105e-49 -3.04589e-50 -3.36899e-49  2.92161e-50  3.03829e-49 -2.46408e-50 -2.41156e-49  1.80378e-50  1.65642e-49 -1.12499e-50 -9.62816e-50  5.82869e-51  4.59166e-50 -2.42056e-51  -1.7162e-50  7.62231e-52  4.66465e-51 -1.64872e-52 -7.96689e-52  1.94938e-53  5.51938e-53
-5.39908e-39  8.37176e-34 -3.97798e-38  -6.3562e-34  4.29806e-37  2.15736e-34 -7.79967e-37  1.55334e-34  3.87259e-37 -3.36247e-34  8.75734e-37  2.38521e-34 -1.85476e-36 -8.41858e-35  1.25244e-36 -4.64396e-35 -9.60348e-38  4.74566e-35 -6.26358e-37  3.44819e-36 -9.44529e-38 -1.67343e-35 -3.65306e-37  1.22008e-35  3.54505e-38  -4.4321e-36 -2.35305e-37  9.13688e-37   6.3445e-39    3.376e-37  8.00648e-38 -1.07989e-36 -5.91276e-38  4.60552e-37  1.15877e-39  2.33679e-38  1.59416e-39 -2.18955e-37 -4.24522e-39  1.41081e-37 -8.36444e-40   5.1173e-39  1.12153e-40 -3.14359e-38  7.18091e-40  1.67334e-38 -1.21238e-40 -4.93996e-39  6.42867e-40 -1.42248e-39   1.0568e-40  7.00864e-41 -3.07363e-42  4.30728e-40  5.41017e-42 -1.14854e-40 -1.97062e-41  1.01046e-40 -8.71611e-42   1.0998e-41  5.08729e-43 -1.64409e-41 -3.07935e-43 -3.34212e-43  -4.6193e-45 -3.09472e-42   3.3512e-43 -4.01553e-43  1.81597e-45  1.20392e-43 -2.49134e-44  1.27146e-43 -1.43616e-44  3.10361e-44 -7.15458e-45  2.21782e-44  3.94369e-45 -1.29802e-44 -8.64309e-46  6.15633e-45  7.48336e-47 -2.81947e-45   1.3429e-46 -3.97537e-46 -4.52167e-47  2.26963e-47  -8.1882e-48 -9.66732e-47 -2.99884e-48 -9.86056e-48  2.51285e-49 -2.82857e-49 -7.09577e-49 -1.98199e-48  7.59906e-49  8.69425e-49 -1.13492e-48 -3.58964e-49  1.74035e-48 -1.78476e-49 -2.47275e-48  2.75606e-49   3.2086e-48 -3.20139e-49  -3.8037e-48  3.56205e-49   4.0778e-48 -3.58796e-49 -3.91706e-48  3.19397e-49  3.33153e-48 -2.48173e-49 -2.47194e-48  1.65598e-49  1.56953e-48 -9.28677e-50 -8.30846e-49   4.2504e-50  3.53307e-49   -1.521e-50 -1.13945e-49  3.96534e-51  2.51857e-50 -6.53967e-52 -3.02896e-51  4.42234e-53
-4.82004e-34 -3.97798e-38  1.03445e-33 -1.69064e-37    -7.81e-34  1.39167e-36  2.32464e-34 -2.05916e-36  4.00985e-34  1.18262e-36 -6.09763e-34   1.8057e-36  3.75544e-34 -3.26439e-36 -7.21877e-35  1.90094e-36 -1.05676e-34  -3.2646e-37  8.57807e-35  -9.3092e-37  1.72526e-35 -6.38221e-37 -2.41058e-35 -7.56945e-37  1.25353e-35    2.045e-37 -4.51308e-36 -6.49979e-37   3.4749e-36  7.17714e-38 -3.61066e-37  1.42933e-37 -1.51037e-36 -1.39978e-37  9.79184e-37 -7.17167e-39  9.41413e-38 -6.22437e-40 -4.28924e-37 -6.00204e-39  2.58653e-37 -2.18215e-39  1.08713e-38  2.27988e-40 -6.75772e-38  1.42807e-39  2.72406e-38 -8.89148e-41 -1.09967e-38  1.59065e-39 -2.29018e-39  2.30354e-40 -6.70836e-40   1.2193e-41  1.02555e-39  9.36273e-42  -3.6992e-40 -5.07339e-41  2.36169e-40 -2.12594e-41  4.66827e-41  1.88814e-42 -4.61368e-41 -1.06088e-42 -2.34217e-42  -1.5083e-43 -7.08503e-42  9.09471e-43 -1.23928e-42  4.43167e-44  5.48851e-43 -5.38876e-44   1.5492e-43 -3.44977e-44  1.16139e-43 -2.36708e-44  6.22357e-44  1.09415e-44  -2.9371e-44 -2.75568e-45  1.61859e-44  4.16458e-46   -7.322e-45  3.82807e-46 -6.88594e-46 -1.45959e-46 -5.14731e-47 -3.07765e-47 -2.01856e-46 -9.63774e-48 -2.99876e-47  5.37117e-49   3.9531e-48 -5.09079e-48 -6.73959e-48   7.6417e-48  2.40367e-48 -1.18407e-47 -1.12283e-49  1.76034e-47 -1.86169e-48 -2.40168e-47  2.48289e-48   2.9939e-47 -2.85744e-48 -3.38829e-47  2.99994e-48  3.44923e-47 -2.80714e-48 -3.12538e-47  2.30179e-48  2.48772e-47 -1.62843e-48 -1.71053e-47  9.74708e-49  9.93686e-48 -4.81321e-49 -4.72941e-48  1.89517e-49  1.76212e-48 -5.65276e-50 -4.77044e-49   1.1649e-50  8.11159e-50 -1.32965e-51 -5.59483e-51
 8.25134e-38  -6.3562e-34 -1.69064e-37  1.32541e-33  -5.1032e-37 -1.11436e-33  3.31818e-36  3.29853e-34 -4.16909e-36  6.79987e-34  2.67485e-36 -8.27769e-34  2.75491e-36  4.58003e-34 -4.35729e-36  2.82733e-35  2.17197e-36 -1.79138e-34 -9.52593e-37  1.24143e-34 -6.64445e-37  2.98274e-35 -1.89489e-36 -1.90638e-35 -1.27848e-36  3.32175e-36  5.78218e-37 -2.61503e-36 -1.36386e-36  8.23243e-36  2.02029e-37 -1.34767e-36  2.13992e-37 -1.75443e-36 -2.77621e-37  1.67711e-36 -2.54811e-38  2.45489e-37 -8.76264e-39 -6.78419e-37  -8.1463e-39  3.81182e-37 -4.78373e-39  1.53098e-38 -1.26417e-40 -1.11804e-37  2.07143e-39  3.12535e-38  2.24203e-40   -1.973e-38   3.2467e-39 -3.53407e-39   4.2212e-40 -2.46068e-39  3.33711e-41   1.9868e-39  9.78715e-42  -9.6435e-40 -1.06005e-40  4.68565e-40 -4.47679e-41  1.38318e-40  3.63467e-42 -9.71073e-41 -2.63839e-42 -6.90218e-42 -4.78295e-43 -1.43264e-41  1.99642e-42 -2.29204e-42  1.55324e-43  1.55961e-42  -1.0538e-43  6.07785e-44 -7.25576e-44  3.07676e-43 -5.98874e-44  1.32399e-43  2.47079e-44 -5.26213e-44 -6.91959e-45  3.42175e-44  1.44807e-45 -1.56841e-44  8.51397e-46  -8.5013e-46 -3.91053e-46 -2.69086e-46 -9.13097e-47 -3.14323e-46 -3.14436e-47 -7.62716e-47  1.29631e-47  1.80237e-47 -4.03155e-47 -1.51523e-47  6.53474e-47  1.10186e-48 -1.00151e-46  7.55336e-48  1.43113e-46 -1.48122e-47 -1.87047e-46  1.82961e-47  2.22472e-46 -2.00729e-47 -2.38895e-46  1.96845e-47  2.29371e-46 -1.69683e-47 -1.94625e-46  1.26306e-47  1.43809e-46 -7.95595e-48 -9.07828e-47  4.13619e-48  4.77122e-47 -1.72069e-48 -2.01204e-47  5.50358e-49  6.42972e-48  -1.2755e-49 -1.40752e-48  1.89956e-50  1.67641e-49 -1.20497e-51
 2.30803e-34  4.29806e-37    -7.81e-34  -5.1032e-37  1.93799e-33 -1.21023e-36 -1.53734e-33  6.30369e-36  4.47429e-34 -7.05246e-36  9.68431e-34  4.78688e-36 -9.29274e-34  3.06824e-36  4.64905e-34 -4.45231e-36  2.23727e-34  1.90572e-36 -2.55345e-34 -2.09321e-36   1.5689e-34  7.26846e-37  2.52523e-35  -4.0763e-36  4.40834e-36 -1.84851e-36 -1.60407e-35  1.20935e-36  7.61556e-37 -2.37534e-36  1.47549e-35  3.93876e-37 -2.07711e-36  2.85987e-37 -1.59947e-36 -4.89571e-37  2.40195e-36 -5.32594e-38  4.68441e-37 -2.56349e-38  -8.8279e-37 -1.32843e-38  4.72106e-37 -9.63211e-39  1.56066e-38  -1.7829e-39 -1.51476e-37  2.23823e-39   2.0154e-38   1.0197e-39 -3.00984e-38  5.82744e-39 -6.57753e-39  6.99322e-40 -5.51401e-39  2.36667e-41  3.36039e-39 -6.25271e-42 -2.12105e-39 -1.90503e-40   8.2467e-40 -8.47288e-41  3.18318e-40  3.91547e-42 -1.65486e-40 -5.17674e-42 -1.30279e-41 -8.67552e-43 -2.80436e-41  3.83168e-42 -2.41383e-42   3.4777e-43  3.44206e-42 -2.11841e-43 -2.48787e-43 -1.41244e-43  6.78032e-43 -1.26027e-43   2.2325e-43  4.79934e-44 -8.16144e-44  -1.4993e-44  6.46104e-44  3.77457e-45 -2.90799e-44  1.56346e-45 -7.68636e-46 -9.31263e-46   -6.424e-46 -2.08959e-46   -3.604e-46 -1.33517e-46 -1.63002e-46  1.46305e-46  3.94306e-47 -3.01966e-46 -8.93873e-48  4.83835e-46 -3.67766e-47 -7.17593e-46  7.13591e-47  9.80308e-46  -1.0087e-46 -1.22064e-45  1.17332e-46  1.37639e-45 -1.21195e-46 -1.39332e-45  1.10022e-46  1.25296e-45 -8.60516e-47 -9.87991e-46  5.65612e-47  6.71849e-46 -3.02601e-47 -3.85427e-46  1.26276e-47  1.80931e-46 -3.87838e-48 -6.64261e-47  8.08593e-49   1.7709e-47 -1.02208e-49 -2.96473e-48  6.63456e-51  2.01385e-49
-1.91622e-37  2.15736e-34  1.39167e-36 -1.11436e-33 -1.21023e-36  2.74268e-33 -2.41747e-36 -1.82082e-33  1.00218e-35    5.296e-34  -1.0598e-35  1.27251e-33  6.98548e-36 -9.28871e-34  2.00247e-36  4.08027e-34 -2.89412e-36  4.73306e-34  1.17873e-36 -3.20206e-34 -3.54362e-36  1.77573e-34  3.49988e-36 -6.09732e-36 -7.19458e-36  4.43044e-35  -2.3346e-36 -4.26151e-35  2.11641e-36  5.17284e-36 -3.60685e-36  2.16795e-35  6.26693e-37 -2.16328e-36  3.52817e-37 -7.04646e-37 -7.88833e-37  2.95159e-36 -8.68413e-38  7.10805e-37  -5.1592e-38 -9.22133e-37 -2.50059e-38  4.94894e-37 -1.78705e-38  1.11934e-38 -5.67823e-39 -1.72665e-37   1.6434e-39 -1.34232e-38  2.43567e-39 -4.03047e-38  9.54883e-39 -1.42316e-38  1.09946e-39 -9.82528e-39 -8.61616e-41  5.16637e-39 -6.50011e-41 -4.05227e-39  -3.0334e-40  1.32389e-39 -1.45997e-40  5.98956e-40  6.32083e-44 -2.37674e-40 -8.24161e-42 -1.41838e-41 -8.86734e-43 -5.48899e-41  6.76334e-42  6.00662e-43  5.78981e-43  6.44675e-42  -4.5133e-43  -9.1808e-43 -2.58635e-43  1.34812e-42 -2.31598e-43  2.98126e-43  8.22106e-44 -1.19872e-43 -2.96289e-44  1.16695e-43  7.99281e-45 -4.73561e-44   2.4772e-45 -8.06818e-46  -2.0864e-45 -1.00687e-45 -2.44004e-46 -2.64627e-46 -7.42197e-46 -2.55314e-46  1.14643e-45 -1.95591e-47 -2.02313e-45   1.6787e-46    3.124e-45 -3.48142e-46 -4.43507e-45  5.11838e-46  5.76102e-45 -6.48149e-46 -6.79248e-45  7.15488e-46  7.21449e-45  -6.9293e-46  -6.8376e-45  5.76656e-46  5.71571e-45 -4.00073e-46 -4.15294e-45  2.21324e-46  2.57347e-45 -9.05649e-47 -1.32563e-45  2.31134e-47  5.47199e-46 -1.29528e-48 -1.70997e-46 -1.31398e-48  3.65831e-47  4.12671e-49 -4.25779e-48 -3.42531e-50
-1.04273e-35 -7.79967e-37  2.32464e-34  3.31818e-36 -1.53734e-33 -2.41747e-36  3.48169e-33 -4.31342e-36 -1.84514e-33   1.3807e-35  5.67621e-34 -1.47936e-35  1.61553e-33  8.32213e-36 -8.85165e-34 -7.17314e-37  3.10356e-34  8.42886e-37  7.05979e-34  2.49016e-37 -3.58684e-34 -4.71845e-36   1.7824e-34  7.34154e-36 -5.80375e-35 -1.10313e-35  9.09834e-35 -2.56981e-36  -7.1934e-35  3.29934e-36  1.07667e-35 -4.93081e-36  2.73068e-35  8.65697e-37 -1.62609e-36  4.12034e-37  1.27186e-36 -1.17517e-36  3.16773e-36 -1.19787e-37  8.92711e-37 -8.32679e-38 -6.79432e-37 -4.58814e-38  4.20697e-37 -2.98748e-38  3.51304e-39  -1.2231e-38 -1.67677e-37  3.98729e-40 -7.30553e-38   4.4929e-39 -4.88601e-38  1.46246e-38 -3.01881e-38  1.69625e-39 -1.52855e-38 -3.82736e-40  7.43423e-39 -2.04669e-40 -6.88602e-39 -4.35015e-40   1.9948e-39 -2.30379e-40  9.43786e-40 -9.47776e-42  -2.9538e-40 -1.04531e-41  6.01381e-42  2.52481e-43  -1.0635e-40  1.13896e-41  9.76501e-42  7.18877e-43  1.07523e-41 -9.70872e-43 -2.25511e-42  -4.4516e-43  2.52289e-42 -3.84214e-43  2.94739e-43  1.25187e-43 -1.83971e-43 -5.51939e-44  2.08119e-43   1.4271e-44 -6.72333e-44  3.73977e-45 -2.49389e-45 -4.85056e-45 -7.85149e-46  1.09875e-45 -1.83226e-46 -4.42576e-45  7.26824e-47  7.35328e-45 -8.95341e-46 -1.19667e-44  1.70021e-45  1.76321e-44 -2.67054e-45 -2.37824e-44  3.62626e-45  2.91985e-44 -4.35869e-45 -3.23807e-44  4.58774e-45  3.21611e-44 -4.15777e-45 -2.83093e-44  3.14634e-45  2.17983e-44 -1.89559e-45  -1.4441e-44  8.32363e-46  8.05257e-45  -2.0755e-46 -3.66644e-45 -1.55259e-47  1.30313e-45  3.50644e-47 -3.35809e-46  -1.2555e-47  5.42841e-47  1.79733e-48  -3.5587e-48
 8.00413e-38  1.55334e-34 -2.05916e-36  3.29853e-34  6.30369e-36 -1.82082e-33 -4.31342e-36   4.0249e-33 -7.22059e-36 -1.67979e-33  1.68992e-35  5.74265e-34 -1.96265e-35  1.99875e-33  7.69413e-36 -8.48766e-34 -4.30507e-36  1.85695e-34  6.95839e-36  8.54207e-34 -6.06996e-37 -3.57646e-34 -4.82142e-36  1.51684e-34  1.14117e-35 -1.09394e-34 -1.52051e-35  1.31468e-34 -2.37892e-36  -1.0025e-34  4.75436e-36  1.81177e-35 -6.21394e-36  3.04234e-35  1.06398e-36 -8.51683e-37  4.68695e-37  4.45582e-36 -1.62638e-36  2.99669e-36 -1.42313e-37     9.18e-37 -1.14046e-37 -7.68947e-38 -7.55847e-38  2.29111e-37 -4.40374e-38 -6.62529e-39 -2.04775e-38 -1.41979e-37 -8.06898e-40 -1.57414e-37   7.1107e-39 -5.60576e-38  2.12092e-38 -5.76825e-38  2.61035e-39 -2.18989e-38 -9.41214e-40  1.03078e-38 -4.62598e-40   -1.063e-38 -5.66623e-40  2.91568e-39 -3.34739e-40  1.24733e-39  -2.2125e-41 -3.26891e-40 -9.27955e-42  7.64079e-41  3.62665e-42 -1.99097e-40  1.87404e-41  2.81999e-41  5.40176e-43  1.64436e-41 -1.99936e-42 -4.86734e-42 -7.16211e-43  4.50892e-42 -5.89913e-43  1.49694e-43  1.68382e-43 -3.12485e-43 -9.81408e-44  3.65224e-43  2.13336e-44  -8.0087e-44  7.24292e-45 -9.54438e-45 -1.37072e-44  1.91088e-45  1.15667e-44  -2.0924e-45 -2.48297e-44  4.46144e-45  4.06057e-44 -8.84084e-45 -6.21399e-44  1.45396e-44  8.67404e-44  -2.1371e-44 -1.10346e-43  2.79545e-44  1.27093e-43 -3.22609e-44 -1.31448e-43  3.22476e-44  1.20914e-43  -2.7212e-44 -9.77526e-44    1.864e-44  6.84306e-44  -9.6939e-45 -4.06912e-44  3.28089e-45  2.00291e-44 -2.94243e-46  -7.8665e-45 -3.50775e-46  2.32918e-45  1.94698e-46 -4.70304e-46 -4.29848e-47  5.14833e-47  3.13918e-48
-1.11547e-34  3.87259e-37  4.00985e-34 -4.16909e-36  4.47429e-34  1.00218e-35 -1.84514e-33 -7.22059e-36  4.43627e-33  -1.1688e-35 -1.50444e-33  1.86378e-35  5.58584e-34 -2.47571e-35  2.37217e-33  4.23039e-36 -8.32856e-34 -6.76801e-36  3.53324e-35  1.50852e-35  8.82394e-34 -1.31649e-36 -3.10445e-34 -3.14533e-36  9.53817e-35  1.47286e-35 -1.34527e-34  -1.9291e-35  1.54936e-34 -1.62192e-36 -1.25594e-34  6.46503e-36  2.76224e-35 -7.35761e-36   3.0824e-35  1.16746e-36  -3.5647e-37   5.3748e-37  8.59142e-36 -2.09634e-36  2.48854e-36 -1.40474e-37  6.69272e-37 -1.36008e-37  9.08517e-37 -1.10379e-37  -9.5367e-38 -5.59213e-38 -2.30115e-38 -2.73328e-38  -1.1671e-37 -6.92677e-40 -2.61153e-37   1.0212e-38 -6.49236e-38   2.9253e-38 -9.77155e-38  4.00566e-39 -3.00464e-38 -1.79565e-39  1.42486e-38  -8.4946e-40 -1.52163e-38 -6.72104e-40  4.26656e-39  -4.5072e-40  1.33678e-39 -2.80978e-41 -3.40593e-40  -1.0462e-42  2.35962e-40  1.04804e-41 -3.53309e-40  3.04124e-41  5.81029e-41 -2.59659e-43  2.34561e-41 -3.83843e-42 -9.70185e-42 -1.07101e-42  7.67291e-42 -8.53974e-43 -1.50412e-43  1.94235e-43 -5.72406e-43 -1.65164e-43  6.16952e-43  2.25515e-44 -6.91199e-44  2.42656e-44 -3.14281e-44 -5.04783e-44  1.74952e-44  6.94866e-44 -2.43045e-44  -1.2472e-43  4.67445e-44  1.94907e-43 -8.17739e-44 -2.80572e-43  1.28916e-43  3.67853e-43 -1.82558e-43 -4.37021e-43  2.29341e-43   4.6685e-43 -2.51636e-43 -4.44239e-43  2.36018e-43  3.72289e-43 -1.83658e-43 -2.70917e-43  1.13241e-43  1.68151e-43 -5.08819e-44  -8.6949e-44  1.33166e-44  3.62691e-44  4.15101e-46 -1.16424e-44 -1.84453e-45   2.6645e-45  6.58789e-46 -3.74953e-46 -9.03777e-47  2.08742e-47
 2.80053e-37 -3.36247e-34  1.18262e-36  6.79987e-34 -7.05246e-36    5.296e-34   1.3807e-35 -1.67979e-33  -1.1688e-35  4.87471e-33 -1.83951e-35 -1.48041e-33   1.8536e-35  5.26405e-34 -2.93516e-35  2.64473e-33 -2.32856e-36 -8.19333e-34 -5.52605e-36 -1.41629e-34  2.42326e-35  7.97847e-34 -2.18115e-36 -2.21553e-34  6.60677e-37  1.43024e-35  1.66671e-35 -1.16382e-34 -2.29247e-35  1.56613e-34 -2.49403e-37 -1.47293e-34   8.3739e-36  3.89463e-35 -8.31594e-36  2.92169e-35  1.12858e-36 -5.46771e-37   6.3922e-37  1.30493e-35  -2.5248e-36  1.75277e-36 -9.75666e-38  1.49967e-39  -1.4207e-37  2.25212e-36 -1.44392e-37 -5.64672e-37 -5.83244e-38 -5.82262e-38 -2.74857e-38 -1.23447e-37  2.43097e-39 -3.77701e-37  1.39016e-38 -8.06158e-38  3.83064e-38 -1.47574e-37  6.07431e-39 -4.07663e-38 -2.92219e-39  2.03051e-38 -1.31667e-39 -2.06227e-38 -7.23439e-40  6.36065e-39  -5.6607e-40  1.00007e-39 -8.55459e-42 -3.75019e-40  1.89737e-41  5.24145e-40   2.2145e-41 -5.88314e-40  4.85256e-41  9.96132e-41 -2.01151e-42  3.14375e-41 -6.82096e-42 -1.78703e-41  -1.4806e-42  1.23119e-41 -1.17882e-42 -4.99249e-43  1.72719e-43 -1.05937e-42  -2.5299e-43  9.76629e-43 -1.14741e-44  4.80278e-45  1.08611e-43 -1.16767e-43 -2.11593e-43  1.37858e-43  3.34963e-43 -2.46477e-43 -5.46638e-43  4.54309e-43   8.0329e-43  -7.6327e-43 -1.07723e-42  1.15732e-42  1.30707e-42 -1.56593e-42 -1.42368e-42  1.86435e-42   1.3779e-42 -1.91869e-42 -1.16991e-42  1.66685e-42  8.57261e-43 -1.18195e-42 -5.30484e-43  6.48878e-43   2.6898e-43 -2.49337e-43 -1.06815e-43  4.93859e-44  3.07794e-44  6.37758e-45 -5.46883e-45 -6.83212e-45  3.03004e-46  1.59732e-45  6.12063e-47 -1.11178e-46
 9.91319e-35  8.75734e-37 -6.09763e-34  2.67485e-36  9.68431e-34  -1.0598e-35  5.67621e-34  1.68992e-35 -1.50444e-33 -1.83951e-35  5.45472e-33 -2.78375e-35 -1.66673e-33  1.63977e-35  4.90287e-34 -3.24289e-35  2.72724e-33 -1.14257e-35 -7.85758e-34  1.40931e-36 -3.37512e-34  3.30589e-35  6.43474e-34 -3.86334e-36 -1.07546e-34   6.4721e-36 -7.94408e-35  1.72568e-35 -5.42219e-35 -2.58434e-35   1.3856e-34  1.65481e-36 -1.64647e-34  1.03637e-35  5.08442e-35 -9.08502e-36    2.662e-35  9.27548e-37 -1.60687e-36  7.91272e-37  1.70206e-35 -2.85793e-36  9.15283e-37  2.73556e-40 -1.23976e-36 -1.26952e-37  3.89936e-36   -1.721e-37 -1.18135e-36 -4.23328e-38 -1.37239e-37 -1.43542e-38 -1.90576e-37  1.02861e-38 -5.03175e-37  1.86704e-38 -1.07818e-37   4.7383e-38 -2.00439e-37  9.02535e-39 -5.60244e-38  -4.2412e-39   3.0326e-38   -1.731e-39 -2.70094e-38 -6.97256e-40  9.61842e-39 -6.66188e-40  3.14162e-41  6.42323e-41 -5.00602e-40  5.65489e-41  9.64774e-40  4.00381e-41 -9.15953e-40  7.53834e-41  1.49917e-40 -5.02683e-42  3.95204e-41 -1.12325e-41 -3.02277e-41 -1.88139e-42  1.84426e-41 -1.55148e-42 -6.07227e-43  4.74232e-44 -1.87092e-42 -3.08744e-43  1.36158e-42 -2.01426e-43  3.56044e-43  4.75505e-43 -7.04983e-43 -8.53516e-43  1.27295e-42  1.34623e-42 -2.41815e-42  -2.0166e-42  4.29641e-42  2.72572e-42 -6.91743e-42 -3.31618e-42  9.98837e-42   3.5877e-42 -1.27767e-41 -3.39692e-42  1.42597e-41  2.74824e-42 -1.36158e-41 -1.82469e-42  1.08314e-41  9.13179e-43 -6.90869e-42 -2.57076e-43  3.32127e-42 -6.18198e-44  -1.0623e-42  1.25631e-43  1.43897e-43 -8.01559e-44  3.77022e-44  2.98144e-44 -1.97546e-44 -6.26187e-45  2.72481e-45  5.00296e-46
-6.99687e-37  2.38521e-34   1.8057e-36 -8.27769e-34  4.78688e-36  1.27251e-33 -1.47936e-35  5.74265e-34  1.86378e-35 -1.48041e-33 -2.78375e-35  6.17338e-33 -3.99778e-35 -2.01075e-33  1.26282e-35  4.70568e-34 -3.35976e-35  2.57788e-33 -2.18357e-35 -7.29016e-34  1.43746e-35 -5.33842e-34  4.03502e-35   4.7869e-34 -7.14308e-36  7.48046e-36  1.37388e-35 -1.70097e-34  1.71169e-35  3.72914e-35 -2.78619e-35  1.07559e-34  3.87232e-36   -1.759e-34  1.22748e-35  6.13898e-35 -9.66989e-36  2.36728e-35  5.91815e-37 -3.51688e-36   9.9585e-37  1.97877e-35 -3.07179e-36  1.12682e-37  1.55205e-37 -3.16558e-36 -8.66195e-38  5.78137e-36 -1.90873e-37 -1.92592e-36  9.60699e-40 -2.99074e-37  1.78051e-38 -3.24849e-37  2.41238e-38  -6.3999e-37  2.55594e-38 -1.46779e-37  5.50061e-38 -2.46509e-37  1.30896e-38  -7.8879e-38 -5.63447e-39  4.69499e-38 -1.87337e-39 -3.47712e-38 -5.80342e-40  1.44653e-38 -7.34194e-40 -1.72449e-39  2.24461e-40 -8.10898e-40  1.18479e-40  1.54823e-39  6.56916e-41 -1.33346e-39  1.12797e-40  2.03057e-40 -9.57999e-42  4.60861e-41 -1.72014e-41 -4.68224e-41 -2.18867e-42  2.55877e-41 -1.90225e-42 -4.81918e-44 -3.24212e-43 -2.83093e-42 -1.03462e-43  8.96957e-43  -9.6243e-43    2.978e-42  1.79519e-42 -6.13234e-42 -2.93886e-42  1.21702e-41   4.2897e-42 -2.26676e-41  -5.6888e-42  3.85269e-41   6.6176e-42 -5.89924e-41 -6.55927e-42  8.05012e-41  5.18177e-42 -9.66095e-41 -2.63646e-42  1.00264e-40 -3.57963e-43 -8.80242e-41  2.79034e-42  6.34185e-41  -3.8963e-42  -3.5853e-41   3.5935e-42  1.47517e-41 -2.45751e-42 -3.74382e-42  1.25779e-42  2.46027e-43 -4.64346e-43    1.596e-43  1.12963e-43 -4.38714e-44 -1.44783e-44  2.80179e-45
-4.80288e-35 -1.85476e-36  3.75544e-34  2.75491e-36 -9.29274e-34  6.98548e-36  1.61553e-33 -1.96265e-35  5.58584e-34   1.8536e-35 -1.66673e-33 -3.99778e-35  6.92476e-33 -5.41368e-35 -2.39433e-33   8.5806e-36  4.85219e-34  -3.3582e-35  2.22458e-33 -3.21919e-35 -6.70231e-34  3.17871e-35 -7.07224e-34  4.54121e-35  3.57576e-34 -1.25494e-35  1.00039e-34  2.16494e-35 -2.43197e-34  1.71127e-35  1.35607e-34 -2.88153e-35  7.16409e-35  6.10049e-36  -1.7826e-34  1.39603e-35  6.84422e-35 -1.00453e-35  2.02858e-35  2.00698e-37 -6.11167e-36  1.23252e-36  2.09187e-35 -3.18792e-36  -4.7626e-37  3.49781e-37 -5.77567e-36 -1.69116e-38  7.82221e-36 -2.02622e-37 -2.74264e-36  7.84845e-38 -5.94033e-37  7.10444e-38 -4.95409e-37  4.42535e-38 -7.98574e-37  3.62311e-38 -1.89662e-37  5.94928e-38  -2.7544e-37  1.85316e-38 -1.13362e-37 -6.96851e-39  7.32313e-38 -1.47261e-39 -4.44301e-38 -3.72036e-40  2.11699e-38 -7.48997e-40 -4.34699e-39  5.08378e-40 -1.40369e-39  2.12131e-40  2.21982e-39  1.00677e-40 -1.81865e-39  1.61165e-40  2.50889e-40  -1.5942e-41  4.87106e-41 -2.45733e-41 -6.65439e-41 -2.36167e-42  3.29493e-41 -1.99559e-42  6.88506e-43  -1.3355e-42 -6.69775e-43  1.01149e-42 -8.97453e-42 -3.23384e-42   2.7263e-41  5.14921e-42 -5.72634e-41 -7.14745e-42  1.11742e-40  8.29472e-42 -1.99587e-40 -7.33132e-42  3.22676e-40  2.74844e-42 -4.67409e-40  6.06833e-42  5.99543e-40 -1.79877e-41 -6.71037e-40  2.98547e-41  6.43065e-40 -3.75444e-41 -5.14499e-40  3.81025e-41  3.31697e-40 -3.16247e-41 -1.63237e-40  2.13008e-41  5.56716e-41 -1.13753e-41 -1.02755e-41   4.6199e-42 -2.42115e-43 -1.32685e-42  5.03749e-43  2.33158e-43 -6.89318e-44 -1.62066e-44
 5.45252e-37 -8.41858e-35 -3.26439e-36  4.58003e-34  3.06824e-36 -9.28871e-34  8.32213e-36  1.99875e-33 -2.47571e-35  5.26405e-34  1.63977e-35 -2.01075e-33 -5.41368e-35   7.5647e-33 -6.92433e-35  -2.6972e-33  6.51476e-36  5.36397e-34  -3.3993e-35  1.75674e-33 -4.16371e-35 -6.41403e-34   5.0839e-35  -8.3731e-34  4.81727e-35  3.12398e-34 -2.00517e-35  1.54738e-34  2.93254e-35  -2.8967e-34  1.79643e-35  2.19401e-34  -2.8511e-35  3.69974e-35  8.03751e-36  -1.6889e-34  1.53499e-35  7.01016e-35 -1.01283e-35  1.57827e-35 -1.32365e-37  -9.0965e-36  1.45911e-36  2.02954e-35 -3.27254e-36 -5.95657e-37  5.45329e-37 -8.91368e-36  8.73697e-38  9.93905e-36 -2.14211e-37  -3.5305e-36  1.93283e-37 -1.07358e-36  1.41037e-37 -6.28477e-37  6.98413e-38 -9.95899e-37  5.29121e-38 -2.19147e-37   5.9407e-38 -2.79333e-37  2.56317e-38 -1.63859e-37 -8.11801e-39  1.11888e-37 -2.72039e-40 -5.63709e-38 -8.30349e-41  2.96762e-38 -6.83214e-40 -7.83922e-39  9.48155e-40 -2.35387e-39  3.43966e-40  2.88135e-39  1.46294e-40 -2.32998e-39  2.18527e-40  2.85201e-40 -2.44642e-41   4.4823e-41 -3.27922e-41 -8.83311e-41 -2.54101e-42  4.33129e-41 -1.31071e-42 -1.07156e-41 -3.60013e-42  3.86676e-41  3.45031e-42 -1.09753e-40 -6.07198e-42  2.51993e-40  5.67924e-42 -5.14813e-40 -2.32321e-44  9.64127e-40 -1.56636e-41 -1.64054e-39  4.58199e-41  2.51339e-39 -9.18966e-41 -3.43044e-39  1.48585e-40  4.11704e-39 -2.02584e-40 -4.27338e-39  2.36119e-40  3.75417e-39 -2.35305e-40 -2.71046e-39   1.9885e-40  1.54138e-39 -1.40286e-40 -6.44971e-40  8.06325e-41   1.7365e-40 -3.63918e-41 -1.89561e-41  1.21671e-41  -3.5007e-42 -2.71891e-42  1.14941e-42  3.21807e-43 -6.26637e-44
-9.65257e-36  1.25244e-36 -7.21877e-35 -4.35729e-36  4.64905e-34  2.00247e-36 -8.85165e-34  7.69413e-36  2.37217e-33 -2.93516e-35  4.90287e-34  1.26282e-35 -2.39433e-33 -6.92433e-35  7.97944e-33 -8.42751e-35 -2.84302e-33  8.89656e-36  6.03001e-34 -3.63964e-35  1.29343e-33 -5.01772e-35 -6.65768e-34   6.8701e-35 -9.11757e-34  4.90167e-35  3.47028e-34 -2.89565e-35  1.67919e-34  3.59719e-35 -3.07657e-34  2.00046e-35  2.75001e-34 -2.67282e-35  6.43217e-36  9.46799e-36  -1.4617e-34  1.64886e-35  6.49669e-35  -9.7764e-36  9.37571e-36 -2.97137e-37 -1.20058e-35  1.62088e-36  1.79954e-35 -3.41693e-36  8.57092e-38  6.89716e-37  -1.2277e-35  2.32128e-37  1.20385e-35 -2.36816e-37 -4.14481e-36  3.42986e-37 -1.77157e-36  2.15709e-37 -6.17898e-37  9.91878e-38 -1.25045e-36  7.81905e-38 -2.10565e-37  5.40232e-38  -2.5526e-37  3.45954e-38 -2.33882e-37 -8.98995e-39  1.64318e-37  1.88892e-39  -7.0518e-38  2.68288e-40  3.95027e-38 -5.04496e-40 -1.21451e-38  1.56433e-39  -3.6805e-39    5.169e-40  3.40728e-39  2.03005e-40 -2.81216e-39  2.79875e-40  2.99332e-40 -3.56505e-41  3.69505e-41 -4.09463e-41 -1.25533e-40 -2.79528e-42  1.02893e-40 -3.70152e-43 -1.63266e-40 -3.80899e-42   4.3657e-40 -3.52997e-42 -1.03646e-39  1.84831e-41  2.22382e-39 -5.88959e-41 -4.35851e-39   1.4054e-40  7.78768e-39  -2.8052e-40 -1.25831e-38  4.84984e-40  1.82105e-38 -7.36111e-40 -2.33309e-38  9.83985e-40  2.60759e-38 -1.15544e-39 -2.49486e-38  1.18359e-39  1.99278e-38 -1.04593e-39 -1.28325e-38  7.84706e-40  6.32118e-39 -4.88722e-40 -2.17591e-39  2.44731e-40  4.24003e-40 -9.39445e-41 -7.51489e-42  2.55765e-41 -1.36142e-41 -4.25111e-42  1.74393e-42  2.77207e-43
-3.65192e-38 -4.64396e-35  1.90094e-36  2.82733e-35 -4.45231e-36  4.08027e-34 -7.17314e-37 -8.48766e-34  4.23039e-36  2.64473e-33 -3.24289e-35  4.70568e-34   8.5806e-36  -2.6972e-33 -8.42751e-35  8.12576e-33 -9.85822e-35 -2.81327e-33  1.72709e-35  6.45311e-34 -4.13447e-35   9.4316e-34 -5.84848e-35 -7.44837e-34  8.35123e-35  -9.2709e-34   4.8523e-35  4.40398e-34 -3.80363e-35  1.46915e-34  4.09466e-35 -3.01731e-34  2.31384e-35  2.98436e-34 -2.32783e-35 -2.04962e-35  1.03149e-35 -1.10422e-34  1.75232e-35  5.21551e-35 -8.81576e-36  6.60446e-37 -2.30223e-37 -1.41632e-35  1.66447e-36  1.41249e-35 -3.70342e-36  1.91858e-36  7.33265e-37 -1.54833e-35  4.22601e-37  1.40108e-35 -2.84501e-37 -4.41166e-36  5.19083e-37 -2.67913e-36  2.76152e-37 -3.50928e-37  1.30517e-37 -1.57442e-36  1.14669e-37 -1.37393e-37  4.36301e-38 -2.06543e-37  4.53708e-38 -3.24409e-37 -9.55169e-39  2.29689e-37  5.00414e-39  -8.6113e-38  6.60964e-40  4.97641e-38 -1.83597e-40 -1.71684e-38  2.35735e-39 -5.31085e-39  7.27261e-40  3.66853e-39  2.69785e-40 -3.20223e-39  3.36885e-40  2.75901e-40 -4.96535e-41  8.04977e-41 -4.96056e-41 -3.43934e-40  2.13069e-42  6.76485e-40 -1.53359e-41  -1.6547e-39  4.11942e-41  4.04102e-39 -1.22138e-40 -9.03376e-39  2.88581e-40  1.85119e-38 -6.09833e-40 -3.46658e-38  1.15114e-39  5.89348e-38 -1.95033e-39 -9.01777e-38   2.9658e-39  1.22885e-37 -4.03596e-39 -1.47189e-37   4.8874e-39  1.52401e-37 -5.22342e-39 -1.33471e-37  4.87188e-39  9.59958e-38 -3.90643e-39 -5.43406e-38  2.63903e-39  2.26295e-38 -1.46098e-39 -6.08605e-39  6.36945e-40  6.96104e-40 -2.05686e-40  9.57239e-41  4.42264e-41  -3.1832e-41 -4.99137e-42  1.41179e-42
 1.62751e-35 -9.60348e-38 -1.05676e-34  2.17197e-36  2.23727e-34 -2.89412e-36  3.10356e-34 -4.30507e-36 -8.32856e-34 -2.32856e-36  2.72724e-33 -3.35976e-35  4.85219e-34  6.51476e-36 -2.84302e-33 -9.85822e-35  8.03157e-33 -1.11911e-34 -2.63499e-33   3.1339e-35  6.21224e-34 -4.81046e-35  7.71381e-34 -6.72894e-35 -8.57834e-34  9.46675e-35 -8.87263e-34  4.72662e-35  5.56575e-34  -4.5819e-35  1.06419e-34  4.37515e-35 -2.80288e-34  2.69304e-35  2.93901e-34 -1.81107e-35 -4.61394e-35  1.06377e-35 -6.37665e-35   1.8641e-35  3.11866e-35 -7.08939e-36 -1.01204e-35  5.34662e-38 -1.47224e-35  1.55231e-36  8.70091e-36  -4.1666e-36  5.17911e-36  6.47627e-37 -1.81637e-35  6.61997e-37  1.57229e-35 -3.71969e-37 -4.15542e-36  7.07482e-37 -3.71951e-36   3.0008e-37  2.57468e-37  1.63025e-37 -1.96516e-36  1.64484e-37  2.14769e-38  2.95846e-38 -1.42506e-37  5.74143e-38 -4.32301e-37 -9.85967e-39  3.04426e-37  8.86515e-39 -1.01733e-37  1.07863e-39  5.93278e-38  2.90649e-40 -2.27846e-38  3.29964e-39  -7.0427e-39  9.62691e-40   3.5413e-39  3.44169e-40 -3.39532e-39  3.76796e-40  3.89599e-41 -6.07754e-41  7.34435e-40 -7.66059e-41 -2.33389e-39  6.42186e-41  5.99374e-39 -1.79139e-40 -1.49245e-38  4.40973e-40  3.46737e-38 -1.01245e-39 -7.41312e-38  2.09294e-39  1.45261e-37 -3.94658e-39  -2.5932e-37  6.76909e-39  4.18483e-37 -1.05317e-38 -6.04676e-37  1.47967e-38  7.73118e-37 -1.86556e-38 -8.61796e-37  2.09342e-38   8.2169e-37 -2.06864e-38 -6.53322e-37  1.77548e-38    4.181e-37 -1.29993e-38 -2.04182e-37  7.92526e-39  6.94075e-38 -3.89033e-39 -1.32538e-38  1.46318e-39  2.07258e-40 -3.89115e-40  4.00619e-40  6.27396e-41 -4.56603e-41  -3.9148e-42
-2.45881e-37  4.74566e-35  -3.2646e-37 -1.79138e-34  1.90572e-36  4.73306e-34  8.42886e-37  1.85695e-34 -6.76801e-36 -8.19333e-34 -1.14257e-35  2.57788e-33  -3.3582e-35  5.36397e-34  8.89656e-36 -2.81327e-33 -1.11911e-34  7.76741e-33 -1.24223e-34 -2.35897e-33  4.87877e-35  5.06235e-34 -5.52852e-35  7.86746e-34 -7.67851e-35 -9.70819e-34  1.02414e-34 -8.01815e-34  4.57305e-35  6.56736e-34 -5.09237e-35  6.39982e-35  4.39825e-35 -2.52368e-34  3.07284e-35    2.705e-34 -1.14305e-35 -7.29959e-35   1.0578e-35 -9.26585e-36  1.99768e-35  1.88295e-36 -4.50864e-36 -2.21181e-35  4.57361e-37 -1.28327e-35  1.27465e-36   1.6245e-36  -4.7617e-36  9.97226e-36  4.40845e-37 -2.00355e-35  9.51263e-37  1.70118e-35   -5.112e-37 -3.23623e-36  8.90523e-37 -4.73205e-36  2.67149e-37  1.23233e-36  1.97692e-37 -2.39872e-36  2.28752e-37  2.75117e-37  1.41351e-38 -7.68639e-38  6.94959e-38 -5.49556e-37 -1.00735e-38  3.82369e-37  1.30728e-38 -1.15586e-37  1.52165e-39  6.70606e-38  8.93898e-40 -2.88581e-38  4.33064e-39  -8.4817e-39   1.2015e-39  2.78112e-39  4.26794e-40 -2.80502e-39  3.70117e-40 -2.15016e-39 -1.79963e-41  7.15914e-39  -2.6163e-40 -2.02811e-38  5.39331e-40  5.23597e-38 -1.32787e-39 -1.26094e-37  3.00724e-39  2.80825e-37 -6.29376e-39 -5.74922e-37  1.20792e-38  1.07581e-36 -2.12537e-38 -1.82701e-36  3.41486e-38  2.79158e-36 -4.98608e-38 -3.79693e-36  6.57495e-38  4.53651e-36 -7.76898e-38 -4.68144e-36  8.14485e-38  4.08137e-36 -7.48197e-38 -2.91697e-36  5.92628e-38  1.63629e-36 -3.96288e-38 -6.71922e-37  2.17394e-38  1.76188e-37  -9.3915e-39 -1.85905e-38  3.00076e-39 -3.09752e-39 -6.36023e-40  8.90217e-40  7.02081e-41 -3.21868e-41
-1.80492e-36 -6.26358e-37  8.57807e-35 -9.52593e-37 -2.55345e-34  1.17873e-36  7.05979e-34  6.95839e-36  3.53324e-35 -5.52605e-36 -7.85758e-34 -2.18357e-35  2.22458e-33  -3.3993e-35  6.03001e-34  1.72709e-35 -2.63499e-33 -1.24223e-34  7.41138e-33 -1.35554e-34 -2.04065e-33  6.59303e-35   3.0645e-34 -6.18963e-35  9.48076e-34 -8.64379e-35  -1.0489e-33  1.07176e-34 -6.84158e-34  4.42922e-35  7.09094e-34 -5.23504e-35  3.62189e-35   4.1274e-35 -2.24999e-34  3.37745e-35  2.38927e-34 -3.77364e-36 -1.02201e-34  1.02733e-35  5.01378e-35  2.15217e-35 -3.56278e-35 -1.08818e-36 -3.41394e-35  8.34004e-37 -7.90649e-36  8.57021e-37 -7.26641e-36 -5.35124e-36  1.61655e-35  1.63325e-37 -2.09203e-35  1.29019e-36  1.76873e-35 -7.06919e-37  -1.5917e-36  1.05003e-36  -5.4746e-36   1.6465e-37  2.51886e-36  2.37326e-37 -2.82833e-36  3.07042e-37  6.16798e-37  1.11541e-40 -2.51911e-38  7.96588e-38 -6.64062e-37 -1.04331e-38  4.55621e-37  1.70926e-38 -1.25973e-37  2.02681e-39  7.20955e-38   1.5544e-39 -3.53634e-38  5.35967e-39 -8.66187e-39   1.4065e-39 -2.75636e-40   5.5323e-40  3.79862e-39  1.83135e-40  -2.2181e-38  4.17022e-40  6.46216e-38 -1.47404e-39 -1.74264e-37  3.50816e-39  4.35604e-37 -8.08471e-39 -1.00916e-36  1.72511e-38  2.15548e-36  -3.4036e-38 -4.22095e-36  6.18317e-38  7.52872e-36 -1.03082e-37  -1.2135e-35  1.56941e-37  1.75054e-35 -2.16913e-37 -2.23318e-35   2.7017e-37  2.48177e-35 -3.00498e-37 -2.35642e-35  2.95103e-37  1.86269e-35 -2.52233e-37 -1.18207e-35  1.84195e-37  5.69888e-36 -1.12125e-37 -1.89454e-36  5.49866e-38  3.43005e-37 -2.06596e-38  1.42224e-39  5.48316e-39 -1.16117e-38 -8.80005e-40  1.16223e-39   5.4331e-41
 3.51109e-38  3.44819e-36  -9.3092e-37  1.24143e-34 -2.09321e-36 -3.20206e-34  2.49016e-37  8.54207e-34  1.50852e-35 -1.41629e-34  1.40931e-36 -7.29016e-34 -3.21919e-35  1.75674e-33 -3.63964e-35  6.45311e-34   3.1339e-35 -2.35897e-33 -1.35554e-34   7.0263e-33 -1.46074e-34 -1.72751e-33  7.87607e-35  5.80817e-35  -6.8088e-35  1.18529e-33 -9.52484e-35 -1.06612e-33  1.09078e-34 -5.49573e-34  4.32162e-35  6.94682e-34 -4.96694e-35  3.60653e-35  3.52649e-35 -2.01748e-34  3.53088e-35  2.08923e-34  4.00293e-36 -1.32724e-34  9.77103e-36  1.12381e-34  2.30596e-35 -8.08017e-35  3.04501e-36 -4.49812e-35  1.04239e-36  8.81984e-38  3.61277e-37 -1.80999e-35 -5.71743e-36  2.33674e-35  -9.7161e-38 -2.07029e-35  1.67887e-36  1.75486e-35 -9.51626e-37  7.27159e-37  1.17052e-36 -5.65082e-36 -8.24555e-39  3.98165e-36  2.85534e-37 -3.19004e-36  3.97032e-37  1.02434e-36 -9.41794e-39 -1.89737e-39  8.54088e-38 -7.62029e-37 -1.11861e-38  5.15891e-37  2.03391e-38 -1.31779e-37  2.69396e-39  7.42393e-38  2.15118e-39   -4.343e-38  6.29309e-39 -2.52541e-39  1.46657e-39 -2.05473e-38  9.85775e-40  6.31825e-38   -9.449e-40 -1.97782e-37  3.22548e-39  5.51636e-37  -8.5768e-39 -1.43199e-36  2.00965e-38   3.4484e-36 -4.41085e-38 -7.67457e-36  8.97875e-38  1.57039e-35 -1.69031e-37 -2.93661e-35  2.93098e-37  4.98227e-35 -4.66006e-37 -7.60209e-35  6.75541e-37  1.03199e-34 -8.86796e-37  -1.2297e-34   1.0454e-36   1.2643e-34 -1.09536e-36 -1.09655e-34  1.00713e-36  7.77908e-35 -7.99411e-37 -4.31528e-35  5.36247e-37  1.73972e-35 -2.95364e-37 -4.39436e-36   1.2822e-37  3.95418e-37 -4.11982e-38  9.70218e-38  8.78629e-39 -2.33343e-38 -9.76104e-40  6.93399e-40
-6.64339e-36 -9.44529e-38  1.72526e-35 -6.64445e-37   1.5689e-34 -3.54362e-36 -3.58684e-34 -6.06996e-37  8.82394e-34  2.42326e-35 -3.37512e-34  1.43746e-35 -6.70231e-34 -4.16371e-35  1.29343e-33 -4.13447e-35  6.21224e-34  4.87877e-35 -2.04065e-33 -1.46074e-34  6.65368e-33  -1.5626e-34 -1.45133e-33  8.39152e-35  -1.8523e-34 -7.50941e-35  1.42391e-33 -1.02196e-34 -1.01105e-33  1.07929e-34 -4.12624e-34  4.26632e-35  6.08666e-34 -4.30922e-35  7.17739e-35  2.55976e-35 -1.82524e-34  3.46807e-35   1.8771e-34  1.08405e-35 -1.61423e-34  8.97498e-36  1.76445e-34   2.4154e-35  -1.3252e-34  7.66532e-36 -5.37209e-35  1.01281e-36  1.04066e-35  -1.2318e-37 -3.08509e-35 -5.60178e-36  3.09466e-35 -2.29768e-37 -1.92603e-35  2.11752e-36  1.64221e-35 -1.22192e-36  3.53786e-36  1.24156e-36 -4.96259e-36 -2.39091e-37  5.42416e-36  3.44748e-37 -3.41547e-36  4.94491e-37  1.46444e-36 -1.14758e-38 -1.71043e-38  8.41301e-38 -8.31616e-37 -1.24747e-38  5.56013e-37  2.22659e-38 -1.33286e-37   3.7184e-39  7.65211e-38  2.49895e-39 -6.47494e-38  7.17415e-39  5.10999e-38  8.20468e-40 -1.89654e-37  3.29872e-39  5.75814e-37 -7.27926e-39 -1.66832e-36  1.91921e-38  4.48856e-36 -4.70487e-38 -1.12275e-35  1.06402e-37  2.60071e-35 -2.24157e-37  -5.5531e-35  4.37946e-37   1.0869e-34 -7.90673e-37 -1.93718e-34  1.31323e-36  3.11883e-34 -1.99606e-36 -4.49166e-34  2.75889e-36   5.7168e-34 -3.44112e-36 -6.33269e-34  3.83723e-36  5.98571e-34 -3.78177e-36 -4.70119e-34  3.24683e-36  2.95518e-34 -2.38376e-36 -1.40346e-34  1.46029e-36  4.53911e-35 -7.21511e-37  -7.6295e-36  2.73529e-37 -2.69581e-37 -7.33965e-38  3.08352e-37  1.19435e-38 -2.71465e-38 -7.50868e-40
-1.26158e-37 -1.67343e-35 -6.38221e-37  2.98274e-35  7.26846e-37  1.77573e-34 -4.71845e-36 -3.57646e-34 -1.31649e-36  7.97847e-34  3.30589e-35 -5.33842e-34  3.17871e-35 -6.41403e-34 -5.01772e-35   9.4316e-34 -4.81046e-35  5.06235e-34  6.59303e-35 -1.72751e-33  -1.5626e-34  6.31779e-33  -1.6699e-34 -1.22502e-33  7.92764e-35 -3.70129e-34 -8.44483e-35  1.60436e-33 -1.06517e-34 -8.88447e-34  1.03581e-34 -2.84461e-34  4.27451e-35   4.5816e-34 -3.34236e-35  1.46789e-34  1.19621e-35 -1.64326e-34  3.14535e-35  1.79233e-34  1.56907e-35 -1.83809e-34  7.63924e-36  2.41898e-34  2.41961e-35 -1.88928e-34  1.24717e-35 -5.98943e-35  7.95783e-37  2.14522e-35 -4.99764e-37 -4.52061e-35 -4.76655e-36  3.80826e-35 -1.20335e-37 -1.64126e-35  2.60308e-36  1.42138e-35 -1.47836e-36  6.53741e-36  1.25891e-36 -3.18021e-36 -5.04117e-37  6.62394e-36  4.13833e-37 -3.44917e-36   5.9367e-37  1.89962e-36 -3.49666e-39 -7.37732e-38  7.36285e-38 -8.66862e-37 -1.42205e-38  5.72491e-37  2.24292e-38 -1.38263e-37  5.46384e-39  1.08642e-37  2.15249e-39  -2.0516e-37  8.93324e-39  5.07219e-37  -3.6774e-39 -1.62225e-36  1.62422e-38   4.8222e-36 -4.16556e-38 -1.34442e-35  1.04124e-37  3.48941e-35 -2.44197e-37 -8.40415e-35  5.32828e-37  1.87018e-34 -1.08114e-36 -3.82558e-34  2.03226e-36  7.14967e-34 -3.52438e-36  -1.2119e-33    5.611e-36  1.84659e-33  -8.1528e-36  -2.5018e-33  1.07357e-35  2.97281e-33 -1.27039e-35 -3.04451e-33    1.337e-35  2.62595e-33  -1.2355e-35 -1.84795e-33  9.86338e-36  1.01253e-33  -6.6604e-36 -3.99728e-34  3.69728e-36  9.64784e-35 -1.62021e-36 -6.76238e-36  5.26736e-37 -2.70176e-36 -1.14054e-37  5.52684e-37  1.29331e-38 -1.32572e-38
 6.52847e-36 -3.65306e-37 -2.41058e-35 -1.89489e-36  2.52523e-35  3.49988e-36   1.7824e-34 -4.82142e-36 -3.10445e-34 -2.18115e-36  6.43474e-34  4.03502e-35 -7.07224e-34   5.0839e-35 -6.65768e-34 -5.84848e-35  7.71381e-34 -5.52852e-35   3.0645e-34  7.87607e-35 -1.45133e-33  -1.6699e-34  6.03076e-33  -1.7938e-34 -1.04485e-33   6.4242e-35 -4.58431e-34 -9.69764e-35  1.69204e-33 -1.07652e-34 -7.17736e-34  9.64048e-35 -1.71031e-34  4.36643e-35  2.58097e-34 -2.19019e-35  2.60288e-34 -5.80386e-36 -1.42449e-34  2.54642e-35  1.83998e-34  1.77644e-35  -1.9514e-34  5.40952e-36  3.07969e-34  2.25109e-35 -2.47309e-34   1.7108e-35 -6.35378e-35  5.76685e-37   3.0878e-35 -6.94776e-37 -6.04262e-35 -3.06544e-36  4.38435e-35  3.27588e-37 -1.19324e-35  3.12242e-36  1.09608e-35 -1.67063e-36    9.348e-36  1.22444e-36  -2.1436e-37 -7.72906e-37  7.37545e-36  4.86053e-37 -3.26561e-36  6.88027e-37  2.29563e-36  1.63337e-38 -1.64994e-37  5.26343e-38 -8.73401e-37 -1.60343e-38  5.80559e-37  2.04273e-38 -2.18701e-37  8.85087e-39  4.35424e-37 -8.96037e-40 -1.38051e-36  1.74596e-38  4.33976e-36 -2.92259e-38 -1.33668e-35  8.62128e-38   3.8534e-35 -2.21296e-37 -1.03698e-34  5.35075e-37  2.59422e-34 -1.21064e-36  -6.0095e-34  2.55039e-36  1.28295e-33 -4.98845e-36 -2.51008e-33  9.02332e-36  4.47043e-33  -1.5025e-35 -7.18911e-33  2.29063e-35  1.03362e-32 -3.17678e-35  -1.3124e-32  3.97711e-35   1.4489e-32 -4.45297e-35 -1.36301e-32  4.40824e-35  1.06321e-32 -3.80364e-35 -6.61539e-33  2.80861e-35  3.09038e-33 -1.73224e-35 -9.68681e-34  8.62974e-36  1.48204e-34 -3.30577e-36  1.15824e-35  8.99135e-37 -7.33428e-36 -1.49015e-37  5.67386e-37  9.61464e-39
-8.23787e-39  1.22008e-35 -7.56945e-37 -1.90638e-35  -4.0763e-36 -6.09732e-36  7.34154e-36  1.51684e-34 -3.14533e-36 -2.21553e-34 -3.86334e-36   4.7869e-34  4.54121e-35  -8.3731e-34   6.8701e-35 -7.44837e-34 -6.72894e-35  7.86746e-34 -6.18963e-35  5.80817e-35  8.39152e-35 -1.22502e-33  -1.7938e-34  5.79511e-33 -1.94391e-34 -8.98325e-34  3.98017e-35 -4.34577e-34 -1.12131e-34  1.67844e-33 -1.04971e-34 -5.28864e-34  8.75811e-35 -7.30825e-35   4.5909e-35  2.68641e-35 -9.93932e-36  4.07689e-34 -2.75615e-35 -1.11732e-34  1.68158e-35  1.99348e-34  1.67363e-35 -1.91381e-34  1.89418e-36   3.7248e-34  1.85055e-35 -3.03993e-34  2.11774e-35 -6.50923e-35  6.49002e-37   3.5855e-35 -6.89667e-37 -7.52464e-35 -5.06706e-37  4.72971e-35  1.17373e-36 -5.62814e-36  3.64415e-36  6.86349e-36 -1.74818e-36  1.15933e-35  1.14547e-36  3.83045e-36 -1.01434e-36  7.53077e-36  5.48098e-37 -2.87978e-36  7.71108e-37  2.62579e-36  4.87402e-38 -2.65804e-37  2.10649e-38 -9.01484e-37 -1.70477e-38   7.4707e-37  1.52132e-38 -1.01104e-36  1.76679e-38  3.32818e-36 -1.75778e-38  -1.1205e-35  6.52082e-38  3.54897e-35 -1.66333e-37 -1.05865e-34  4.49726e-37    2.951e-34 -1.12474e-36 -7.66143e-34  2.63378e-36   1.8455e-33 -5.75759e-36 -4.10666e-33  1.17057e-35  8.39824e-33  -2.2055e-35 -1.56868e-32  3.83449e-35   2.6565e-32 -6.12101e-35 -4.04206e-32  8.91843e-35  5.46508e-32 -1.17777e-34 -6.47519e-32   1.3979e-34   6.6043e-32 -1.47601e-34 -5.66326e-32  1.36897e-34  3.95148e-32 -1.09755e-34  -2.1366e-32  7.44961e-35   8.2424e-33 -4.16198e-35 -1.88672e-33  1.83892e-35  8.69572e-35 -6.04362e-36  6.61553e-35  1.32799e-36 -1.17255e-35 -1.53718e-37  2.14569e-37
