   0.0597808 -3.39218e-16    -0.029637   7.9726e-16   -0.0213869 -7.19906e-16  -0.00919565  2.23823e-16   -0.0028038  1.74997e-16 -0.000394547 -1.15808e-18  0.000240124 -3.25762e-17  0.000276597 -2.88991e-17  0.000182086  2.07586e-18  9.74481e-05  8.82973e-18  4.59623e-05  3.87152e-18  1.96715e-05  7.46008e-19  7.72639e-06 -2.19115e-20  2.79331e-06  -1.0569e-19   9.2785e-07 -9.40016e-20  2.81556e-07 -7.24908e-20   7.7216e-08 -4.70775e-20  1.87548e-08 -2.48344e-20  3.86099e-09 -1.05549e-20  5.92567e-10 -3.55805e-21  2.59869e-11 -9.05319e-22 -2.61695e-11 -1.60377e-22 -1.38172e-11 -2.75452e-23 -4.75928e-12 -1.62429e-23 -1.34969e-12 -9.20813e-24 -3.36344e-13 -6.78893e-25 -7.57279e-14  3.50436e-24 -1.56284e-14   3.6848e-24 -2.98114e-15  2.40162e-24 -5.28288e-16   1.2141e-24 -8.72428e-17  5.13237e-25 -1.34497e-17  1.88193e-25 -1.93687e-18  6.11432e-26 -2.60471e-19   1.7846e-26 -3.26667e-20  4.72318e-27 -3.81085e-21   1.1395e-27 -4.11767e-22  2.50392e-28 -4.09248e-23  4.95289e-29 -3.69814e-24  8.52408e-30  -2.9747e-25  1.15806e-30  -2.0361e-26  7.55768e-32  -1.0422e-27  -2.1866e-32 -1.55123e-29 -1.19793e-32    5.041e-30 -3.76652e-33  8.82594e-31 -9.61601e-34  9.98002e-32 -2.14318e-34  9.18595e-33 -4.23971e-35   7.3228e-34 -7.40842e-36  5.17933e-35 -1.12449e-36  3.28403e-36  -1.4399e-37  1.87382e-37 -1.47013e-38  9.62113e-39 -1.02235e-39  4.43309e-40 -9.24287e-42  1.82378e-41  1.04675e-41  6.64994e-43   1.9597e-42   2.1275e-44  2.31622e-43  5.89227e-46  2.08854e-44  1.38731e-47  1.51187e-45  2.70787e-49  8.85217e-47  4.22499e-51  4.07906e-48  4.97789e-53  1.37578e-49  4.00385e-55  2.91121e-51  1.74594e-57  2.46628e-53
-3.39218e-16     0.102657 -2.56088e-16  -0.00755576  3.92971e-16   -0.0251729 -5.46114e-16   -0.0172123  3.35872e-16  -0.00836291  2.65364e-16  -0.00325697   4.4113e-17   -0.0010062   -4.841e-17 -0.000206132 -2.14106e-17  9.67645e-06  1.82236e-17  3.79509e-05  1.94431e-17  2.47149e-05  9.06534e-18  1.12988e-05  3.01513e-18  4.07918e-06  8.34881e-19   1.1415e-06  1.20907e-19  1.98914e-07 -1.08777e-19 -2.02505e-08 -1.43884e-19 -3.82013e-08 -1.04297e-19 -2.18374e-08 -5.58099e-20 -9.27458e-09 -2.34814e-20 -3.32688e-09  -7.8501e-21  -1.0551e-09 -2.08266e-21 -3.02455e-10 -4.84962e-22 -7.93586e-11 -1.51934e-22 -1.92094e-11 -6.80695e-23 -4.31212e-12 -1.87748e-23 -9.00865e-13  8.52367e-24 -1.75564e-13  1.52936e-23 -3.19613e-14  1.18518e-23 -5.43828e-15  6.68247e-24   -8.646e-16  3.07256e-24 -1.28272e-16  1.20914e-24 -1.77139e-17  4.18101e-25 -2.26714e-18  1.29125e-25 -2.66976e-19  3.60115e-26 -2.85641e-20  9.13328e-27 -2.71094e-21  2.11119e-27 -2.16231e-22  4.42204e-28 -1.21948e-23  8.21966e-29  1.26398e-26  1.28182e-29  1.34725e-25  1.38222e-30  2.55951e-26 -2.85658e-32  3.44706e-27 -7.30005e-32  3.88538e-28 -2.76085e-32  3.85719e-29  -7.7001e-33  3.44596e-30 -1.82801e-33  2.79896e-31 -3.82927e-34  2.07693e-32 -7.10264e-35  1.41036e-33 -1.15308e-35  8.76163e-35 -1.60111e-36  4.97029e-36 -1.82344e-37  2.56645e-37 -1.54413e-38  1.20083e-38 -6.26608e-40  5.06128e-40  7.47971e-41  1.90712e-41  2.09623e-41  6.36288e-43  2.90108e-42   1.8566e-44  2.93529e-43  4.66194e-46  2.35891e-44  9.85802e-48   1.5399e-45  1.70296e-49  8.06906e-47  2.29699e-51  3.22945e-48   2.2456e-53  8.87676e-50   1.3755e-55   1.3159e-51  3.40874e-58
   -0.029637 -2.56088e-16    0.0923924  9.95772e-17    0.0156463 -1.84797e-16   -0.0169091 -1.84202e-16    -0.018842  4.69206e-16   -0.0123325  3.51666e-16    -0.006471   7.8119e-17  -0.00297476 -2.27067e-17  -0.00125532  1.92731e-17 -0.000504853  4.69358e-17  -0.00020067  3.49132e-17 -8.11847e-05  1.73022e-17 -3.37495e-05  7.15058e-18 -1.42074e-05  2.58546e-18  -5.8939e-06  6.64457e-19 -2.34933e-06 -4.95071e-20 -8.84524e-07 -2.09822e-19 -3.11622e-07 -1.65223e-19 -1.02302e-07 -8.83255e-20 -3.12567e-08 -3.64867e-20 -8.89043e-09 -1.21081e-20 -2.35626e-09 -3.41426e-21  -5.8252e-10 -9.87053e-22 -1.34462e-10 -3.60713e-22 -2.89976e-11 -1.24644e-22 -5.84358e-12 -4.78688e-24  -1.0999e-12  3.88856e-23  -1.9312e-13  3.87145e-23 -3.15509e-14   2.4797e-23 -4.77554e-15  1.24896e-23 -6.64704e-16  5.29337e-24 -8.39607e-17  1.95183e-24 -9.37798e-18  6.38595e-25 -8.71611e-19  1.87798e-25 -5.45955e-20  5.00711e-26  1.14244e-21  1.21577e-26    1.131e-21  2.68383e-27  2.44617e-22  5.31967e-28  3.91377e-23  9.14423e-29  5.32058e-24  1.23327e-29  6.43377e-25  7.64009e-31   7.0621e-26 -2.51974e-31  7.10919e-27 -1.34123e-31  6.59891e-28     -4.2e-32  5.66304e-29 -1.07047e-32   4.4974e-30 -2.37811e-33  3.30432e-31 -4.67509e-34  2.24318e-32 -8.08783e-35  1.40406e-33 -1.20956e-35  8.07931e-35 -1.51414e-36  4.25775e-36   -1.484e-37  2.04525e-37 -9.20339e-39  8.90286e-39  1.57849e-40  3.48661e-40  1.43071e-40  1.21756e-41   2.4174e-41  3.74915e-43  2.76951e-42  1.00348e-44  2.47215e-43  2.29114e-46  1.78986e-44  4.34939e-48  1.05323e-45  6.61669e-50  4.87998e-47  7.61777e-52   1.6509e-48  5.99873e-54  3.49174e-50  2.56529e-56  2.94791e-52
  7.9726e-16  -0.00755576  9.95772e-17    0.0700455  1.30304e-16    0.0258267 -4.43067e-16  -0.00719057  1.06516e-16   -0.0161097  5.74953e-16   -0.0135295  3.85522e-16  -0.00860153  1.00205e-16  -0.00472902  3.60899e-17  -0.00237717  7.65984e-17  -0.00112558   8.0411e-17 -0.000509976  5.28476e-17 -0.000222338  2.72763e-17  -9.3127e-05  1.22441e-17  -3.7267e-05  4.71298e-18 -1.41545e-05  1.30027e-18 -5.07291e-06  1.93817e-20 -1.70823e-06   -2.729e-19 -5.38941e-07 -2.19427e-19  -1.5905e-07  -1.1461e-19 -4.38664e-08 -4.61442e-20 -1.13008e-08 -1.53403e-20 -2.71798e-09  -4.6882e-21 -6.09808e-10 -1.56323e-21 -1.27449e-10  -5.5633e-22 -2.47507e-11 -1.22032e-22 -4.44715e-12  5.86723e-23 -7.33825e-13  9.48149e-23 -1.09717e-13  7.13064e-23 -1.44702e-14  3.97638e-23 -1.57837e-15  1.82371e-23   -1.127e-16  7.18934e-24  4.41281e-18  2.49576e-24  3.77943e-18  7.74686e-25  9.52393e-19  2.17223e-25  1.80814e-19  5.53698e-26  2.93848e-20  1.28472e-26  4.27058e-21  2.69508e-27  5.66234e-22  5.00037e-28  6.92159e-23  7.73488e-29  7.84638e-24  8.07788e-30  8.27614e-25  -2.9556e-31   8.1364e-26 -4.82535e-31  7.46035e-27  -1.7884e-31   6.3787e-28 -4.95909e-32  5.08144e-29 -1.17251e-32  3.76621e-30   -2.442e-33  2.59193e-31 -4.48947e-34   1.6521e-32  -7.1941e-35  9.72235e-34 -9.79789e-36  5.26219e-35 -1.08056e-36  2.60745e-36 -8.51649e-38  1.17626e-37 -2.20928e-39   4.7986e-39  6.79506e-40  1.75585e-40  1.53482e-40  5.70461e-42  2.02296e-41  1.62477e-43  2.01213e-42  3.99062e-45  1.61127e-43  8.26898e-47  1.05532e-44  1.40201e-48  5.56016e-46   1.8587e-50  2.23433e-47  1.78831e-52  6.14655e-49  1.07925e-54  9.08984e-51  2.63777e-57
  -0.0213869  3.92971e-16    0.0156463  1.30304e-16    0.0570584 -3.08778e-16    0.0294503 -5.30992e-16  0.000645505  2.28705e-16   -0.0115523  5.56522e-16   -0.0123948  3.23562e-16  -0.00911509  1.05947e-16  -0.00559749  9.65007e-17  -0.00306577  1.26506e-16  -0.00154223  1.07868e-16   -0.0007223  6.81815e-17 -0.000316653   3.6085e-17 -0.000130083  1.66491e-17  -5.0033e-05  6.41074e-18 -1.79907e-05  1.71739e-18 -6.03914e-06  1.58711e-20  -1.8902e-06 -3.39091e-19 -5.51047e-07  -2.5908e-19 -1.49457e-07 -1.29549e-19 -3.76535e-08 -5.07638e-20 -8.78972e-09 -1.71678e-20 -1.89325e-09 -5.69573e-21 -3.73548e-10 -2.00034e-21 -6.66198e-11 -5.97529e-22  -1.0454e-11 -6.17958e-24 -1.35183e-12  1.76554e-22  -1.1304e-13   1.6709e-22   6.0037e-15  1.04923e-22  5.61656e-15  5.24244e-23  1.66996e-15  2.21698e-23  3.76313e-16   8.1821e-24   7.2787e-17  2.68402e-24  1.26196e-17  7.92062e-25  2.00111e-18  2.11942e-25  2.93385e-19  5.16106e-26  4.00216e-20  1.14067e-26  5.09928e-21  2.25692e-27  6.08248e-22  3.85156e-28  6.80088e-23  5.07892e-29  7.13175e-24  2.66244e-30  7.01388e-25 -1.25413e-30  6.46585e-26 -6.22285e-31  5.58199e-27  -1.9207e-31  4.50673e-28 -4.86431e-32  3.39691e-29 -1.07428e-32  2.38515e-30 -2.09498e-33  1.55602e-31 -3.58265e-34  9.40218e-33 -5.26889e-35  5.24258e-34 -6.42469e-36   2.6857e-35 -5.98579e-37  1.25749e-36 -3.12661e-38  5.34783e-38  1.95938e-39  2.05029e-39  7.75298e-40  7.02156e-41  1.20963e-40  2.12361e-42  1.34952e-41  5.59047e-44   1.1947e-42  1.25695e-45  8.65744e-44  2.35234e-47  5.11916e-45  3.53141e-49  2.38309e-46   4.0157e-51  8.07857e-48  3.12592e-53  1.70653e-49  1.32234e-55   1.4351e-51
-7.19906e-16   -0.0251729 -1.84797e-16    0.0258267 -3.08778e-16    0.0507289 -9.07747e-16    0.0313458 -6.40648e-16   0.00699581  1.52398e-16   -0.0062282  3.64363e-16  -0.00949941  1.72008e-16  -0.00796767   8.2845e-17  -0.00528138  1.28813e-16  -0.00302603  1.51976e-16  -0.00155328  1.21621e-16 -0.000726266  7.66626e-17 -0.000311815  4.11841e-17 -0.000123396  1.89942e-17 -4.50806e-05  7.08038e-18 -1.52085e-05  1.72684e-18 -4.73452e-06 -9.15412e-20 -1.35746e-06 -4.02405e-19 -3.57131e-07  -2.7815e-19 -8.56231e-08 -1.31641e-19 -1.84652e-08 -5.05199e-20  -3.4866e-09 -1.76164e-20  -5.3917e-10 -6.17553e-21 -5.30175e-11 -2.06027e-21  3.88174e-12 -3.88752e-22  3.97277e-12  2.24459e-22  1.39512e-12  3.24015e-22  3.73116e-13  2.35955e-22   8.5758e-14  1.29697e-22  1.76813e-14  5.91033e-23  3.33699e-15  2.32484e-23  5.82956e-16  8.07218e-24  9.49021e-17  2.50948e-24  1.44586e-17  7.05166e-25  2.06723e-18  1.80098e-25  2.77866e-19  4.18211e-26  3.51504e-20  8.75944e-27  4.18704e-21  1.61538e-27  4.69692e-22  2.45745e-28  4.96063e-23  2.40433e-29  4.92973e-24  -1.6848e-30  4.60561e-25 -1.78121e-30  4.04025e-26 -6.38443e-31  3.32304e-27 -1.75089e-31  2.55786e-28 -4.11113e-32  1.83859e-29 -8.49721e-33  1.23096e-30 -1.54605e-33  7.65333e-32 -2.44129e-34  4.40321e-33 -3.25236e-35  2.33456e-34 -3.45169e-36  1.13513e-35 -2.46973e-37  5.03257e-37 -1.08966e-39  2.02041e-38  3.11339e-39  7.28407e-40   6.0802e-40  2.33421e-41  7.69723e-41  6.56374e-43   7.5477e-42  1.59304e-44  6.03014e-43  3.26442e-46  3.96368e-44  5.47759e-48  2.09872e-45  7.19149e-50  8.46003e-47  6.85624e-52  2.32721e-48  4.10248e-54   3.4313e-50  9.94501e-57
 -0.00919565 -5.46114e-16   -0.0169091 -4.43067e-16    0.0294503 -9.07747e-16    0.0472143 -1.37789e-15    0.0329452 -8.02466e-16    0.0125776 -1.02601e-16 -0.000456521  3.50223e-17  -0.00529626 -3.13137e-17  -0.00539631   2.5438e-17  -0.00384433  1.22175e-16  -0.00225723  1.49814e-16  -0.00115252  1.20447e-16 -0.000523763  7.70542e-17 -0.000214186  4.16232e-17 -7.91739e-05  1.88055e-17 -2.64545e-05  6.59769e-18 -7.95156e-06  1.34683e-18 -2.12363e-06 -2.67299e-19 -4.89819e-07 -4.45696e-19 -9.04927e-08 -2.73971e-19 -9.73859e-09 -1.22692e-19  1.55971e-09 -4.66383e-20  1.41677e-09 -1.67747e-20  5.74915e-10 -5.87869e-21  1.81591e-10 -1.61813e-21  4.95434e-11   5.2757e-23  1.21415e-11    5.115e-22  2.72462e-12  4.58043e-22  5.66027e-13  2.81184e-22  1.09608e-13  1.38932e-22  1.98746e-14  5.84326e-23  3.38498e-15  2.15164e-23    5.427e-16  7.05533e-24  8.20277e-17  2.08339e-24  1.17001e-17  5.57997e-25  1.57582e-18  1.35924e-25  2.00456e-19  2.99984e-26  2.40833e-20  5.90588e-27  2.73194e-21  9.95131e-28   2.9245e-22  1.26338e-28  2.95201e-23  4.56337e-30  2.80692e-24 -4.03283e-30  2.51096e-25 -1.83951e-30     2.11e-26 -5.56464e-31  1.66255e-27 -1.39619e-31  1.22574e-28  -3.0595e-32  8.43488e-30 -5.90996e-33  5.40223e-31  -9.9758e-34  3.20947e-32 -1.43965e-34  1.76188e-33  -1.7026e-35  8.89675e-35 -1.48789e-36  4.11038e-36 -5.81821e-38  1.72654e-37  9.29899e-39  6.54349e-39  2.59456e-39  2.21698e-40  3.80246e-40  6.63814e-42  4.14945e-41  1.73118e-43  3.65018e-42   3.8583e-45  2.64944e-43  7.16137e-47  1.57396e-44   1.0668e-48  7.35612e-46   1.2043e-50  2.49656e-47  9.31045e-53  5.26343e-49  3.91333e-55  4.40707e-51
 2.23823e-16   -0.0172123 -1.84202e-16  -0.00719057 -5.30992e-16    0.0313458 -1.37789e-15    0.0453185 -1.63715e-15    0.0347338 -1.00342e-15    0.0178459 -4.79409e-16   0.00558242 -3.47718e-16 -0.000275846 -2.44053e-16  -0.00189345 -5.65051e-17  -0.00166746  8.58346e-17  -0.00102062  1.28303e-16 -0.000504223  1.08467e-16 -0.000209502  7.08402e-17   -7.344e-05  3.79938e-17 -2.09977e-05  1.64751e-17 -4.27228e-06  5.25491e-18 -1.48447e-07  7.48422e-19  4.09935e-07 -4.40997e-19  2.69762e-07 -4.53209e-19  1.19779e-07 -2.49064e-19  4.39575e-08 -1.06467e-19  1.41773e-08 -4.04605e-20  4.13099e-09 -1.46962e-20  1.10409e-09 -4.73125e-21  2.73224e-10 -7.49987e-22  6.30004e-11  6.01237e-22   1.3596e-11  7.67528e-22  2.75515e-12  5.39671e-22  5.25534e-13  2.91655e-22  9.45317e-14  1.31706e-22  1.60572e-14  5.15553e-23  2.57816e-15  1.78582e-23  3.91557e-16  5.54681e-24  5.62741e-17  1.55839e-24  7.65472e-18  3.97899e-25  9.85464e-19  9.22652e-26  1.20043e-19  1.92449e-26  1.38302e-20  3.51407e-27  1.50604e-21  5.21181e-28  1.54881e-22  4.57496e-29  1.50266e-23 -5.97175e-30  1.37366e-24 -4.56958e-30  1.18141e-25 -1.57607e-30   9.5427e-27 -4.26247e-31  7.22446e-28  -9.9207e-32  5.11427e-29   -2.032e-32  3.37619e-30  -3.6541e-33  2.07193e-31 -5.67593e-34  1.17774e-32 -7.37365e-35  6.17468e-34 -7.46982e-36  2.97113e-35  -4.6588e-37  1.30448e-36  1.40167e-38  5.18969e-38  9.33893e-39  1.85518e-39   1.6433e-39  5.89786e-41  2.01271e-40  1.64614e-42  1.95113e-41  3.96733e-44  1.55723e-42  8.07646e-46  1.02749e-43  1.34684e-47   5.4645e-45  1.75801e-49  2.20772e-46  1.66685e-51  6.06792e-48  9.92131e-54  8.91515e-50  2.39355e-56
  -0.0028038  3.35872e-16    -0.018842  1.06516e-16  0.000645505 -6.40648e-16    0.0329452 -1.63715e-15    0.0446851 -1.75316e-15      0.03692  -1.2531e-15     0.022949  -9.0393e-16    0.0115591 -7.04703e-16   0.00490828 -4.30946e-16   0.00184066 -1.41216e-16  0.000677054  3.95232e-17  0.000292483  9.99177e-17  0.000159476  9.15034e-17  9.51143e-05  6.06082e-17    5.397e-05  3.16965e-17   2.7675e-05  1.28695e-17  1.27307e-05  3.53603e-18  5.28371e-06  1.42222e-19   1.9948e-06 -5.51851e-19  6.90327e-07 -4.21241e-19  2.20405e-07 -2.10419e-19  6.52733e-08 -8.69386e-20  1.80099e-08 -3.29792e-20  4.64648e-09 -1.15436e-20  1.12428e-09 -2.93945e-21  2.55757e-10  2.97159e-22  5.48112e-11  1.08965e-21  1.10845e-11  9.20378e-22  2.11812e-12  5.51228e-22  3.82856e-13  2.68763e-22  6.55126e-14  1.12174e-22  1.06189e-14  4.11221e-23  1.63106e-15  1.34508e-23  2.37456e-16  3.96657e-24  3.27668e-17  1.06131e-24  4.28506e-18  2.58113e-25    5.309e-19  5.67629e-26  6.22862e-20  1.10874e-26  6.91522e-21  1.83439e-27  7.25927e-22  2.20113e-28  7.19793e-23  2.38737e-30  6.73318e-24 -9.48555e-30  5.93343e-25 -3.98651e-30  4.91744e-26 -1.17928e-30  3.82544e-27 -2.92642e-31  2.78718e-28 -6.35434e-32  1.89705e-29 -1.21433e-32  1.20266e-30 -2.02022e-33  7.07752e-32 -2.85415e-34  3.85106e-33  -3.2564e-35  1.92862e-34 -2.61781e-36  8.84186e-36 -5.40079e-38  3.68722e-37   2.7361e-38  1.38801e-38  6.23146e-39   4.6729e-40  8.69062e-40  1.39086e-41  9.31416e-41  3.60701e-43   8.1569e-42  7.99675e-45  5.93431e-43  1.47694e-46  3.54107e-44  2.18991e-48  1.66023e-45  2.46138e-50  5.63621e-47  1.89477e-52  1.18518e-48  7.92945e-55  9.87696e-51
 1.74997e-16  -0.00836291  4.69206e-16   -0.0161097  2.28705e-16   0.00699581 -8.02466e-16    0.0347338 -1.75316e-15    0.0450976 -1.84723e-15    0.0394388 -1.55766e-15     0.027671 -1.30256e-15     0.016897 -9.81849e-16   0.00946919 -5.64603e-16   0.00505575 -2.04682e-16   0.00262581  1.73675e-18   0.00133046  7.44951e-17  0.000651214  7.39961e-17  0.000303707  4.87089e-17  0.000133428  2.42573e-17  5.48347e-05  8.92494e-18  2.10135e-05  1.89667e-18  7.50455e-06 -3.15663e-19  2.49996e-06 -5.75139e-19  7.78145e-07 -3.59253e-19  2.26764e-07 -1.66476e-19  6.19963e-08 -6.70967e-20  1.59326e-08 -2.49014e-20  3.85583e-09 -7.73421e-21  8.80151e-10 -9.32401e-22  1.89763e-10  1.22788e-21  3.86899e-11  1.38967e-21  7.46708e-12  9.42091e-22  1.36527e-12  4.99791e-22  2.36634e-13  2.23266e-22  3.88975e-14  8.68163e-23  6.06564e-15  2.99482e-23  8.97429e-16  9.27792e-24  1.25974e-16  2.60189e-24  1.67742e-17  6.63046e-25  2.11807e-18  1.53252e-25  2.53491e-19  3.17612e-26  2.87364e-20  5.72039e-27  3.08315e-21  8.18915e-28  3.12771e-22  6.01431e-29  2.99653e-23 -1.47459e-29  2.70756e-24 -8.94486e-30  2.30365e-25 -2.96881e-30  1.84221e-26 -7.90837e-31  1.38176e-27 -1.82237e-31  9.69727e-29 -3.69483e-32   6.3502e-30 -6.55862e-33   3.8678e-31 -1.00028e-33  2.18314e-32 -1.26245e-34  1.13707e-33 -1.20747e-35  5.43775e-35 -6.08684e-37  2.37372e-36  5.72355e-38  9.39255e-38  2.06189e-38  3.34059e-39  3.35704e-39  1.05697e-40  4.00268e-40  2.93691e-42  3.84608e-41  7.04851e-44  3.07007e-42  1.42923e-45  2.03368e-43  2.37456e-47  1.08571e-44  3.08867e-49  4.39253e-46  2.91891e-51  1.20538e-47  1.73084e-53  1.76392e-49  4.15546e-56
-0.000394547  2.65364e-16   -0.0123325  5.74953e-16   -0.0115523  1.52398e-16    0.0125776 -1.00342e-15      0.03692 -1.84723e-15    0.0462475 -2.01063e-15    0.0418913 -1.88557e-15    0.0314546 -1.61117e-15    0.0208717  -1.1471e-15    0.0126761 -6.26595e-16   0.00717616 -2.30893e-16   0.00381395 -1.78541e-17   0.00190416  5.61688e-17  0.000891175  5.80289e-17  0.000390061  3.68007e-17  0.000159432  1.69565e-17  6.08336e-05  5.38147e-18  2.16817e-05  6.31725e-19  7.22702e-06 -5.63184e-19  2.25647e-06 -5.22505e-19  6.61093e-07 -2.83355e-19  1.82064e-07 -1.24117e-19  4.72112e-08 -4.87047e-20  1.15453e-08 -1.68963e-20  2.66637e-09 -3.89843e-21  5.82269e-10  8.21614e-22   1.2036e-10  1.82802e-21  2.35716e-11  1.45691e-21  4.37686e-12  8.50505e-22  7.70994e-13  4.08688e-22  1.28895e-13  1.69032e-22  2.04567e-14  6.16019e-23  3.08247e-15   2.0071e-23  4.40978e-16  5.90254e-24  5.98848e-17  1.57549e-24  7.71722e-18  3.81967e-25  9.43303e-19  8.35476e-26  1.09301e-19  1.61459e-26  1.19962e-20  2.60693e-27  1.24597e-21  2.88311e-28  1.22332e-22 -8.14628e-30   1.1339e-23 -1.74023e-29  9.90754e-25 -6.79994e-30  8.14628e-26  -1.9668e-30  6.29066e-27 -4.82308e-31  4.55188e-28 -1.03673e-31  3.07832e-29 -1.95786e-32  1.93986e-30 -3.20546e-33  1.13519e-31 -4.42132e-34   6.1445e-33 -4.83343e-35  3.06209e-34 -3.46744e-36  1.39738e-35  2.51347e-38   5.8022e-37  5.83042e-38  2.17535e-38  1.16127e-38  7.29583e-40  1.55678e-39  2.16384e-41  1.64466e-40  5.59292e-43  1.43636e-41  1.23607e-44  1.04797e-42  2.27622e-46  6.27904e-44  3.36569e-48  2.95096e-45  3.77316e-50   1.0013e-46  2.89721e-52  2.09888e-48  1.20597e-54  1.74042e-50
-1.15808e-18  -0.00325697  3.51666e-16   -0.0135295  5.56522e-16   -0.0062282 -1.02601e-16    0.0178459  -1.2531e-15    0.0394388 -2.01063e-15    0.0475843 -2.25077e-15    0.0435772 -2.16607e-15    0.0335887 -1.78012e-15    0.0228668 -1.18639e-15    0.0140977 -6.12043e-16   0.00797298   -2.176e-16   0.00416281 -1.96984e-17   0.00201294  4.42208e-17  0.000903198  4.40362e-17  0.000376659  2.59652e-17  0.000146241  1.06862e-17  5.29619e-05  2.66473e-18  1.79268e-05 -1.57896e-19  5.68291e-06 -6.20933e-19   1.6906e-06 -4.25466e-19  4.72863e-07 -2.08507e-19  1.24573e-07 -8.73361e-20  3.09599e-08 -3.26944e-20  7.26914e-09 -9.68904e-21  1.61443e-09  -6.6728e-22   3.3953e-10  2.00082e-21  6.76785e-11  2.02994e-21  1.27957e-11  1.32705e-21  2.29598e-12  6.90599e-22  3.91161e-13  3.04867e-22   6.3292e-14  1.17625e-22  9.72768e-15  4.03611e-23  1.42016e-15  1.24567e-23  1.96914e-16  3.48276e-24   2.5924e-17  8.84666e-25  3.23918e-18  2.03509e-25   3.8391e-19  4.18175e-26  4.31296e-20  7.39849e-27  4.58877e-21  1.00961e-27  4.61893e-22  5.37556e-29  4.39322e-23 -2.74894e-29  3.94282e-24 -1.40867e-29  3.33357e-25 -4.51089e-30   2.6502e-26 -1.18328e-30  1.97692e-27 -2.69767e-31  1.38033e-28 -5.40898e-32  8.99581e-30 -9.46558e-33  5.45472e-31 -1.41451e-33    3.066e-32 -1.72651e-34  1.59066e-33 -1.53508e-35  7.57914e-35  -5.2465e-37  3.29717e-36  1.32623e-37  1.30048e-37  3.58244e-38  4.61148e-39  5.49616e-39    1.455e-40  6.41301e-40  4.03227e-42  6.12246e-41   9.6536e-44  4.89275e-42  1.95296e-45  3.25383e-43   3.2377e-47  1.74263e-44  4.20275e-49  7.05442e-46  3.96422e-51  1.93152e-47  2.34425e-53  2.81414e-49  5.54166e-56
 0.000240124   4.4113e-17    -0.006471  3.85522e-16   -0.0123948  3.64363e-16 -0.000456521 -4.79409e-16     0.022949 -1.55766e-15    0.0418913 -2.25077e-15    0.0483081 -2.49195e-15    0.0436978 -2.31747e-15    0.0335215 -1.78327e-15    0.0226445 -1.10607e-15    0.0137472 -5.32907e-16   0.00758891 -1.75289e-16   0.00383743 -1.07418e-17   0.00178651  3.58555e-17  0.000768774  3.19273e-17  0.000306826  1.68961e-17  0.000113924  5.91091e-18  3.94637e-05  8.85338e-19   1.2787e-05 -5.24274e-19  3.88478e-06 -5.53589e-19  1.10902e-06 -3.16653e-19  2.98084e-07 -1.44091e-19  7.55656e-08 -5.76112e-20  1.80952e-08 -1.95975e-20  4.09861e-09  -3.9239e-21  8.79111e-10  1.55366e-21  1.78733e-10  2.51564e-21  3.44718e-11  1.89752e-21  6.31101e-12  1.07975e-21  1.09727e-12  5.11035e-22   1.8124e-13  2.09275e-22  2.84444e-14  7.57486e-23  4.24193e-15  2.45601e-23  6.01052e-16  7.19559e-24  8.08989e-17  1.91392e-24  1.03394e-17  4.61993e-25  1.25414e-18  1.00338e-25  1.44282e-19  1.91291e-26  1.57306e-20  2.99228e-27  1.62375e-21  2.93491e-28  1.58506e-22 -2.69849e-29  1.46132e-23  -2.5965e-29  1.27045e-24 -9.53398e-30  1.03973e-25 -2.69892e-30  7.99393e-27 -6.53812e-31  5.76084e-28 -1.39021e-31  3.88113e-29 -2.59175e-32   2.4371e-30 -4.16907e-33  1.42145e-31 -5.59612e-34  7.67021e-33 -5.80897e-35  3.81141e-34 -3.52907e-36  1.73465e-35   1.9134e-37  7.18459e-37  9.72847e-38  2.68734e-38  1.76203e-38  8.99336e-40  2.28871e-39   2.6619e-41  2.39109e-40  6.86731e-43  2.08567e-41  1.51506e-44  1.52663e-42  2.78533e-46   9.1807e-44  4.11202e-48  4.32161e-45  4.60242e-50  1.46458e-46  3.52789e-52  3.05874e-48  1.45764e-54  2.52308e-50
-3.25762e-17   -0.0010062   7.8119e-17  -0.00860153  3.23562e-16  -0.00949941  3.50223e-17   0.00558242  -9.0393e-16     0.027671 -1.88557e-15    0.0435772 -2.49195e-15     0.047561 -2.62536e-15    0.0416822 -2.28501e-15    0.0311457 -1.62803e-15    0.0204653 -9.34606e-16    0.0120404 -4.14799e-16   0.00641638 -1.20783e-16   0.00312237  8.10064e-19   0.00139603  2.86671e-17   0.00057634  2.17291e-17  0.000220632  9.95221e-18  7.86051e-05  2.69958e-18  2.61471e-05 -7.92219e-20   8.1437e-06 -5.97361e-19  2.38089e-06 -4.30686e-19  6.54847e-07 -2.18482e-19  1.69773e-07  -9.3626e-20  4.15584e-08 -3.49446e-20  9.61946e-09 -9.70079e-21  2.10808e-09   4.4079e-23   4.3785e-10  2.68492e-21   8.6267e-11  2.47635e-21  1.61343e-11  1.56325e-21  2.86598e-12  7.97953e-22  4.83708e-13  3.47927e-22   7.7586e-14  1.33104e-22  1.18281e-14  4.53951e-23  1.71381e-15  1.39461e-23  2.35964e-16  3.88393e-24  3.08623e-17   9.8238e-25  3.83278e-18  2.24615e-25  4.51693e-19  4.56628e-26  5.04772e-20  7.89907e-27  5.34415e-21  1.01018e-27  5.35466e-22  2.45224e-29  5.07129e-23 -4.08673e-29  4.53331e-24  -1.8481e-29  3.81863e-25 -5.73033e-30  3.02537e-26 -1.48068e-30  2.24953e-27 -3.33818e-31  1.56597e-28 -6.61359e-32  1.01773e-29 -1.13951e-32  6.15517e-31 -1.66456e-33  3.45139e-32 -1.95355e-34   1.7866e-33 -1.57745e-35  8.49509e-35 -1.70694e-37  3.68853e-36  2.25077e-37  1.45224e-37  5.11419e-38  5.14115e-39  7.49119e-39  1.61964e-40  8.59201e-40  4.48226e-42  8.16708e-41   1.0717e-43  6.53947e-42   2.1655e-45  4.36543e-43  3.58561e-47  2.34381e-44  4.64849e-49  9.48631e-46  4.37637e-51  2.59005e-47  2.57804e-53  3.75582e-49  5.87861e-56
 0.000276597   -4.841e-17  -0.00297476  1.00205e-16  -0.00911509  1.72008e-16  -0.00529626 -3.47718e-16    0.0115591 -1.30256e-15    0.0314546 -2.16607e-15    0.0436978 -2.62536e-15    0.0447477  -2.5712e-15    0.0374662 -2.06591e-15    0.0268913 -1.35604e-15    0.0169875 -7.15925e-16   0.00960239 -2.87755e-16   0.00491258 -6.96274e-17   0.00229394  9.31051e-18  0.000984168  2.16728e-17  0.000390047  1.36208e-17  0.000143448   5.1459e-18  4.91453e-05  8.27556e-19  1.57374e-05 -4.65761e-19  4.72394e-06 -5.14838e-19  1.33256e-06 -3.02944e-19  3.54022e-07  -1.4098e-19  8.87461e-08 -5.67463e-20  2.10256e-08 -1.86922e-20  4.71438e-09 -2.98957e-21  1.00158e-09  2.24835e-21  2.01814e-10  2.92003e-21  3.85974e-11  2.09371e-21  7.01089e-12  1.16211e-21  1.21002e-12  5.41671e-22  1.98495e-13  2.19533e-22  3.09536e-14  7.88757e-23  4.58863e-15   2.5433e-23  6.46567e-16  7.41801e-24  8.65748e-17  1.96454e-24  1.10115e-17   4.7163e-25  1.32967e-18  1.01541e-25  1.52333e-19  1.90364e-26  1.65437e-20  2.85842e-27  1.70151e-21  2.32476e-28  1.65538e-22 -4.83531e-29  1.52138e-23 -3.24714e-29  1.31882e-24 -1.13165e-29  1.07641e-25 -3.14002e-30  8.25524e-27 -7.51379e-31  5.93536e-28 -1.57942e-31  3.99012e-29 -2.90373e-32  2.50056e-30 -4.58096e-33   1.4558e-31 -5.96061e-34  7.84222e-33  -5.8019e-35  3.89081e-34 -2.68544e-36  1.76825e-35  4.03631e-37  7.31414e-37  1.33244e-37   2.7325e-38  2.24925e-38  9.13449e-40  2.84891e-39  2.70098e-41  2.95165e-40  6.96187e-43  2.57475e-41  1.53467e-44  1.89109e-42  2.81917e-46  1.14084e-43  4.15659e-48   5.3748e-45  4.64426e-50  1.81805e-46  3.54155e-52  3.78149e-48  1.43595e-54  3.10233e-50
-2.88991e-17 -0.000206132 -2.27067e-17  -0.00472902  1.05947e-16  -0.00796767 -3.13137e-17 -0.000275846 -7.04703e-16     0.016897 -1.61117e-15    0.0335887 -2.31747e-15    0.0416822  -2.5712e-15    0.0398073 -2.31583e-15    0.0315558 -1.70895e-15    0.0215747 -1.02975e-15    0.0130174 -4.95768e-16   0.00703824 -1.76169e-16   0.00344787 -3.11552e-17   0.00154325  1.28256e-17  0.000635374   1.5066e-17  0.000241941  7.69744e-18  8.55993e-05  2.18667e-18  2.82486e-05 -7.56513e-20  8.72425e-06 -5.18316e-19  2.52872e-06 -3.80323e-19  6.89562e-07 -1.96578e-19  1.77279e-07 -8.51846e-20  4.30458e-08 -3.13636e-20  9.88681e-09 -7.93412e-21  2.15076e-09  9.07122e-22  4.43613e-10  3.04095e-21  8.68304e-11   2.5849e-21  1.61398e-11  1.57889e-21  2.85042e-12  7.90813e-22  4.78486e-13  3.40523e-22  7.63614e-14  1.29121e-22  1.15866e-14  4.37488e-23  1.67145e-15  1.33712e-23  2.29192e-16  3.70673e-24  2.98626e-17  9.32767e-25  3.69551e-18  2.11707e-25  4.34085e-19  4.24827e-26  4.83615e-20  7.14517e-27  5.10568e-21  8.35265e-28  5.10233e-22 -1.59604e-29  4.82059e-23 -5.03434e-29  4.29954e-24 -2.07103e-29  3.61423e-25 -6.24103e-30  2.85796e-26 -1.58939e-30  2.12133e-27  -3.5422e-31  1.47434e-28 -6.92862e-32  9.56766e-30 -1.17373e-32  5.77864e-31 -1.67133e-33  3.23626e-32 -1.87187e-34  1.67337e-33  -1.3216e-35  7.94859e-35  3.41076e-37  3.44808e-36  3.05592e-37  1.35646e-37  6.18171e-38  4.79856e-39  8.73065e-39  1.51074e-40  9.88039e-40  4.17851e-42  9.36786e-41  9.98602e-44  7.52007e-42  2.01695e-45  5.03767e-43  3.33757e-47  2.70959e-44  4.31368e-49  1.09568e-45  4.03976e-51  2.98158e-47  2.32504e-53  4.30206e-49  4.72568e-56
 0.000182086 -2.14106e-17  -0.00125532  3.60899e-17  -0.00559749   8.2845e-17  -0.00539631 -2.44053e-16   0.00490828 -9.81849e-16    0.0208717 -1.78012e-15    0.0335215 -2.28501e-15    0.0374662 -2.31583e-15    0.0332639 -1.91043e-15    0.0248403 -1.29179e-15    0.0161054 -7.11319e-16   0.00925122 -3.08366e-16   0.00477493 -9.30321e-17   0.00223782 -7.66097e-18  0.000960085  1.21966e-17  0.000379544  9.45864e-18  0.000138999  3.80005e-18  4.73707e-05    6.074e-19  1.50797e-05 -3.87083e-19  4.49833e-06 -4.24056e-19  1.26088e-06 -2.52559e-19  3.32871e-07 -1.18916e-19  8.29307e-08 -4.77324e-20  1.95311e-08 -1.49996e-20  4.35439e-09 -1.57865e-21  9.20098e-10  2.64087e-21  1.84447e-10  2.91873e-21  3.51058e-11  1.99895e-21   6.3478e-12  1.08344e-21  1.09093e-12  4.97438e-22   1.7825e-13  1.99497e-22  2.76937e-14  7.11258e-23  4.09125e-15  2.27981e-23  5.74638e-16  6.61628e-24   7.6715e-17  1.74343e-24  9.73055e-18  4.15853e-25    1.172e-18  8.86041e-26  1.33953e-19  1.62743e-26  1.45161e-20  2.31698e-27  1.48999e-21  1.35392e-28  1.44693e-22 -6.42302e-29  1.32756e-23 -3.48246e-29  1.14904e-24 -1.16186e-29  9.36509e-26 -3.16492e-30  7.17315e-27 -7.48111e-31  5.15138e-28 -1.55369e-31  3.45946e-29 -2.81376e-32  2.16597e-30 -4.34458e-33  1.25994e-31 -5.45311e-34   6.7821e-33 -4.88745e-35  3.36264e-34 -1.28452e-36  1.52734e-35  5.88314e-37  6.31454e-37  1.54609e-37  2.35808e-38  2.47339e-38   7.8801e-40  3.07089e-39  2.32941e-41  3.16291e-40   6.0029e-43  2.76201e-41  1.32316e-44  2.03565e-42  2.43043e-46  1.23122e-43  3.57902e-48  5.80122e-45  3.95109e-50  1.95741e-46  2.94578e-52  4.05332e-48  1.05312e-54  3.30681e-50
 2.07586e-18  9.67645e-06  1.92731e-17  -0.00237717  9.65007e-17  -0.00528138   2.5438e-17  -0.00189345 -4.30946e-16   0.00946919  -1.1471e-15    0.0228668 -1.78327e-15    0.0311457 -2.06591e-15    0.0315558 -1.91043e-15     0.026025 -1.44123e-15     0.018269 -8.90695e-16    0.0112115 -4.44876e-16   0.00612384 -1.70041e-16   0.00301586 -4.00105e-17   0.00135235  3.43975e-18  0.000556442  9.37424e-18  0.000211405  5.27655e-18  7.45436e-05  1.53221e-18     2.45e-05 -8.29807e-20   7.5327e-06 -4.02498e-19  2.17314e-06 -2.95859e-19  5.89798e-07 -1.54386e-19  1.50921e-07 -6.71053e-20  3.64788e-08 -2.41226e-20   8.3417e-09 -5.32161e-21  1.80703e-09   1.5575e-21  3.71231e-10  2.96518e-21  7.23899e-11  2.35113e-21  1.34081e-11  1.39279e-21  2.36016e-12  6.84952e-22  3.94966e-13  2.91299e-22  6.28515e-14  1.09466e-22  9.51131e-15  3.68362e-23  1.36869e-15  1.11962e-23  1.87248e-16  3.08789e-24  2.43462e-17  7.72468e-25  3.00704e-18  1.73815e-25   3.5259e-19  3.43404e-26  3.92186e-20  5.57595e-27  4.13432e-21  5.72526e-28  4.12606e-22 -5.10499e-29   3.8935e-23 -5.28346e-29  3.46887e-24 -2.02027e-29   2.9131e-25  -5.9372e-30  2.30154e-26 -1.49111e-30    1.707e-27 -3.28403e-31  1.18558e-28 -6.33667e-32  7.68924e-30 -1.05377e-32  4.64178e-31 -1.45778e-33  2.59848e-32  -1.5423e-34  1.34312e-33 -8.88277e-36  6.37816e-35  8.15545e-37  2.76626e-36  3.47515e-37  1.08808e-37  6.46767e-38  3.84881e-39  8.87458e-39  1.21169e-40  9.94162e-40  3.35146e-42   9.4162e-41  8.01041e-44  7.58103e-42  1.61855e-45  5.09436e-43  2.67904e-47  2.74305e-44  3.44552e-49  1.10748e-45  3.05968e-51  3.00231e-47  1.57535e-53  4.30947e-49  6.19577e-57
 9.74481e-05  1.82236e-17 -0.000504853  7.65984e-17  -0.00306577  1.28813e-16  -0.00384433 -5.65051e-17   0.00184066 -5.64603e-16    0.0126761 -1.18639e-15    0.0226445 -1.62803e-15    0.0268913 -1.70895e-15    0.0248403 -1.44123e-15    0.0190479 -9.92819e-16     0.012567 -5.58186e-16   0.00729848  -2.4959e-16    0.0037911 -8.08189e-17    0.0017822 -1.14363e-17   0.00076518  6.59986e-18  0.000302228  6.11795e-18  0.000110466  2.55014e-18  3.75448e-05  3.96373e-19  1.19141e-05 -2.87327e-19  3.54194e-06 -3.09572e-19   9.8932e-07 -1.85473e-19  2.60258e-07 -8.78135e-20  6.46152e-08 -3.48799e-20  1.51665e-08 -1.02558e-20  3.37041e-09 -2.88491e-22  7.09998e-10  2.61178e-21  1.41917e-10  2.55329e-21  2.69379e-11   1.6781e-21  4.85853e-12  8.89324e-22  8.33015e-13  4.02357e-22  1.35811e-13  1.59685e-22  2.10576e-14  5.64864e-23   3.1051e-15  1.79937e-23  4.35386e-16  5.19386e-24  5.80344e-17  1.36093e-24   7.3507e-18  3.22213e-25  8.84227e-19  6.78158e-26  1.00946e-19  1.21494e-26  1.09279e-20  1.61168e-27  1.12065e-21  4.19321e-29  1.08738e-22 -6.93601e-29  9.96973e-24 -3.26064e-29  8.62374e-25 -1.04882e-29  7.02501e-26 -2.80895e-30  5.37842e-27 -6.55906e-31  3.86112e-28 -1.34504e-31  2.59224e-29 -2.39665e-32  1.62266e-30  -3.6131e-33  9.43761e-32  -4.3472e-34  5.07976e-33 -3.48776e-35  2.51855e-34  1.16765e-37  1.14399e-35  6.83093e-37  4.73007e-37  1.55463e-37  1.76663e-38  2.38532e-38   5.9048e-40  2.91557e-39  1.74592e-41  2.99144e-40  4.50042e-43  2.61713e-41  9.92482e-45  1.93529e-42   1.8257e-46  1.17281e-43  2.69184e-48  5.52272e-45  2.90917e-50  1.85783e-46  1.66417e-52  3.82895e-48  1.72934e-55  3.10602e-50
 8.82973e-18  3.79509e-05  4.69358e-17  -0.00112558  1.26506e-16  -0.00302603  1.22175e-16  -0.00166746 -1.41216e-16   0.00505575 -6.26595e-16    0.0140977 -1.10607e-15    0.0204653 -1.35604e-15    0.0215747 -1.29179e-15     0.018269 -9.92819e-16    0.0130519 -6.22598e-16   0.00810184 -3.15585e-16   0.00445656 -1.23237e-16   0.00220336 -3.08005e-17   0.00098969  9.10193e-19  0.000407275  5.88544e-18  0.000154587  3.44371e-18  5.44184e-05  1.00642e-18  1.78474e-05 -6.36994e-20  5.47409e-06 -2.76382e-19   1.5752e-06 -2.03833e-19    4.264e-07 -1.07045e-19  1.08827e-07 -4.64181e-20  2.62377e-08 -1.61107e-20  5.98525e-09 -2.86036e-21  1.29356e-09  1.79482e-21  2.65166e-10  2.52962e-21  5.16016e-11  1.89009e-21  9.53952e-12  1.08846e-21  1.67624e-12  5.26008e-22  2.80062e-13  2.20999e-22  4.45009e-14  8.23047e-23  6.72527e-15  2.75037e-23  9.66599e-16  8.31115e-24  1.32095e-16  2.27946e-24  1.71585e-17  5.66455e-25  2.11745e-18  1.26191e-25  2.48095e-19  2.44735e-26  2.75776e-20  3.80089e-27  2.90554e-21  3.18944e-28  2.89839e-22 -6.95715e-29  2.73399e-23 -4.82302e-29  2.43509e-24 -1.74109e-29   2.0445e-25 -5.00479e-30  1.61504e-26 -1.24022e-30  1.19775e-27 -2.69842e-31  8.31868e-29 -5.13153e-32  5.39541e-30 -8.36214e-33  3.25739e-31 -1.11922e-33  1.82377e-32  -1.1026e-34   9.4288e-34 -4.43362e-36  4.47863e-35  1.09511e-36  1.94299e-36  3.40607e-37  7.64517e-38  5.95649e-38  2.70534e-39  7.98852e-39  8.52083e-41  8.88266e-40   2.3579e-42  8.41486e-41  5.63833e-44  6.79593e-42  1.14093e-45  4.57884e-43  1.89882e-47  2.46642e-44  2.46042e-49  9.93641e-46  1.99542e-51  2.68254e-47 -2.40024e-54  3.82984e-49 -8.36996e-56
 4.59623e-05  1.94431e-17  -0.00020067   8.0411e-17  -0.00154223  1.51976e-16  -0.00225723  8.58346e-17  0.000677054 -2.04682e-16   0.00717616 -6.12043e-16    0.0137472 -9.34606e-16    0.0169875 -1.02975e-15    0.0161054 -8.90695e-16     0.012567 -6.22598e-16   0.00838763  -3.5308e-16   0.00490747 -1.58531e-16    0.0025605 -5.12506e-17   0.00120652 -7.03463e-18  0.000518465  4.39108e-18  0.000204747  3.99405e-18  7.47705e-05  1.66123e-18  2.53788e-05  2.61881e-19  8.04032e-06 -1.83385e-19    2.386e-06  -2.0019e-19  6.65198e-07 -1.20922e-19  1.74662e-07 -5.74151e-20  4.32837e-08 -2.24103e-20  1.01414e-08 -5.99511e-21  2.24988e-09  5.22493e-22  4.73196e-10  2.23025e-21  9.44442e-11  1.98042e-21  1.79023e-11  1.25444e-21  3.22484e-12  6.50923e-22  5.52286e-13  2.90356e-22  8.99504e-14  1.14055e-22  1.39343e-14  4.00295e-23  2.05308e-15  1.26706e-23  2.87676e-16  3.63652e-24  3.83227e-17  9.46999e-25  4.85157e-18  2.22325e-25  5.83365e-19  4.61262e-26  6.65771e-20  8.01559e-27  7.20555e-21  9.65059e-28  7.38805e-22 -2.16822e-29  7.16805e-23  -6.3654e-29  6.57189e-24  -2.7035e-29  5.68486e-25 -8.43221e-30  4.63143e-26 -2.22319e-30  3.54643e-27 -5.12818e-31  2.54649e-28  -1.0377e-31  1.71009e-29 -1.81678e-32  1.07079e-30 -2.66649e-33  6.23011e-32 -3.04992e-34  3.35467e-33   -2.088e-35  1.66398e-34  1.08653e-36  7.56185e-36  6.68672e-37  3.12821e-37  1.37782e-37    1.169e-38  2.04573e-38  3.90963e-40  2.47057e-39  1.15683e-41  2.52952e-40  2.98406e-43  2.21833e-41   6.5859e-45   1.6454e-42  1.21832e-46  9.98433e-44  1.83977e-48  4.69576e-45  2.09231e-50  1.57416e-46  7.65881e-53  3.22826e-48 -2.44823e-54  2.60368e-50
 3.87152e-18  2.47149e-05  3.49132e-17 -0.000509976  1.07868e-16  -0.00155328  1.49814e-16  -0.00102062  3.95232e-17   0.00262581 -2.30893e-16   0.00797298 -5.32907e-16    0.0120404 -7.15925e-16    0.0130174 -7.11319e-16    0.0112115 -5.58186e-16   0.00810184  -3.5308e-16   0.00506714 -1.78608e-16   0.00280057 -6.84099e-17   0.00138848 -1.57185e-17  0.000624533  1.83107e-18   0.00025711  4.06518e-18  9.75637e-05  2.25719e-18  3.43198e-05  6.59955e-19  1.12443e-05 -2.67545e-20  3.44469e-06 -1.66446e-19  9.89961e-07 -1.24952e-19  2.67626e-07 -6.61172e-20   6.8216e-08 -2.84917e-20   1.6426e-08 -9.41716e-21  3.74261e-09 -1.11767e-21   8.0798e-10  1.64693e-21   1.6546e-10  1.91313e-21  3.21691e-11  1.35836e-21  5.94219e-12   7.6218e-22  1.04338e-12   3.6226e-22  1.74216e-13  1.50417e-22  2.76676e-14  5.55237e-23  4.17947e-15  1.84247e-23  6.00489e-16  5.53429e-24  8.20404e-17  1.50883e-24  1.06546e-17  3.72188e-25  1.31469e-18  8.19661e-26  1.54032e-19  1.55489e-26  1.71223e-20  2.28051e-27  1.80415e-21  1.33247e-28  1.79999e-22 -7.01208e-29  1.69826e-23  -3.8911e-29    1.513e-24 -1.34139e-29  1.27071e-25 -3.78091e-30  1.00416e-26 -9.24872e-31  7.45015e-28 -1.98716e-31  5.17669e-29 -3.72062e-32  3.35922e-30 -5.92886e-33  2.02916e-31 -7.63733e-34  1.13675e-32 -6.85775e-35   5.8805e-34 -1.07318e-36  2.79498e-35  1.13247e-36  1.21338e-36  2.93476e-37  4.77763e-38  4.89282e-38  1.69187e-39  6.44501e-39   5.3332e-41  7.12964e-40  1.47766e-42  6.76195e-41  3.53791e-44  5.47802e-42  7.17544e-46  3.69861e-43  1.22623e-47  1.99171e-44  1.77529e-49  8.00235e-46   1.9641e-51  2.15078e-47 -5.20449e-54  3.05382e-49 -3.71512e-55
 1.96715e-05  9.06534e-18 -8.11847e-05  5.28476e-17   -0.0007223  1.21621e-16  -0.00115252  1.28303e-16  0.000292483  1.73675e-18   0.00381395   -2.176e-16   0.00758891 -4.14799e-16   0.00960239 -4.95768e-16   0.00925122 -4.44876e-16   0.00729848 -3.15585e-16   0.00490747 -1.78608e-16   0.00288525  -7.8212e-17   0.00150996 -2.31398e-17  0.000712738 -1.21232e-18  0.000306526  3.66893e-18  0.000121072  2.70724e-18  4.42027e-05   1.0845e-18  1.49954e-05  1.85617e-19  4.74737e-06  -9.8097e-20  1.40768e-06 -1.14875e-19   3.9212e-07 -7.04994e-20  1.02873e-07 -3.35451e-20   2.5473e-08 -1.27691e-20  5.96384e-09 -2.96937e-21  1.32217e-09  8.19695e-22   2.7791e-10  1.67469e-21  5.54377e-11  1.37657e-21  1.05037e-11  8.43593e-22  1.89138e-12  4.29184e-22  3.23824e-13  1.88866e-22  5.27297e-14  7.34481e-23   8.1673e-15  2.55779e-23   1.2033e-15  8.04429e-24  1.68607e-16    2.295e-24  2.24628e-17  5.93646e-25  2.84415e-18  1.38048e-25  3.42058e-19  2.81649e-26  3.90481e-20  4.71354e-27  4.22747e-21  4.93355e-28  4.33615e-22 -5.00743e-29   4.2088e-23 -5.09841e-29  3.86057e-24  -2.0079e-29   3.3412e-25 -6.10034e-30  2.72356e-26 -1.58504e-30  2.08675e-27 -3.61143e-31  1.49931e-28  -7.2058e-32  1.00752e-29 -1.23768e-32  6.31311e-31 -1.76231e-33  3.67577e-32 -1.89446e-34  1.98074e-33 -1.00779e-35  9.83251e-35  1.48629e-36  4.47191e-36  5.69089e-37  1.85148e-37  1.09057e-37  6.92476e-39  1.57774e-38  2.31807e-40  1.88828e-39   6.8673e-42  1.93197e-40  1.77667e-43  1.69892e-41    3.936e-45  1.26351e-42   7.3694e-47    7.672e-44  1.26216e-48  3.60162e-45  2.19837e-50  1.20272e-46  3.17486e-52  2.45385e-48 -9.31074e-55  1.96762e-50
 7.46008e-19  1.12988e-05  1.73022e-17 -0.000222338  6.81815e-17 -0.000726266  1.20447e-16 -0.000504223  9.99177e-17   0.00133046 -1.78541e-17   0.00416281 -1.75289e-16   0.00641638 -2.87755e-16   0.00703824 -3.08366e-16   0.00612384  -2.4959e-16   0.00445656 -1.58531e-16   0.00280057  -7.8212e-17   0.00155267 -2.74183e-17  0.000771279 -3.92393e-18  0.000347297  2.97718e-18   0.00014305  2.97133e-18  5.42879e-05  1.48543e-18  1.90938e-05  4.34758e-19  6.25379e-06  3.85294e-21  1.91506e-06 -8.77737e-20  5.50116e-07 -6.85827e-20  1.48651e-07 -3.66851e-20  3.78735e-08 -1.56509e-20  9.11616e-09 -4.83212e-21  2.07638e-09 -1.68037e-22  4.48139e-10  1.27938e-21  9.17513e-11  1.29666e-21   1.7836e-11  8.80914e-22  3.29438e-12  4.82626e-22  5.78455e-13  2.25812e-22  9.65922e-14  9.27019e-23   1.5342e-14  3.39234e-23  2.31802e-15  1.11785e-23  3.33127e-16  3.33716e-24   4.5527e-17  9.04061e-25   5.9148e-18  2.21191e-25  7.30144e-19  4.80744e-26  8.55854e-20  8.88087e-27  9.51865e-21  1.20773e-27  1.00353e-21  2.69909e-29  1.00182e-22 -5.84385e-29  9.45807e-24 -2.80944e-29  8.43202e-25 -9.32817e-30  7.08682e-26 -2.58339e-30  5.60444e-27 -6.23986e-31  4.16131e-28 -1.32331e-31  2.89379e-29 -2.43666e-32  1.87938e-30 -3.78761e-33  1.13622e-31 -4.66386e-34  6.37082e-33 -3.68895e-35  3.29865e-34  8.09223e-37  1.56928e-35  9.81798e-37   6.8191e-37  2.25559e-37  2.68757e-38   3.6228e-38   9.5266e-40  4.70577e-39  3.00673e-41   5.1889e-40  8.34955e-43  4.93042e-41  2.01918e-44  4.00607e-42  4.16738e-46  2.70887e-43  7.61466e-48  1.45738e-44  1.74492e-49  5.83705e-46  4.69624e-51  1.56144e-47  8.32848e-53  2.20468e-49  8.61216e-56
