 0.000208503   6.3434e-20  -0.00122989 -5.16003e-19   0.00229717  1.33515e-18  -0.00175749 -1.39912e-18  0.000167949  3.89097e-19  0.000482587  1.36015e-19 -0.000145873  3.54151e-20 -7.50447e-05 -9.42115e-20  2.65031e-05  2.86083e-20  4.81198e-06 -3.04369e-21 -8.62859e-07
  6.3434e-20   0.00185421  2.77209e-19  -0.00581243 -1.99045e-18   0.00737552   4.0391e-18  -0.00346984 -2.46735e-18 -0.000926983 -6.81618e-19   0.00132413  9.75166e-19  -5.1175e-05 -7.46658e-20 -0.000231891 -1.05288e-19  2.74169e-05  3.25735e-20     1.24e-05 -4.42226e-21
 -0.00122989  2.77209e-19   0.00768274  1.02617e-18   -0.0156092 -6.21144e-18    0.0138101  9.09869e-18  -0.00297308 -2.90142e-18  -0.00350971 -2.52768e-18   0.00191261  1.69628e-18  0.000398976 -2.17424e-19 -0.000373174 -2.31122e-20  -2.5152e-06  2.37966e-20  1.34595e-05
-5.16003e-19  -0.00581243  1.02617e-18    0.0197832  3.30319e-18   -0.0284591 -1.47947e-17    0.0173738  1.54389e-17   0.00100613 -2.53565e-18  -0.00642715 -3.49842e-18   0.00165119  1.66312e-18   0.00102706 -4.24233e-19  -0.00040484  1.00679e-19 -3.69725e-05  1.20674e-20
  0.00229717 -1.99045e-18   -0.0156092  3.30319e-18    0.0357728  7.88797e-18   -0.0384268 -2.55228e-17    0.0151685  1.93416e-17   0.00702885 -1.92047e-18  -0.00819634 -2.40551e-18  0.000607881  1.04253e-18   0.00153375 -7.05064e-19 -0.000329694  1.76052e-19 -4.37699e-05
 1.33515e-18   0.00737552 -6.21144e-18   -0.0284591  7.88797e-18    0.0490184  1.34677e-17   -0.0409809  -3.1817e-17    0.0084277  1.77068e-17    0.0124913 -2.15008e-18  -0.00834801  4.36391e-19 -0.000690106  4.35073e-19   0.00175891 -9.21314e-19 -0.000213955  1.61612e-19
 -0.00175749   4.0391e-18    0.0138101 -1.47947e-17   -0.0384268  1.34677e-17    0.0542923   1.6564e-17    -0.036854 -2.81866e-17  0.000716695  1.12529e-17     0.015951 -3.94408e-18  -0.00741415  3.71347e-18  -0.00177678  1.39823e-19   0.00171022 -8.78622e-19 -0.000114113
-1.39912e-18  -0.00346984  9.09869e-18    0.0173738 -2.55228e-17   -0.0409809   1.6564e-17    0.0520641  1.43625e-17   -0.0301722 -1.52485e-17  -0.00540911  3.51937e-18    0.0175707 -7.07044e-18  -0.00613752  6.25488e-18  -0.00244786 -9.41169e-20   0.00144999 -5.32957e-19
 0.000167949 -2.46735e-18  -0.00297308  1.54389e-17    0.0151685  -3.1817e-17    -0.036854  1.43625e-17    0.0466305   7.1826e-18   -0.0243568  1.62762e-18  -0.00946875 -2.40519e-18    0.0181581 -1.04787e-17  -0.00499334     7.58e-18  -0.00265794 -5.72546e-19  0.000987789
 3.89097e-19 -0.000926983 -2.90142e-18   0.00100613  1.93416e-17    0.0084277 -2.81866e-17   -0.0301722   7.1826e-18    0.0417383 -2.26383e-18    -0.020517  1.73025e-17   -0.0120767 -5.71818e-18    0.0183788 -1.26514e-17  -0.00419405  7.93674e-18  -0.00236359 -1.35151e-18
 0.000482587 -6.81618e-19  -0.00350971 -2.53565e-18   0.00702885  1.77068e-17  0.000716695 -1.52485e-17   -0.0243568 -2.26383e-18    0.0387627 -1.13919e-17   -0.0183629  2.95005e-17   -0.0139075 -7.58631e-18    0.0185941 -1.20358e-17  -0.00385059  7.11722e-18    -0.001459
 1.36015e-19   0.00132413 -2.52768e-18  -0.00642715 -1.92047e-18    0.0124913  1.12529e-17  -0.00540911  1.62762e-18    -0.020517 -1.13919e-17    0.0375807 -1.89482e-17   -0.0173886   3.7641e-17   -0.0153606 -9.53166e-18    0.0189715 -9.99583e-18  -0.00402912  9.87261e-18
-0.000145873  9.75166e-19   0.00191261 -3.49842e-18  -0.00819634 -2.15008e-18     0.015951  3.51937e-18  -0.00946875  1.73025e-17   -0.0183629 -1.89482e-17    0.0378024 -2.43045e-17   -0.0173387  4.18285e-17   -0.0165951 -1.50514e-17    0.0195041 -1.29474e-18  -0.00415797
 3.54151e-20  -5.1175e-05  1.69628e-18   0.00165119 -2.40551e-18  -0.00834801 -3.94408e-18    0.0175707 -2.40519e-18   -0.0120767  2.95005e-17   -0.0173886 -2.43045e-17    0.0392892 -2.62297e-17    -0.018251  4.14705e-17   -0.0175004 -1.57311e-17    0.0192737   -2.934e-17
-7.50447e-05 -7.46658e-20  0.000398976  1.66312e-18  0.000607881  4.36391e-19  -0.00741415 -7.07044e-18    0.0181581 -5.71818e-18   -0.0139075   3.7641e-17   -0.0173387 -2.62297e-17    0.0422339 -2.78053e-17   -0.0205499  5.81072e-17   -0.0168533 -6.62558e-17    0.0145815
-9.42115e-20 -0.000231891 -2.17424e-19   0.00102706  1.04253e-18 -0.000690106  3.71347e-18  -0.00613752 -1.04787e-17    0.0183788 -7.58631e-18   -0.0153606  4.18285e-17    -0.018251 -2.78053e-17    0.0472919 -1.93664e-17   -0.0259878  4.40457e-17   -0.0102573  8.72391e-17
 2.65031e-05 -1.05288e-19 -0.000373174 -4.24233e-19   0.00153375  4.35073e-19  -0.00177678  6.25488e-18  -0.00499334 -1.26514e-17    0.0185941 -9.53166e-18   -0.0165951  4.14705e-17   -0.0205499 -1.93664e-17    0.0565804  -8.3462e-17   -0.0398497   2.6749e-16   0.00498393
 2.86083e-20  2.74169e-05 -2.31122e-20  -0.00040484 -7.05064e-19   0.00175891  1.39823e-19  -0.00244786     7.58e-18  -0.00419405 -1.20358e-17    0.0189715 -1.50514e-17   -0.0175004  5.81072e-17   -0.0259878  -8.3462e-17    0.0759613  6.24638e-17   -0.0653207 -3.24832e-16
 4.81198e-06  3.25735e-20  -2.5152e-06  1.00679e-19 -0.000329694 -9.21314e-19   0.00171022 -9.41169e-20  -0.00265794  7.93674e-18  -0.00385059 -9.99583e-18    0.0195041 -1.57311e-17   -0.0168533  4.40457e-17   -0.0398497  6.24638e-17     0.109148 -5.33535e-16     -0.07564
-3.04369e-21     1.24e-05  2.37966e-20 -3.69725e-05  1.76052e-19 -0.000213955 -8.78622e-19   0.00144999 -5.72546e-19  -0.00236359  7.11722e-18  -0.00402912 -1.29474e-18    0.0192737 -6.62558e-17   -0.0102573   2.6749e-16   -0.0653207 -5.33535e-16     0.128116  9.39561e-16
-8.62859e-07 -4.42226e-21  1.34595e-05  1.20674e-20 -4.37699e-05  1.61612e-19 -0.000114113 -5.32957e-19  0.000987789 -1.35151e-18    -0.001459  9.87261e-18  -0.00415797   -2.934e-17    0.0145815  8.72391e-17   0.00498393 -3.24832e-16     -0.07564  9.39561e-16    0.0781878
