 3.84822e-35  6.63843e-52 -1.98434e-35  6.70948e-51 -2.08693e-35  4.65956e-51  1.85834e-35 -2.80958e-50 -1.31494e-35 -3.87651e-50  3.18829e-36 -2.78263e-50  -1.7626e-36  5.42441e-50  9.11715e-37  2.17507e-49 -1.28092e-36 -1.06202e-48  1.22443e-37  3.52579e-48  3.61357e-37 -3.52719e-48  3.06586e-37 -1.82537e-47 -9.60652e-38  4.24177e-47 -1.64477e-38   7.0654e-47  1.84655e-38 -1.63252e-46 -3.86854e-39 -3.76865e-46 -1.54296e-38  4.92513e-46 -2.59266e-39  1.56797e-45  1.69664e-38  1.41609e-46 -8.63489e-39  -1.7922e-45 -9.31296e-40  2.48336e-45  1.80438e-39  1.72208e-45 -1.44562e-40  1.24371e-44  5.99328e-41 -4.64941e-45 -9.50465e-41  9.31901e-45 -9.89199e-42 -1.85633e-45  1.75319e-41  6.35509e-45 -8.04559e-42 -7.20844e-45 -4.20441e-42  7.49763e-46  1.78175e-42  -4.0621e-45  7.63156e-44  1.39367e-45  9.05346e-44  8.43902e-46  1.31029e-43  3.37539e-45 -1.76208e-43  1.76624e-45   8.6683e-44  3.59698e-46 -9.07333e-44  3.45472e-46  1.25712e-43  2.28506e-46 -2.47931e-43 -9.60224e-46  5.11588e-43  2.01663e-45 -9.82238e-43 -4.31659e-45  1.71742e-42  8.51294e-45 -2.72275e-42 -1.57428e-44  3.89698e-42  2.71641e-44  -5.0102e-42 -4.36291e-44   5.7622e-42  6.50738e-44 -5.92233e-42 -8.98922e-44  5.47568e-42  1.14652e-43 -4.65375e-42 -1.34536e-43  3.79234e-42  1.44652e-43 -3.11277e-42 -1.41839e-43  2.61305e-42  1.26146e-43 -2.15703e-42 -1.01106e-43  1.64986e-42  7.24807e-44 -1.11975e-42 -4.60541e-44  6.60055e-43  2.56522e-44 -3.34874e-43 -1.23551e-44  1.45043e-43  5.05661e-45 -5.27879e-44 -1.71868e-45     1.57e-44  4.69997e-46 -3.66174e-45 -9.86982e-47  6.30539e-46  1.47527e-47 -7.23418e-47 -1.35451e-48  4.37898e-48  4.92278e-50
 6.63843e-52  7.94885e-35  8.90537e-51  -3.6614e-35   2.9315e-50 -1.33783e-35  1.61377e-50  2.35681e-35 -7.76902e-50 -2.05018e-35 -1.38203e-49  1.57832e-36 -1.44172e-49 -3.07367e-37  5.54615e-49  1.18044e-36  2.37041e-48 -2.72062e-36 -1.00543e-47 -5.41361e-37  2.83259e-47  1.12728e-36 -3.06946e-47  8.96915e-37  -2.1365e-46 -5.48214e-37   3.0277e-46  1.66776e-37  3.26207e-46 -6.38356e-38 -1.40175e-45  4.46339e-38 -3.72997e-45  -4.3653e-38  2.92984e-45 -1.67542e-38  1.06796e-44  5.15807e-38  2.06727e-45 -2.51708e-38  -1.6275e-44 -5.55029e-40  1.58524e-44  3.24445e-39  7.30534e-45  1.21881e-40  8.70618e-44  4.11335e-40 -3.34808e-44  -3.6724e-40  5.79039e-44   -6.376e-41 -1.53938e-44  7.46118e-41   3.2933e-44 -3.36773e-41  -4.7216e-44 -1.05808e-41 -5.76882e-46  5.24835e-42  -2.4609e-44 -4.64856e-43  5.35206e-45  9.66237e-43  3.85649e-45  1.57969e-43  1.70821e-44 -8.33246e-43  8.35114e-45  7.94575e-43  2.18337e-45 -1.54938e-42  5.73444e-48  3.34286e-42  5.47889e-45 -7.14481e-42 -1.47685e-44   1.4248e-41  3.16127e-44 -2.59675e-41 -6.48792e-44  4.29538e-41  1.24009e-43 -6.41248e-41 -2.21524e-43  8.58384e-41  3.68795e-43 -1.02287e-40 -5.70868e-43   1.0773e-40   8.1954e-43 -9.97946e-41 -1.08801e-42  8.15716e-41  1.33131e-42 -6.02925e-41 -1.49574e-42   4.2943e-41  1.53624e-42  -3.2191e-41  -1.4351e-42   2.6046e-41  1.21215e-42 -2.10561e-41   -9.193e-43  1.55118e-41  6.20861e-43  -9.9174e-42 -3.69685e-43  5.42561e-42  1.91714e-43 -2.53644e-42 -8.52663e-44   1.0073e-42   3.1884e-44 -3.32955e-43 -9.75955e-45  8.83522e-44  2.35429e-45 -1.78912e-44 -4.22177e-46  2.56318e-45  5.07991e-47 -2.24618e-46 -3.25185e-48  7.75164e-48
-1.98434e-35  8.90537e-51  1.04433e-34  4.84599e-50 -5.32331e-35  8.87918e-50 -2.48368e-36  2.08064e-50  2.79736e-35 -8.21543e-50 -2.39409e-35 -4.94785e-49 -7.96579e-36 -9.10944e-49  5.37874e-36  2.15704e-48  1.06627e-36  1.70606e-47 -2.47002e-36 -7.01454e-47 -3.28717e-36  1.35645e-46  2.60652e-36 -2.16111e-46  1.94575e-36 -1.69174e-45 -1.74832e-36   1.2904e-45  7.56721e-37 -2.98654e-46 -3.15145e-37 -8.85646e-45  1.76018e-37 -2.52584e-44 -8.69946e-38  8.52926e-45 -4.85472e-38  4.85337e-44  1.06264e-37  8.90131e-45 -5.41495e-38 -9.90094e-44  5.13925e-39  6.42817e-44  2.11688e-39  1.20512e-44  1.22628e-39  4.15386e-43  1.49478e-39 -1.71418e-43 -9.85587e-40  2.47372e-43 -1.95093e-40 -7.97818e-44  2.02321e-40  1.14151e-43 -9.74112e-41 -2.12888e-43  -1.5361e-41  -2.2877e-44  8.69692e-42 -9.79374e-44 -1.51106e-42  1.37121e-44   4.3166e-42  1.14251e-44  5.50962e-43  6.08536e-44 -6.22927e-42  2.48611e-44  1.30725e-41  1.51046e-44 -3.10382e-41 -2.09986e-44  6.96087e-41  6.90821e-44 -1.44567e-40  -1.6248e-43  2.75066e-40  3.41569e-43 -4.75977e-40 -6.76407e-43  7.44526e-40  1.25033e-42 -1.04545e-39 -2.15647e-42  1.30695e-39  3.46229e-42 -1.44049e-39 -5.16217e-42   1.3845e-39  7.12801e-42 -1.14829e-39 -9.08698e-42  8.18973e-40  1.06571e-41 -5.14592e-40 -1.14511e-41  3.13469e-40    1.122e-41 -2.17377e-40  -9.9699e-42  1.76218e-40   7.9828e-42 -1.42273e-40 -5.71596e-42  1.00618e-40  3.62702e-42 -5.99128e-41 -2.01718e-42  3.01262e-41  9.69907e-43 -1.29126e-41  -3.9623e-43  4.68612e-42  1.34416e-43 -1.39715e-42 -3.66893e-44  3.26477e-43   7.6921e-45  -5.6242e-44 -1.14854e-45  6.47342e-45  1.05458e-46  -3.9579e-46 -3.84033e-48
 6.70948e-51  -3.6614e-35  4.84599e-50  1.19254e-34  1.60934e-49 -6.70177e-35  2.21869e-49 -1.04402e-36 -7.53074e-50  4.09298e-35  2.85215e-49  -2.5173e-35 -1.96757e-48 -2.36655e-35 -6.22864e-48  1.15536e-35 -2.72182e-48  1.65214e-36  9.49944e-47  1.41578e-36 -4.23611e-46 -8.64249e-36  3.39768e-46    4.773e-36 -1.41367e-45  3.47262e-36 -1.05993e-44 -3.98532e-36  2.83242e-45  1.88481e-36  -1.5297e-44 -7.47334e-37 -4.74216e-44   3.9028e-37 -1.36529e-43 -1.35889e-37 -5.06879e-45 -9.96756e-38  1.62735e-43  1.74453e-37   1.4571e-45 -1.02362e-37 -4.72527e-43  2.29266e-38  1.72598e-43 -5.01755e-39 -4.88777e-44  3.45056e-39  1.55739e-42  3.84027e-39 -7.10155e-43 -2.07339e-39  8.30855e-43 -3.98244e-40 -3.16501e-43  3.95669e-40  3.01326e-43 -2.23838e-40 -7.65134e-43 -4.33121e-42 -1.40925e-43  2.45078e-42 -2.98784e-43  2.27944e-42  2.77038e-44  5.32096e-42  2.25466e-44  2.66942e-41  1.81732e-43 -9.24132e-41  3.42563e-44   2.3066e-40  1.22074e-43 -5.42751e-40 -2.59149e-43   1.1769e-39   6.5329e-43 -2.33891e-39  -1.4441e-42  4.23687e-39  2.94928e-42 -6.95409e-39  -5.6434e-42  1.02717e-38  1.00793e-41 -1.35415e-38 -1.67762e-41  1.57716e-38  2.59621e-41 -1.60228e-38 -3.72611e-41   1.3976e-38  4.94504e-41 -1.02734e-38 -6.04829e-41  6.26284e-39  6.79174e-41 -3.21712e-39 -6.97108e-41   1.6179e-39  6.50689e-41 -1.09029e-39  -5.4906e-41  9.51871e-40  4.15914e-41 -7.77988e-40 -2.80489e-41  5.20072e-40  1.66729e-41 -2.83398e-40 -8.62897e-42  1.29751e-40  3.82888e-42 -5.08993e-41 -1.42796e-42  1.68398e-41  4.35813e-43 -4.48343e-42 -1.04803e-43  9.06057e-43  1.87345e-44 -1.29297e-43 -2.24792e-45  1.13492e-44  1.43625e-46 -3.95451e-46
-2.08693e-35   2.9315e-50 -5.32331e-35  1.60934e-49  1.38663e-34  3.77576e-49 -7.96678e-35  5.59209e-49 -1.48233e-35 -8.13561e-49  6.70662e-35  2.02214e-48  -2.5508e-35 -7.52764e-48 -3.89344e-35 -4.02177e-47  1.24375e-35  -1.0484e-46  3.94931e-36  4.26412e-46  9.25343e-36 -2.34057e-45 -1.57732e-35 -7.50399e-46  7.35003e-36 -8.59091e-45  5.35044e-36 -5.60877e-44 -7.24575e-36 -6.47748e-45  3.45316e-36 -1.32786e-43 -1.26346e-36 -2.25524e-43  6.42486e-37 -6.27481e-43 -1.71672e-37 -2.10705e-43 -1.66175e-37  3.85184e-43  2.47526e-37 -2.14006e-43 -1.81933e-37 -1.88875e-42  5.97957e-38  1.97623e-43 -2.10483e-38 -5.01797e-43  6.67106e-39  4.85288e-42  7.72859e-39 -2.49743e-42 -3.57208e-39  2.30357e-42 -5.64403e-40 -1.04847e-42   5.6423e-40  6.23712e-43 -4.40424e-40 -2.32922e-42  5.90019e-41 -5.66631e-43 -5.00149e-41 -7.45201e-43  7.04533e-41  5.55643e-44 -1.48304e-40  4.03921e-45  5.30213e-40   5.3164e-43 -1.46287e-39 -1.98817e-43  3.59026e-39  9.67818e-43  -8.1248e-39 -2.23436e-42  1.68671e-38  5.15112e-42 -3.19782e-38 -1.09274e-41   5.5072e-38  2.16115e-41 -8.56023e-38 -3.99627e-41   1.1916e-37   6.8924e-41 -1.47106e-37 -1.10654e-40  1.59064e-37  1.64966e-40 -1.48191e-37 -2.27754e-40  1.16319e-37   2.9028e-40 -7.45589e-38 -3.40325e-40  3.74545e-38  3.65513e-40 -1.44482e-38 -3.57916e-40  5.53694e-39  3.17782e-40 -4.31904e-39  -2.5418e-40  4.52033e-39  1.81761e-40 -3.68783e-39 -1.15145e-40  2.25715e-39  6.39075e-41 -1.10201e-39  -3.0652e-41  4.57397e-40  1.24848e-41 -1.64865e-40 -4.22047e-42    4.954e-41  1.14731e-42 -1.15878e-41 -2.39439e-43  1.97724e-42  3.55743e-44 -2.25711e-43  -3.2499e-45  1.38166e-44  1.17814e-46
 4.65956e-51 -1.33783e-35  8.87918e-50 -6.70177e-35  3.77576e-49  1.74955e-34  6.54179e-49 -9.43783e-35  1.86357e-48 -4.39714e-35 -5.13659e-48  1.03774e-34  5.85974e-48  -2.7138e-35 -2.64384e-47 -4.59751e-35 -2.40649e-46  4.39564e-36   -9.203e-46  8.00615e-36  1.51382e-45  1.93503e-35 -1.19683e-44 -2.30247e-35 -1.47605e-44  9.96114e-36 -4.72177e-44  7.40387e-36 -2.59633e-43 -1.10899e-35 -1.06742e-43  5.06332e-36 -7.81105e-43  -1.6685e-36 -9.68329e-43  8.66042e-37 -2.53386e-42  -1.7889e-37 -1.41685e-42 -2.42282e-37  4.03366e-43  3.24887e-37 -1.61464e-42 -3.08902e-37 -6.54677e-42  1.18052e-37 -9.10823e-43 -4.61041e-38 -2.52833e-42   1.0352e-38  1.29223e-41   1.2834e-38  -7.6424e-42  -5.1436e-39  5.37806e-42 -4.20861e-40 -3.04088e-42  5.09286e-40  9.69724e-43 -7.99153e-40  -6.2109e-42  3.09124e-40 -1.76696e-42 -4.38158e-40 -1.58258e-42  1.02757e-39  1.81161e-43 -2.84453e-39 -3.03472e-43  8.08581e-39  1.88509e-42 -2.08032e-38 -2.47381e-42  4.90707e-38  6.99839e-42 -1.06347e-37 -1.61291e-41  2.10891e-37  3.54439e-41 -3.80812e-37 -7.25835e-41  6.22477e-37  1.38862e-40 -9.14465e-37 -2.48078e-40  1.19658e-36  4.12976e-40 -1.37865e-36 -6.39184e-40  1.37744e-36  9.17438e-40 -1.16828e-36 -1.21758e-39  8.14744e-37  1.48913e-39 -4.43133e-37 -1.67188e-39  1.69909e-37  1.71547e-39 -3.68906e-38 -1.60044e-39  6.93648e-39  1.34948e-39 -1.51567e-38 -1.02119e-39  2.03694e-38  6.87744e-40  -1.5595e-38 -4.08081e-40  8.35408e-39  2.10716e-40  -3.5894e-39 -9.32301e-41  1.36194e-39  3.46455e-41 -4.55316e-40 -1.05276e-41  1.22895e-40  2.51836e-42 -2.46214e-41 -4.47399e-43  3.44511e-42  5.33012e-44 -2.99595e-43 -3.37889e-45  1.04518e-44
 1.85834e-35  1.61377e-50 -2.48368e-36  2.21869e-49 -7.96678e-35  6.54179e-49  2.34914e-34  7.00642e-49 -1.14487e-34  8.22871e-48 -8.24856e-35 -2.77085e-47  1.42422e-34 -5.69348e-48 -3.30694e-35 -9.40861e-47 -4.02554e-35 -1.33811e-45 -1.19353e-35 -5.68489e-45  1.27147e-35  3.70301e-45  2.92382e-35 -5.63385e-44 -2.90618e-35 -1.06132e-43  1.21864e-35 -2.31375e-43  9.51783e-36  -1.0741e-42 -1.46537e-35  -6.8303e-43  6.07372e-36 -3.66854e-42 -1.74291e-36 -3.77551e-42  1.02514e-36 -9.16198e-42 -1.64175e-37 -6.53765e-42 -3.29643e-37 -1.73421e-42  4.23154e-37  -7.8202e-42 -4.97237e-37 -2.00881e-41  1.89841e-37 -7.40981e-42 -7.57407e-38 -9.60252e-42  1.37901e-38  2.98024e-41  1.81968e-38 -2.06676e-41 -6.22904e-39  1.05948e-41  4.76407e-40 -7.94044e-42  2.14408e-41  8.50485e-43  -1.6597e-39 -1.48279e-41  1.95636e-39 -4.53387e-42 -4.89051e-39 -3.03292e-42  1.42032e-38  1.02099e-42  -4.0287e-38  -2.6418e-42  1.07587e-37  8.95116e-42 -2.64499e-37 -1.84316e-41  5.97924e-37  4.57527e-41 -1.23917e-36 -1.02946e-40  2.34393e-36  2.18057e-40 -4.02476e-36 -4.31722e-40  6.23238e-36  7.98516e-40 -8.63255e-36 -1.37774e-39  1.05848e-35  2.21269e-39 -1.13331e-35 -3.29985e-39  1.03974e-35  4.55717e-39 -7.94676e-36 -5.80969e-39  4.82746e-36  6.81238e-39 -2.11752e-36 -7.31697e-39  4.95998e-37  7.16417e-39  6.33511e-38 -6.35895e-39 -5.13166e-38  5.08343e-39 -6.15868e-38 -3.63191e-39   8.9816e-38  2.29783e-39 -5.85486e-38 -1.27306e-39  2.61583e-38  6.09125e-40   -9.875e-39 -2.47319e-40  3.53084e-39  8.32666e-41 -1.10177e-39 -2.25196e-41  2.59942e-40  4.66972e-42 -4.31173e-41 -6.88346e-43  4.79313e-42  6.22861e-44 -2.92292e-43 -2.23267e-45
-2.80958e-50  2.35681e-35  2.08064e-50 -1.04402e-36  5.59209e-49 -9.43783e-35  7.00642e-49  3.20241e-34 -8.18023e-49 -1.42523e-34  3.86649e-47 -1.19031e-34 -1.36337e-46  1.71879e-34 -1.98842e-46 -4.46492e-35 -4.02046e-46 -2.27757e-35 -6.89981e-45 -3.24907e-35 -2.87362e-44  1.62891e-35  9.37646e-46  3.74827e-35  -2.4247e-43 -3.36495e-35  -5.6241e-43  1.34827e-35 -1.00948e-42  1.16639e-35 -4.02782e-42 -1.68006e-35 -3.22734e-42  5.77982e-36 -1.46374e-41 -1.35042e-36 -1.34099e-41  1.17112e-36  -3.0018e-41 -1.68679e-37 -2.42857e-41 -4.48555e-37 -1.33991e-41  5.78011e-37 -2.97257e-41 -7.50673e-37 -5.52705e-41  2.54466e-37 -3.24639e-41 -1.00867e-37 -3.04075e-41  1.64839e-38  5.96836e-41   2.2726e-38 -4.99326e-41 -6.21752e-39   1.7267e-41  2.43581e-39 -1.89846e-41  2.38676e-42 -9.46678e-43 -7.51908e-39 -3.22407e-41  2.03325e-38 -9.65966e-42 -6.18814e-38 -6.19198e-42  1.82787e-37  6.50533e-42 -5.04406e-37 -1.77657e-41  1.29005e-36  4.96576e-41 -3.03978e-36 -1.15935e-40  6.57802e-36  2.72289e-40 -1.30203e-35 -5.94583e-40  2.34567e-35  1.21754e-39 -3.82317e-35 -2.33102e-39  5.59592e-35  4.16654e-39 -7.28713e-35 -6.94007e-39   8.3409e-35  1.07478e-38 -8.25453e-35 -1.54357e-38  6.89638e-35  2.04973e-38 -4.68053e-35 -2.50822e-38  2.39661e-35  2.81736e-38 -7.55092e-36 -2.89191e-38 -6.34588e-38  2.69862e-38  1.34947e-36 -2.27553e-38 -3.75891e-37  1.72155e-38  -3.3596e-37 -1.15873e-38  3.74241e-37  6.86822e-39 -1.88705e-37  -3.5407e-39  6.75513e-38  1.56289e-39 -2.33399e-38 -5.78911e-40  8.28763e-39  1.75151e-40 -2.36852e-39  -4.1661e-41  4.65329e-40  7.34686e-42 -6.17539e-41 -8.67008e-43  5.27432e-42  5.42993e-44 -1.85032e-43
-1.31494e-35 -7.76902e-50  2.79736e-35 -7.53074e-50 -1.48233e-35  1.86357e-48 -1.14487e-34 -8.18023e-49  4.25967e-34  -1.0619e-47 -1.79098e-34  1.71649e-46 -1.40924e-34 -6.26878e-46  1.83109e-34 -1.59523e-45 -5.96687e-35 -2.09523e-45  1.16689e-36 -3.28448e-44 -5.24436e-35 -1.25814e-43  1.70737e-35 -5.60966e-44  4.46644e-35 -9.50867e-43 -3.75177e-35 -2.48463e-42  1.30869e-35 -3.94063e-42  1.38419e-35 -1.38294e-41 -1.63877e-35  -1.2668e-41  3.63974e-36  -5.1261e-41 -5.29978e-37 -4.35286e-41  1.46926e-36 -8.98526e-41 -2.59317e-37 -7.69886e-41 -6.44758e-37 -5.62856e-41   8.3468e-37 -9.52019e-41 -1.05659e-36 -1.37466e-40  2.81205e-37 -1.09855e-40 -1.10023e-37 -8.37956e-41  1.84428e-38  1.02676e-40  2.58407e-38 -1.08641e-40 -3.79573e-39  2.16712e-41  1.85018e-39  -4.2004e-41  1.64497e-38 -6.65224e-42 -7.60169e-38 -6.50415e-41   2.4577e-37 -1.57283e-41 -7.54746e-37 -1.84905e-41  2.16493e-36  3.96284e-41 -5.75369e-36 -1.06954e-40  1.41192e-35   2.7791e-40 -3.18755e-35 -6.57493e-40  6.59555e-35  1.48722e-39 -1.24515e-34 -3.14623e-39  2.13298e-34  6.23207e-39 -3.29322e-34 -1.15357e-38  4.54444e-34  1.99183e-38 -5.54494e-34 -3.20154e-38  5.89726e-34  4.77868e-38 -5.35762e-34 -6.60539e-38  4.03045e-34  8.42863e-38 -2.37535e-34 -9.89245e-38  9.63161e-35  1.06347e-37 -1.41463e-35 -1.04211e-37 -1.18926e-35  9.25627e-38    8.631e-36 -7.40333e-38 -8.98132e-37  5.29062e-38 -1.92038e-36  -3.3468e-38  1.37025e-36  1.85304e-38 -4.90586e-37 -8.85521e-39  1.38639e-37  3.58804e-39 -5.01299e-38 -1.20433e-39  1.82904e-38  3.24314e-40 -4.47089e-39 -6.68553e-41  6.87744e-40  9.77667e-42 -7.18911e-41  -8.7519e-43  4.46188e-42  3.09167e-44
-3.87651e-50 -2.05018e-35 -8.21543e-50  4.09298e-35 -8.13561e-49 -4.39714e-35  8.22871e-48 -1.42523e-34  -1.0619e-47  5.40288e-34  -6.4471e-47 -2.22365e-34  6.99082e-46 -1.39767e-34 -2.73213e-45  1.73176e-34 -9.28165e-45 -7.31945e-35 -1.14412e-44  2.53739e-35 -1.43922e-43 -6.88096e-35 -4.91253e-43  1.41892e-35 -4.24218e-43  5.29305e-35 -3.39787e-42  -4.1492e-35 -9.60258e-42  1.00562e-35 -1.38557e-41  1.59729e-35 -4.38087e-41 -1.25336e-35 -4.32635e-41 -5.62269e-37 -1.60814e-40  4.76528e-37 -1.29624e-40  2.17047e-36 -2.47282e-40 -4.91408e-37 -2.14511e-40 -9.85722e-37 -1.83722e-40  1.22811e-36 -2.66362e-40 -1.38504e-36 -3.10512e-40  2.37625e-37 -3.14163e-40 -9.33006e-38  -2.0566e-40  2.08302e-38  1.46124e-40  2.52001e-38 -2.14167e-40  1.49095e-38  1.50259e-41 -5.56323e-38 -8.67513e-41  2.51015e-37 -1.89526e-41  -8.9748e-37 -1.25755e-40  2.87396e-36 -7.75572e-42 -8.56139e-36   -8.419e-41   2.3653e-35  2.25218e-40 -6.04022e-35 -5.93087e-40  1.42145e-34  1.47818e-39 -3.07165e-34 -3.43011e-39  6.06968e-34  7.50393e-39 -1.09126e-33 -1.53692e-38   1.7742e-33  2.94467e-38 -2.58883e-33 -5.26823e-38  3.35795e-33  8.78383e-38 -3.82362e-33 -1.36182e-37  3.75699e-33  1.95816e-37 -3.10551e-33 -2.60365e-37  2.07015e-33   3.1904e-37 -1.02063e-33 -3.58873e-37   2.8139e-34    3.689e-37  4.76886e-35 -3.44727e-37 -8.95856e-35  2.91064e-37  3.46095e-35 -2.20457e-37  3.60403e-36  1.48514e-37  -9.2465e-36 -8.80743e-38  4.04587e-36  4.54037e-38 -9.06601e-37 -2.00281e-38  2.22812e-37  7.40742e-39 -1.09498e-37  -2.2354e-39  3.79379e-38  5.29645e-40 -7.07468e-39 -9.28809e-41  8.13389e-40  1.08744e-41 -6.88897e-41 -6.73371e-43  2.57774e-42
 3.18829e-36 -1.38203e-49 -2.39409e-35  2.85215e-49  6.70662e-35 -5.13659e-48 -8.24856e-35  3.86649e-47 -1.79098e-34  -6.4471e-47  6.48155e-34   -3.526e-46 -2.68632e-34  2.59742e-45 -1.15576e-34 -1.13923e-44  1.46423e-34  -4.5194e-44 -8.02693e-35 -5.86306e-44  4.58241e-35 -5.80395e-43 -8.15323e-35 -1.74118e-42  7.63036e-36 -2.18109e-42  6.45652e-35 -1.10879e-41 -4.55166e-35 -3.32892e-41  3.49738e-36 -4.41727e-41   1.7776e-35 -1.28826e-40 -4.77467e-36 -1.31708e-40 -6.68563e-36 -4.58414e-40  1.28442e-36  -3.5563e-40  3.52384e-36 -6.29105e-40 -8.49888e-37 -5.34629e-40 -1.54491e-36 -5.08287e-40  1.75988e-36 -6.65647e-40 -1.69325e-36 -6.38169e-40  1.00624e-37 -7.89707e-40 -4.74953e-38 -4.55966e-40  3.40884e-38    1.514e-40 -1.96435e-38 -3.84309e-40  2.22531e-37 -1.70932e-41 -8.27081e-37 -1.69368e-40  3.03381e-36 -3.55789e-41 -1.01535e-35 -2.50824e-40   3.1419e-35  9.91162e-41 -9.01778e-35 -4.38432e-40  2.39526e-34  1.19319e-39 -5.87122e-34 -3.05377e-39   1.3238e-33  7.35686e-39 -2.73507e-33 -1.65941e-38   5.1542e-33  3.51399e-38 -8.81011e-33 -6.96532e-38  1.35661e-32  1.29051e-37  -1.8658e-32 -2.23081e-37  2.26685e-32  3.59029e-37 -2.39719e-32 -5.36682e-37  2.16046e-32  7.43056e-37 -1.60538e-32 -9.49872e-37  9.25369e-33  1.11702e-36 -3.54837e-33 -1.20332e-36  3.14839e-34   1.1817e-36  6.31415e-34  -1.0519e-36 -4.26107e-34  8.43111e-37  8.02062e-35   -6.037e-37  4.69276e-35  3.82552e-37 -3.45037e-35 -2.12093e-37  8.36665e-36  1.01436e-37  -7.1414e-37 -4.11058e-38  3.51221e-37  1.37872e-38 -2.60343e-37 -3.70621e-39  6.91753e-38  7.61703e-40 -8.63651e-39 -1.10872e-40  7.71598e-40  9.85618e-42 -5.54626e-41  -3.4448e-43
-2.78263e-50  1.57832e-36 -4.94785e-49  -2.5173e-35  2.02214e-48  1.03774e-34 -2.77085e-47 -1.19031e-34  1.71649e-46 -2.22365e-34   -3.526e-46  7.37094e-34 -1.83977e-45 -3.14017e-34  8.75425e-45 -7.67146e-35 -4.56837e-44  1.12009e-34 -1.93813e-43 -7.82604e-35 -2.72393e-43  6.17231e-35 -2.15811e-42 -9.25964e-35 -5.66911e-42  -2.1917e-36  -9.2237e-42  8.04923e-35 -3.31451e-41  -4.8121e-35 -1.05101e-40 -7.10485e-36 -1.28428e-40   1.8675e-35 -3.53483e-40  6.92001e-36 -3.62842e-40 -1.43271e-35 -1.20023e-39  1.50024e-36 -9.02864e-40  5.65496e-36 -1.48691e-39 -1.19224e-36 -1.20574e-39 -2.37884e-36  -1.2362e-39  2.38208e-36 -1.50863e-39 -1.93397e-36 -1.19183e-39 -1.30198e-37 -1.78367e-39  1.45299e-40 -9.21722e-40  1.79567e-37  3.92104e-41 -6.15406e-37 -6.30326e-40  2.62113e-36 -9.02321e-41 -9.66128e-36 -3.21662e-40  3.34716e-35 -1.93752e-41 -1.07546e-34 -5.92211e-40  3.20555e-34  7.27428e-40 -8.85071e-34 -2.22687e-39  2.25815e-33   5.8998e-39 -5.30808e-33 -1.46493e-38   1.1455e-32  3.41734e-38 -2.25992e-32 -7.47297e-38  4.05526e-32  1.53183e-37 -6.57769e-32 -2.93761e-37  9.57004e-32  5.26174e-37 -1.23679e-31 -8.78555e-37  1.40163e-31  1.36439e-36 -1.36837e-31 -1.96569e-36   1.1206e-31   2.6195e-36 -7.35806e-32 -3.21783e-36  3.51837e-32  3.62947e-36 -8.66711e-33 -3.74184e-36  -2.6669e-33  3.50744e-36  3.66902e-33 -2.97081e-36 -1.41682e-33  2.25723e-36 -3.76478e-35 -1.52521e-36  2.57338e-34  9.07004e-37  -9.2768e-35 -4.68674e-37  6.20689e-36  2.07107e-37   1.7414e-36 -7.66812e-38  1.00916e-36  2.31461e-38 -6.04764e-37 -5.48023e-39  9.73671e-38  9.59365e-40 -7.17022e-39  -1.1199e-40  6.69978e-40  6.90208e-42 -3.34863e-41
 -1.7626e-36 -1.44172e-49 -7.96579e-36 -1.96757e-48  -2.5508e-35  5.85974e-48  1.42422e-34 -1.36337e-46 -1.40924e-34  6.99082e-46 -2.68632e-34 -1.83977e-45  8.02259e-34 -9.05917e-45 -3.56437e-34  2.63914e-44 -3.56385e-35  -1.7641e-43  7.96185e-35 -7.50898e-43 -6.75994e-35  -1.1451e-42  7.43539e-35  -7.4223e-42 -1.03775e-34 -1.71038e-41 -1.50978e-35 -3.40692e-41  9.94337e-35  -9.1081e-41 -4.65263e-35 -3.05294e-40 -2.16263e-35 -3.42177e-40  1.78015e-35 -9.09065e-40  2.22072e-35 -9.14156e-40  -2.2961e-35  -2.9113e-39  8.80712e-37 -2.13029e-39  8.45756e-36 -3.28064e-39 -1.22522e-36 -2.48064e-39 -3.50605e-36 -2.69469e-39  2.99897e-36 -3.13649e-39 -2.07443e-36  -2.0113e-39 -3.71126e-37 -3.67207e-39 -2.76192e-37 -1.70933e-39  1.86152e-36 -3.19367e-40 -7.48329e-36 -9.50831e-40  2.89568e-35 -2.00995e-40 -1.03526e-34 -6.36418e-40  3.44878e-34  2.47184e-40 -1.06699e-33 -1.84644e-39  3.06077e-33  3.83391e-39 -8.12311e-33 -1.06217e-38  1.98911e-32  2.72421e-38 -4.47948e-32 -6.55686e-38  9.24158e-32  1.48148e-37 -1.73856e-31 -3.13799e-37  2.96552e-31  6.22528e-37 -4.55474e-31 -1.15471e-36  6.24434e-31  1.99901e-36 -7.55569e-31 -3.22319e-36  7.94729e-31  4.82888e-36 -7.10912e-31 -6.70343e-36  5.22327e-31  8.59527e-36 -2.95136e-31 -1.01424e-35  1.07653e-31  1.09673e-35  -4.1764e-33 -1.08142e-35  -2.3632e-32  9.66784e-36  1.48217e-32 -7.78338e-36 -2.80669e-33  5.59805e-36 -1.36494e-33 -3.56269e-36  9.27062e-34  1.98315e-36 -1.40159e-34 -9.51814e-37 -3.24594e-35  3.86825e-37  5.66219e-36 -1.30015e-37  3.86927e-36  3.49935e-38 -1.13059e-36 -7.19518e-39  8.11533e-38  1.04718e-39 -3.68445e-39 -9.30479e-41  6.36125e-40  3.24926e-42
 5.42441e-50 -3.07367e-37 -9.10944e-49 -2.36655e-35 -7.52764e-48  -2.7138e-35 -5.69348e-48  1.71879e-34 -6.26878e-46 -1.39767e-34  2.59742e-45 -3.14017e-34 -9.05917e-45    8.483e-34 -4.15108e-44 -3.97045e-34  6.88959e-44 -3.32552e-36 -6.54877e-43  5.62994e-35 -2.66887e-42 -5.11774e-35  -4.3867e-42  8.47624e-35 -2.36989e-41 -1.14291e-34 -4.81436e-41 -3.15404e-35 -1.13039e-40  1.17984e-34 -2.30898e-40 -3.72753e-35  -8.2183e-40 -3.92313e-35 -8.38684e-40  1.41419e-35 -2.19984e-39  4.04084e-35 -2.12349e-39 -3.20353e-35 -6.58979e-39 -5.47017e-37 -4.69079e-39  1.15515e-35  -6.7889e-39 -5.41848e-37 -4.68319e-39 -4.89937e-36 -5.32598e-39   3.5117e-36  -6.0366e-39 -2.24179e-36 -3.02637e-39  2.17653e-37 -6.96117e-39 -4.52872e-36 -2.91947e-39  2.04744e-35 -1.09402e-39 -8.12052e-35 -1.34338e-39   3.0132e-34 -2.50399e-40 -1.03998e-33 -1.47956e-39  3.33787e-33   1.8114e-39 -9.94284e-33 -7.10413e-39  2.74321e-32  1.78678e-38 -6.99254e-32 -4.72808e-38  1.64189e-31  1.17408e-37 -3.53865e-31 -2.73788e-37  6.97045e-31  5.99089e-37 -1.24845e-30  -1.2286e-36   2.0204e-30  2.35844e-36 -2.93126e-30 -4.23047e-36  3.77479e-30  7.07743e-36 -4.25827e-30 -1.10186e-35  4.13149e-30  1.59231e-35 -3.35327e-30 -2.12961e-35  2.17029e-30  2.62701e-35  -1.0079e-30 -2.97709e-35  2.20973e-31  3.08528e-35  1.01367e-31 -2.90833e-35 -1.16735e-31  2.47803e-35  4.27265e-32 -1.89436e-35  1.50977e-33  1.28787e-35 -7.30382e-33 -7.70413e-36  2.19963e-33  4.00292e-36  1.26566e-34 -1.77751e-36 -1.52676e-34  6.60768e-37 -4.59285e-36 -2.00059e-37  1.12654e-35  4.74672e-38 -1.33852e-36 -8.32198e-39 -7.68497e-39  9.72985e-40 -3.50738e-39 -6.01301e-41  4.89936e-40
 9.11715e-37  5.54615e-49  5.37874e-36 -6.22864e-48 -3.89344e-35 -2.64384e-47 -3.30694e-35 -1.98842e-46  1.83109e-34 -2.73213e-45 -1.15576e-34  8.75425e-45 -3.56437e-34 -4.15108e-44  8.87713e-34 -1.75904e-43 -4.40267e-34  1.42937e-43  1.41181e-35 -2.32923e-42  4.59868e-35 -8.79334e-42 -3.32836e-35 -1.54438e-41  9.17016e-35 -7.05228e-41 -1.19643e-34 -1.27159e-40 -5.25601e-35 -3.42375e-40  1.31462e-34 -5.41949e-40 -1.71354e-35 -2.06134e-39 -5.84951e-35 -1.89648e-39  6.79899e-36 -5.02667e-39  6.04996e-35 -4.57893e-39 -4.09792e-35 -1.40068e-38 -2.45358e-36 -9.67666e-39  1.43398e-35 -1.32384e-38  1.28381e-36 -8.14866e-39 -6.54404e-36 -9.61495e-39   4.1687e-36 -1.08393e-38 -4.31998e-36 -3.93782e-39   1.0635e-35 -1.22456e-38 -5.18725e-35 -4.60355e-39  2.15365e-34 -2.44659e-39 -8.26748e-34 -1.89449e-39  2.95781e-33  2.60497e-40 -9.84421e-33 -4.39886e-39   3.0436e-32  9.21386e-39 -8.72472e-32 -2.91627e-38  2.31357e-31  7.66343e-38 -5.65963e-31 -1.95977e-37  1.27306e-30  4.71287e-37 -2.62275e-30 -1.06441e-36  4.92571e-30  2.25517e-36 -8.38485e-30 -4.47672e-36  1.28461e-29  8.31445e-36 -1.75565e-29 -1.44222e-35  2.11589e-29  2.33172e-35 -2.21385e-29 -3.50545e-35  1.96588e-29  4.88706e-35 -1.42843e-29 -6.29812e-35  7.91365e-30  7.47537e-35  -2.7428e-30 -8.13673e-35 -3.40552e-32  8.08144e-35  7.11549e-31 -7.28116e-35 -4.15091e-31  5.90994e-35  7.05055e-32 -4.28624e-35  4.00407e-32  2.75055e-35 -2.39705e-32  -1.5433e-35  2.23023e-33  7.46142e-36  1.52144e-33 -3.05168e-36 -2.97924e-34  1.03095e-36 -7.34176e-35 -2.78521e-37  2.11214e-35  5.74135e-38 -2.25838e-37 -8.37273e-39 -9.59416e-38  7.46189e-40 -8.18176e-39  -2.6224e-41
 2.17507e-49  1.18044e-36  2.15704e-48  1.15536e-35 -4.02177e-47 -4.59751e-35 -9.40861e-47 -4.46492e-35 -1.59523e-45  1.73176e-34 -1.13923e-44 -7.67146e-35  2.63914e-44 -3.97045e-34 -1.75904e-43  9.36851e-34 -6.89392e-43 -4.91965e-34   1.5988e-43  1.53296e-35 -7.90805e-42  5.08935e-35 -2.70631e-41  -1.8702e-35 -5.03597e-41  9.08974e-35 -1.96338e-40 -1.12192e-34 -3.16816e-40    -7.94e-35 -9.56682e-40  1.35157e-34 -1.18226e-39  1.59828e-35 -4.83761e-39   -7.763e-35 -3.96356e-39  -4.7422e-36 -1.08796e-38  8.11036e-35 -9.22197e-39 -4.91444e-35 -2.81115e-38 -4.27203e-36 -1.87679e-38  1.61409e-35 -2.44371e-38  4.67176e-36 -1.31103e-38 -9.13467e-36 -1.59277e-38  9.16431e-36 -1.82854e-38 -2.91086e-35 -4.07895e-39  1.25022e-34 -2.01079e-38 -5.39065e-34 -6.72153e-39  2.14614e-33 -4.38004e-39 -7.95392e-33  -3.1679e-39  2.74445e-32  3.41836e-39 -8.80326e-32 -1.56529e-38  2.62061e-31  4.04141e-38 -7.22475e-31  -1.1672e-37  1.83997e-30  3.04173e-37 -4.31577e-30 -7.53226e-37  9.28972e-30  1.75394e-36 -1.82712e-29 -3.83548e-36  3.26652e-29  7.86695e-36  -5.2745e-29 -1.51154e-35  7.63131e-29  2.71638e-35 -9.79316e-29 -4.55744e-35  1.09975e-28  7.12322e-35 -1.06046e-28 -1.03459e-34  8.53076e-29  1.39225e-34 -5.44189e-29 -1.72999e-34  2.45264e-29  1.97697e-34 -4.69556e-30 -2.06803e-34 -3.06563e-30  1.96936e-34  3.08893e-30 -1.69626e-34 -1.05265e-30  1.31141e-34 -7.48641e-32 -9.01775e-35   1.9076e-31  5.45514e-35 -4.92948e-32 -2.86451e-35 -7.26854e-33  1.28415e-35  4.84159e-33 -4.81204e-36 -1.49419e-35  1.46583e-36 -2.43027e-34 -3.49179e-37  1.90423e-35  6.13493e-38  2.35509e-36 -7.18334e-39 -3.66044e-38  4.45467e-40 -8.86667e-39
-1.28092e-36  2.37041e-48  1.06627e-36 -2.72182e-48  1.24375e-35 -2.40649e-46 -4.02554e-35 -4.02046e-46 -5.96687e-35 -9.28165e-45  1.46423e-34 -4.56837e-44 -3.56385e-35  6.88959e-44 -4.40267e-34 -6.89392e-43  1.01095e-33 -2.50759e-42 -5.56115e-34  -4.3443e-43  1.33184e-36 -2.55486e-41  7.29148e-35  -7.8253e-41 -1.21183e-35 -1.53134e-40  7.59187e-35 -5.13253e-40  -8.3225e-35 -7.48441e-40 -1.12985e-34 -2.48487e-39  1.25522e-34 -2.40797e-39  6.23322e-35 -1.06571e-38 -9.47107e-35 -7.66009e-39 -2.04624e-35 -2.23656e-38   1.0057e-34   -1.745e-38 -5.57599e-35 -5.35334e-38 -5.29229e-36 -3.43321e-38  1.61422e-35 -4.28851e-38  1.13097e-35  -1.9549e-38 -2.16584e-35 -2.42747e-38   6.4364e-35  -2.9171e-38 -2.91375e-34  -2.3116e-39  1.28063e-33 -3.09471e-38  -5.2798e-33 -9.18347e-39  2.02726e-32 -6.26376e-39 -7.24932e-32 -7.63523e-39  2.41162e-31  1.71492e-38  -7.4518e-31 -5.83949e-38  2.13466e-30  1.59563e-37 -5.65597e-30 -4.37066e-37  1.38228e-29  1.11039e-36  -3.1057e-29 -2.66177e-36  6.38966e-29  5.99934e-36 -1.19806e-28 -1.26993e-35  2.03534e-28  2.52157e-35 -3.11063e-28  -4.6903e-35  4.23822e-28  8.15966e-35 -5.08777e-28 -1.32509e-34  5.29554e-28  2.00416e-34 -4.66809e-28 -2.81552e-34  3.35411e-28  3.66222e-34 -1.82102e-28 -4.39404e-34  5.97183e-29  4.84177e-34   4.1566e-30 -4.87435e-34 -1.80711e-29  4.45606e-34  9.82307e-30 -3.67264e-34 -1.40675e-30  2.70572e-34  -1.0594e-30 -1.76368e-34  5.58503e-31  1.00466e-34 -2.91475e-32 -4.92581e-35 -4.37769e-32  2.03956e-35  7.77123e-33 -6.95881e-36  1.69372e-33  1.89296e-36  -4.2235e-34 -3.91565e-37 -1.56583e-35  5.71236e-38  3.93076e-36 -5.08603e-39  1.43864e-37  1.79117e-40
-1.06202e-48 -2.72062e-36  1.70606e-47  1.65214e-36  -1.0484e-46  4.39564e-36 -1.33811e-45 -2.27757e-35 -2.09523e-45 -7.31945e-35  -4.5194e-44  1.12009e-34  -1.7641e-43 -3.32552e-36  1.42937e-43 -4.91965e-34 -2.50759e-42  1.11911e-33 -8.50732e-42 -6.31562e-34 -3.90068e-42 -2.67113e-35 -7.83683e-41  1.13862e-34 -2.13506e-40 -1.77734e-35 -4.36762e-40  4.01739e-35 -1.26407e-39  -2.5595e-35 -1.68554e-39 -1.53407e-34 -6.03399e-39  1.00893e-34  -4.6064e-39  1.20052e-34  -2.2095e-38 -1.07848e-34 -1.36724e-38 -3.98264e-35 -4.37757e-38  1.17194e-34 -3.12087e-38 -6.00419e-35 -9.71433e-38 -4.33704e-36 -5.93991e-38  1.08071e-35 -7.18231e-38  3.93685e-35 -2.70512e-38 -1.40189e-34 -3.40712e-38  6.35743e-34 -4.42907e-38 -2.89534e-33  2.95561e-39  1.23402e-32 -4.46934e-38 -4.90682e-32 -1.22255e-38  1.81803e-31 -5.34422e-39 -6.27023e-31 -2.42463e-38  2.01024e-30   6.8287e-38 -5.98053e-30 -2.08167e-37  1.64756e-29  5.67245e-37 -4.19231e-29 -1.49089e-36  9.82323e-29   3.6695e-36 -2.11186e-28 -8.50683e-36  4.14755e-28   1.8548e-35 -7.40176e-28 -3.79988e-35  1.19257e-27  7.30614e-35 -1.72077e-27 -1.31665e-34  2.20066e-27  2.22022e-34 -2.46021e-27 -3.49609e-34  2.35782e-27  5.12822e-34 -1.87981e-27 -6.98657e-34  1.18156e-27  8.80936e-34  -5.1595e-28 -1.02374e-33  8.34251e-29  1.09107e-33  7.77057e-29 -1.06023e-33 -7.01262e-29  9.32912e-34  2.20457e-29 -7.37308e-34  2.66108e-30   5.1836e-34  -4.4093e-30 -3.20453e-34  9.88685e-31  1.71768e-34  2.22591e-31 -7.84555e-35 -1.15693e-31  2.98709e-35 -7.14436e-34 -9.21057e-36  5.32937e-33  2.21039e-36 -2.62659e-34 -3.89085e-37 -7.43802e-35  4.53973e-38  1.40743e-36 -2.79704e-39  1.81675e-37
 1.22443e-37 -1.00543e-47 -2.47002e-36  9.49944e-47  3.94931e-36   -9.203e-46 -1.19353e-35 -6.89981e-45  1.16689e-36 -1.14412e-44 -8.02693e-35 -1.93813e-43  7.96185e-35 -6.54877e-43  1.41181e-35   1.5988e-43 -5.56115e-34 -8.50732e-42   1.2606e-33  -2.7061e-41  -7.1085e-34 -1.77897e-41 -6.81489e-35 -2.27938e-40  1.74728e-34 -5.51432e-40 -3.92651e-35 -1.17419e-39 -2.08796e-35 -2.94205e-39  6.40758e-35 -3.63942e-39  -1.9943e-34 -1.37611e-38  6.15686e-35 -8.34754e-39    1.854e-34 -4.31973e-38 -1.15335e-34 -2.24452e-38  -6.1948e-35 -8.17482e-38  1.29659e-34 -5.30878e-38  -6.2199e-35 -1.68586e-37  5.28886e-36 -9.74255e-38 -3.54671e-35 -1.15148e-37   2.8032e-34  -3.4729e-38 -1.32708e-33 -4.40293e-38  6.22126e-33 -6.44008e-38 -2.74478e-32  1.35122e-38  1.12993e-31 -6.02772e-38 -4.33657e-31 -1.76736e-38  1.55013e-30  7.17055e-39  -5.1544e-30 -7.96991e-38  1.59181e-29  2.32316e-37 -4.55693e-29  -6.6628e-37  1.20646e-28  1.76812e-36 -2.94577e-28 -4.46614e-36  6.61124e-28  1.06074e-35  -1.3584e-27 -2.37387e-35  2.54293e-27  5.00252e-35 -4.31172e-27  -9.9194e-35  6.57385e-27  1.84891e-34 -8.92984e-27 -3.23534e-34  1.06782e-26  5.30588e-34 -1.10567e-26 -8.13709e-34  9.67533e-27  1.16372e-33 -6.87338e-27 -1.54674e-33  3.65415e-27  1.90271e-33 -1.12692e-27 -2.15569e-33 -1.53378e-28  2.23635e-33   3.9666e-28 -2.11004e-33 -2.01283e-28  1.79639e-33  2.27799e-29 -1.36721e-33  2.45382e-29   9.2009e-34  -1.1495e-29  -5.4035e-34  1.97191e-31  2.72528e-34  1.01592e-30 -1.15707e-34 -1.55654e-31   4.0306e-35  -3.9329e-32 -1.11302e-35  8.15017e-33  2.32011e-36  5.83264e-34 -3.38064e-37 -9.38994e-35  2.97818e-38 -3.17073e-36 -1.03113e-39
 3.52579e-48 -5.41361e-37 -7.01454e-47  1.41578e-36  4.26412e-46  8.00615e-36 -5.68489e-45 -3.24907e-35 -3.28448e-44  2.53739e-35 -5.86306e-44 -7.82604e-35 -7.50898e-43  5.62994e-35 -2.32923e-42  1.53296e-35  -4.3443e-43 -6.31562e-34  -2.7061e-41  1.42423e-33 -8.11027e-41 -7.82297e-34 -6.41159e-41 -1.22025e-34 -6.28248e-40   2.5501e-34 -1.35122e-39 -7.93603e-35 -2.98771e-39 -1.08188e-34 -6.48824e-39  1.84309e-34 -7.57941e-39 -2.48063e-34 -2.95857e-38   9.3316e-36 -1.45108e-38  2.53419e-34 -7.97608e-38 -1.15799e-34 -3.35721e-38  -8.5994e-35 -1.45911e-37  1.38823e-34 -8.64664e-38 -7.28308e-35 -2.80629e-37  8.97509e-35 -1.51777e-37 -4.87996e-34 -1.77084e-37  2.62921e-33 -4.12247e-38 -1.27494e-32 -5.23366e-38  5.81755e-32 -9.02123e-38 -2.47933e-31  3.07801e-38  9.85445e-31 -7.47854e-38 -3.64984e-30 -3.10847e-38  1.25828e-29  5.10219e-38 -4.03204e-29 -2.28296e-37  1.19884e-28  6.46375e-37 -3.30034e-28 -1.75522e-36   8.3909e-28  4.46266e-36 -1.96417e-27 -1.07632e-35   4.2177e-27  2.44921e-35 -8.27144e-27 -5.26657e-35  1.47358e-26  1.07042e-34 -2.36918e-26 -2.05627e-34  3.40946e-26  3.73133e-34 -4.34556e-26 -6.38839e-34  4.83652e-26   1.0299e-33 -4.60697e-26 -1.55889e-33  3.63995e-26  2.20694e-33 -2.25347e-26 -2.90839e-33  9.51369e-27  3.54787e-33 -1.22959e-27 -3.98049e-33 -1.69505e-27  4.07756e-33  1.39123e-27 -3.78276e-33 -4.00444e-28   3.1488e-33 -7.27374e-29 -2.32704e-33   8.9751e-29    1.508e-33 -1.74068e-29 -8.44323e-34 -5.37266e-30  4.01081e-34  2.32645e-30 -1.57976e-34  6.30406e-32    5.006e-35 -1.08485e-31 -1.22422e-35  3.01992e-33  2.17192e-36   1.7117e-33 -2.51848e-37 -2.30246e-35   1.5172e-38 -3.68936e-36
 3.61357e-37  2.83259e-47 -3.28717e-36 -4.23611e-46  9.25343e-36  1.51382e-45  1.27147e-35 -2.87362e-44 -5.24436e-35 -1.43922e-43  4.58241e-35 -2.72393e-43 -6.75994e-35 -2.66887e-42  4.59868e-35 -7.90805e-42  1.33184e-36 -3.90068e-42  -7.1085e-34 -8.11027e-41  1.59234e-33 -2.29998e-40 -8.34659e-34 -2.00454e-40 -1.85942e-34 -1.64065e-39  3.52886e-34 -3.14618e-39 -1.39637e-34 -7.21915e-39 -2.18666e-34  -1.3589e-38  3.28904e-34 -1.53139e-38 -2.94272e-34 -6.01542e-38 -5.32261e-35 -2.46254e-38  3.18814e-34 -1.39236e-37 -1.08098e-34 -4.48103e-38 -1.13716e-34 -2.49298e-37   1.6345e-34 -1.35791e-37 -2.07774e-34 -4.49096e-37  9.14114e-34 -2.24918e-37 -4.91145e-33 -2.61471e-37  2.49234e-32 -4.47479e-38 -1.17678e-31 -5.71969e-38  5.19095e-31 -1.22543e-37 -2.13636e-30   5.5576e-38  8.19655e-30 -8.48232e-38 -2.92881e-29 -5.47943e-38  9.73436e-29  1.26498e-37 -3.00463e-28 -4.39425e-37  8.59606e-28  1.13495e-36 -2.27413e-27 -2.78795e-36  5.54774e-27  6.42232e-36 -1.24377e-26 -1.40635e-35  2.55228e-26  2.93092e-35 -4.77052e-26 -5.86112e-35  8.07353e-26  1.13315e-34 -1.22805e-25 -2.12935e-34  1.66325e-25  3.89292e-34 -1.98129e-25 -6.89301e-34  2.04096e-25  1.17124e-33 -1.77289e-25 -1.88753e-33  1.24501e-25  2.85034e-33  -6.4755e-26 -3.98843e-33   1.8633e-26  5.12029e-33  4.01471e-27 -5.97701e-33 -7.64434e-27  6.29039e-33  3.62623e-27 -5.91729e-33 -2.92577e-28   4.9289e-33 -4.98233e-28 -3.59673e-33   2.0901e-28  2.27014e-33  3.62231e-30 -1.22003e-33 -2.02748e-29   5.4729e-34  2.59989e-30 -1.99657e-34  8.32338e-31  5.71699e-35 -1.43201e-31 -1.22085e-35 -1.44887e-32  1.79359e-36  1.79425e-33 -1.55893e-37  7.03487e-35  5.17776e-39
-3.52719e-48  1.12728e-36  1.35645e-46 -8.64249e-36 -2.34057e-45  1.93503e-35  3.70301e-45  1.62891e-35 -1.25814e-43 -6.88096e-35 -5.80395e-43  6.17231e-35  -1.1451e-42 -5.11774e-35 -8.79334e-42  5.08935e-35 -2.55486e-41 -2.67113e-35 -1.77897e-41 -7.82297e-34 -2.29998e-40  1.74836e-33 -6.19357e-40 -8.62136e-34 -5.63791e-40 -2.55725e-34 -4.05989e-39  4.66237e-34 -6.96858e-39  -2.1983e-34 -1.66078e-38 -3.45778e-34 -2.70788e-38  4.87912e-34 -3.01704e-38 -3.31033e-34 -1.15983e-37 -1.23194e-34 -4.16784e-38  3.76348e-34 -2.29943e-37 -8.79061e-35 -5.07026e-38 -1.74605e-34 -4.08228e-37  3.98708e-34  -2.0707e-37 -1.62291e-33 -6.92058e-37  8.88698e-33 -3.17425e-37 -4.64826e-32 -3.70524e-37  2.27426e-31 -4.30625e-38 -1.03834e-30 -5.73445e-38  4.42412e-30 -1.64082e-37 -1.75795e-29  9.43334e-38  6.50884e-29 -1.12576e-37 -2.24303e-28  7.08486e-39   7.1842e-28   -1.087e-37 -2.13486e-27  4.18229e-37  5.87324e-27 -1.75506e-36 -1.49205e-26  5.97097e-36  3.48932e-26 -1.77538e-35 -7.48416e-26  4.69886e-35  1.46573e-25 -1.12102e-34 -2.60686e-25  2.41931e-34  4.18259e-25 -4.72151e-34 -6.00358e-25  8.29943e-34  7.62657e-25  -1.3028e-33 -8.45103e-25  1.79718e-33  8.00108e-25 -2.11011e-33 -6.26435e-25  1.95152e-33  3.81824e-25 -1.04712e-33 -1.55467e-25 -6.93688e-34  1.45369e-26  3.02931e-33  3.23705e-26 -5.37879e-33 -2.44301e-26  7.02449e-33   6.3847e-27 -7.45072e-33  1.63125e-27  6.61357e-33 -1.61815e-27 -4.94973e-33  2.67745e-28  3.11233e-33  1.10321e-28 -1.62562e-33 -4.08211e-29   6.9215e-34 -2.16207e-30 -2.33592e-34  1.98625e-30  5.99569e-35 -1.91194e-32 -1.09799e-35 -3.31697e-32  1.28546e-36  2.00424e-34 -7.56738e-38   6.9129e-35
 3.06586e-37 -3.06946e-47  2.60652e-36  3.39768e-46 -1.57732e-35 -1.19683e-44  2.92382e-35  9.37646e-46  1.70737e-35 -4.91253e-43 -8.15323e-35 -2.15811e-42  7.43539e-35  -4.3867e-42 -3.32836e-35 -2.70631e-41  7.29148e-35 -7.83683e-41 -6.81489e-35 -6.41159e-41 -8.34659e-34 -6.19357e-40  1.88478e-33 -1.58823e-39 -8.67207e-34 -1.45304e-39  -3.2622e-34 -9.52154e-39  5.93702e-34 -1.46956e-38 -3.16989e-34 -3.64456e-38 -4.80624e-34 -5.14101e-38  6.48917e-34 -5.81643e-38 -3.49936e-34 -2.12575e-37 -1.96851e-34  -7.1764e-38  4.16028e-34 -3.59307e-37 -9.22635e-36 -4.08769e-38 -5.79639e-34 -6.41324e-37  2.76574e-33 -3.08635e-37  -1.5341e-32   -1.028e-36   8.3051e-32 -4.27117e-37 -4.20327e-31 -5.02957e-37  1.98648e-30 -3.38026e-38  -8.7616e-30 -4.97394e-38    3.605e-29 -2.32991e-37 -1.38272e-28  2.10681e-37  4.93905e-28 -3.92594e-37 -1.64088e-27  9.78648e-37  5.06225e-27 -3.32535e-36 -1.44742e-26  1.04148e-35   3.8265e-26 -3.07621e-35 -9.32685e-26  8.42195e-35   2.0889e-25 -2.14018e-34 -4.28132e-25  5.04336e-34  7.99043e-25 -1.10106e-33 -1.34982e-24  2.22306e-33  2.04854e-24 -4.14075e-33 -2.76651e-24  7.09245e-33  3.28315e-24 -1.11241e-32  -3.3648e-24  1.58868e-32  2.90144e-24  -2.0501e-32 -2.01378e-24  2.36413e-32  1.02369e-24 -2.39476e-32 -2.72144e-25  2.06746e-32 -8.50251e-26 -1.42525e-32  1.30854e-25  6.34304e-33  -5.8068e-26  7.97088e-34  2.65507e-27 -5.35826e-33  8.94568e-27   6.7831e-33  -3.3775e-27  -5.8154e-33 -1.81245e-28  3.82921e-33  3.56629e-28 -1.98927e-33  -3.7028e-29  8.11013e-34 -1.56729e-29 -2.52996e-34  2.24459e-30  5.76222e-35  2.96796e-31  -8.8333e-36 -2.93946e-32  7.78193e-37 -1.41785e-33 -2.49831e-38
-1.82537e-47  8.96915e-37 -2.16111e-46    4.773e-36 -7.50399e-46 -2.30247e-35 -5.63385e-44  3.74827e-35 -5.60966e-44  1.41892e-35 -1.74118e-42 -9.25964e-35  -7.4223e-42  8.47624e-35 -1.54438e-41  -1.8702e-35  -7.8253e-41  1.13862e-34 -2.27938e-40 -1.22025e-34 -2.00454e-40 -8.62136e-34 -1.58823e-39  2.00748e-33 -3.88685e-39 -8.59987e-34 -3.46931e-39 -3.92719e-34 -2.11675e-38  7.34808e-34  -2.9533e-38 -4.24815e-34 -7.63925e-38 -6.13002e-34 -9.30785e-38  7.98275e-34 -1.09885e-37 -3.43213e-34 -3.71142e-37 -2.61775e-34 -1.26982e-37  3.66205e-34 -5.31045e-37  6.04499e-34  1.81551e-39 -4.38183e-33 -9.67337e-37  2.54174e-32 -4.52127e-37 -1.41993e-31  -1.4727e-36  7.43904e-31 -5.48933e-37 -3.63837e-30   -6.509e-37  1.66107e-29 -1.86511e-38 -7.07601e-29 -8.98485e-39  2.81097e-28 -4.45724e-37 -1.04045e-27  8.27526e-37  3.58419e-27 -2.40362e-36 -1.14747e-26  7.71367e-36  3.40803e-26 -2.44032e-35 -9.36997e-26  7.21925e-35  2.37857e-25 -2.00079e-34 -5.55755e-25  5.17449e-34  1.19074e-24 -1.24798e-33 -2.32892e-24  2.80315e-33  4.13543e-24  -5.8547e-33 -6.62193e-24  1.13481e-32   9.4811e-24 -2.03636e-32 -1.20053e-23  3.37299e-32  1.32457e-23  -5.1386e-32 -1.24649e-23  7.16831e-32  9.67035e-24 -9.10563e-32 -5.80066e-24  1.04569e-31  2.27154e-24 -1.07527e-31 -1.22275e-25   9.7657e-32 -5.48045e-25 -7.66925e-32  3.83459e-25  5.01479e-32 -9.00411e-26 -2.50617e-32 -3.11933e-26  6.87765e-33  2.60464e-26  2.62665e-33 -3.58926e-27 -5.18283e-33 -1.98245e-27  4.10932e-33  6.35319e-28 -2.22223e-33  5.22368e-29  8.80055e-34 -3.25581e-29 -2.53517e-34 -2.46894e-31  5.05427e-35  5.64206e-31 -6.26933e-36  1.05965e-33   3.7754e-37 -1.16813e-33
