 9.05166e-18  2.77296e-33 -3.18562e-16  -1.9085e-31  4.28694e-15  3.67935e-30 -3.39749e-14 -3.79911e-29  1.82218e-13   2.5439e-28 -7.06519e-13 -1.20935e-27  2.04971e-12  4.29526e-27  -4.5194e-12 -1.17575e-26  7.57652e-12     2.53e-26 -9.48934e-12 -4.33795e-26  8.44835e-12  5.99872e-26   -4.632e-12 -6.79885e-26  6.17685e-13  6.43057e-26  1.11267e-12 -4.86645e-26 -6.56242e-13  1.44007e-26 -1.30392e-13  5.46341e-26  2.12932e-13 -1.66598e-25  1.21593e-14  2.95047e-25 -5.66875e-14  -3.7837e-25 -4.93201e-15   3.6273e-25  1.33603e-14 -2.53849e-25   3.0472e-15  1.18915e-25 -2.41171e-15 -2.84954e-26  -1.1923e-15 -2.25992e-29  1.80139e-16 -1.89163e-27   2.8187e-16  1.27215e-27  5.53564e-17  8.02176e-27 -3.03278e-17 -1.64274e-26 -1.97503e-17  1.81754e-26 -2.56382e-18 -1.49288e-26  1.89743e-18  1.01673e-26  1.08418e-18 -6.02369e-27  1.84912e-19  3.24125e-27 -5.54385e-20 -1.64949e-27 -4.25984e-20  7.61937e-28 -1.13032e-20 -2.69371e-28 -4.40578e-22  4.75905e-29   8.1566e-22  1.12785e-29  3.51035e-22 -1.10172e-29  7.33938e-23  3.83279e-30  3.74528e-24 -4.02712e-31 -3.10427e-24 -4.28272e-31 -1.29298e-24  2.76667e-31 -2.84337e-25 -6.12028e-32  -3.5495e-26  -6.6362e-34  8.64268e-29  2.27064e-33  1.25399e-27 -4.20634e-34  3.50422e-28 -1.05407e-34  5.99683e-29  1.45011e-34  6.96225e-30 -2.77526e-35  4.50525e-31 -3.16145e-36 -1.76401e-32   7.4185e-37 -9.69963e-33 -1.91949e-37 -1.55412e-33  3.93583e-38 -1.64835e-34  8.47151e-39 -1.27185e-35 -2.54631e-40 -7.04402e-37 -1.02099e-40 -2.45014e-38 -2.09895e-42 -1.66588e-40 -1.41312e-42  3.42329e-41 -7.57206e-44  1.97128e-42  6.26988e-45  5.72719e-44 -2.11657e-46  9.09805e-46  6.11067e-48
 2.77296e-33  4.60776e-16  1.15861e-31 -9.19606e-15 -5.45054e-30  9.39659e-14  8.32674e-29 -6.15456e-13 -7.24071e-28  2.83797e-12  4.21996e-27   -9.665e-12 -1.78159e-26  2.49133e-11  5.69265e-26 -4.90261e-11 -1.41378e-25  7.31693e-11  2.77586e-25  -8.0535e-11 -4.36619e-25  6.07017e-11  5.60467e-25 -2.43735e-11 -6.13022e-25  -3.5565e-12   6.2754e-25   9.4505e-12 -6.71532e-25 -2.46643e-12  7.36873e-25 -2.12605e-12 -6.87492e-25  1.05337e-12  3.73954e-25  4.93039e-13  1.69604e-25 -2.81467e-13 -6.74793e-25  -1.3944e-13  8.46774e-25  5.27587e-14 -6.43925e-25  4.06039e-14  3.10833e-25 -3.50374e-15  -1.1152e-25 -9.39121e-15  8.29677e-26 -1.83466e-15 -8.74562e-26  1.24305e-15  3.16235e-26  7.31437e-16  5.20533e-26  3.75562e-17 -9.98544e-26 -1.04543e-16  9.95303e-26 -4.46025e-17 -7.55183e-26  -2.1504e-18  4.89517e-26  5.12382e-18 -2.82031e-26  2.29833e-18  1.49183e-26  3.21096e-19 -7.48373e-27 -1.20054e-19  3.37568e-27 -8.00671e-20 -1.12877e-27 -2.06177e-20  1.58924e-28 -1.26212e-21   6.9264e-29  1.12039e-21 -5.09581e-29  5.12402e-22  1.59068e-29  1.16145e-22 -1.32827e-30  1.15502e-23 -1.86502e-30 -2.12523e-24  1.10739e-30 -1.25436e-24 -2.07257e-31 -3.11898e-25 -1.84191e-32 -4.85528e-26  1.09925e-32   -3.873e-27 -1.78056e-33  3.27671e-28 -2.90322e-34  1.81149e-28  5.17664e-34  3.68947e-29 -9.35856e-35  5.02399e-30  -1.1977e-35   4.8241e-31  1.79414e-36  2.84068e-32 -5.47297e-37 -6.23081e-35  1.15753e-37 -2.43798e-34  2.94805e-38 -3.30084e-35 -2.75649e-40 -2.74437e-36 -2.55968e-40 -1.60488e-37 -9.16543e-42 -6.63396e-39 -3.60145e-42 -1.85844e-40   -7.702e-44 -3.53326e-42   7.1939e-45  -2.9567e-44 -4.35063e-46  7.74446e-47
-3.18562e-16  1.15861e-31  1.15286e-14  2.69913e-30 -1.59767e-13 -9.54427e-29  1.30617e-12  1.19877e-27 -7.24099e-12 -8.95268e-27  2.90901e-11  4.59629e-26 -8.77085e-11 -1.73688e-25  2.01786e-10  5.01886e-25 -3.54976e-10 -1.13434e-24  4.70735e-10  2.03367e-24  -4.5137e-10 -2.92592e-24  2.79298e-10  3.45255e-24   -6.528e-11 -3.55951e-24 -5.09676e-11  3.70885e-24  4.36964e-11 -4.49971e-24  8.53872e-13  5.93517e-24 -1.29706e-11 -7.14162e-24  1.52536e-12  7.00614e-24  3.43429e-12 -5.21837e-24 -3.53126e-13  2.66382e-24 -8.85824e-13  -6.6823e-25  -2.7939e-14 -1.81575e-25  1.98314e-13  3.45238e-25  4.86587e-14 -4.87369e-25 -2.92103e-14  6.72557e-25 -1.78561e-14  -5.8077e-25  1.49323e-17  1.71077e-25  3.18977e-15  2.40137e-25  1.10991e-15 -4.09303e-25 -1.02469e-16  3.69372e-25 -2.04525e-16 -2.59911e-25 -6.47203e-17  1.60848e-25  1.34909e-18  -9.0434e-26  8.46022e-18  4.72071e-26  3.23614e-18 -2.34429e-26  4.03566e-19   1.0364e-26 -1.54958e-19 -3.28048e-27 -9.75554e-20  3.41835e-28 -2.52384e-20  2.63264e-28 -2.29618e-21 -1.59792e-28  8.76201e-22  4.52592e-29   4.6273e-22 -3.00403e-30  1.14297e-22 -5.52887e-30  1.56284e-23  3.08639e-30 -3.35445e-26 -4.84486e-31  -6.3828e-25 -8.86298e-32  -1.9017e-25   3.3338e-32 -3.42386e-26 -4.79525e-33 -4.04504e-27 -4.14085e-34 -2.19904e-28  1.26762e-33  2.89895e-29 -2.20193e-34  1.00203e-29 -3.08075e-35  1.59943e-30  2.65532e-36  1.76212e-31 -1.13582e-36  1.40945e-32  2.43176e-37  7.68473e-34  6.84673e-38  1.89543e-35  4.66243e-40 -1.14527e-36 -4.04039e-40 -1.62735e-37 -2.47657e-41 -9.79866e-39 -5.48067e-42 -3.64368e-40  3.78122e-44   -8.508e-42  2.04873e-45 -9.17138e-44 -3.82101e-46
 -1.9085e-31 -9.19606e-15  2.69913e-30  1.88998e-13  4.31243e-29 -1.99189e-12 -1.21133e-27  1.34815e-11  1.28382e-26 -6.43801e-11 -8.35933e-26  2.27677e-10  3.81724e-25 -6.11529e-10 -1.29962e-24  1.25981e-09  3.41127e-24 -1.98192e-09 -7.03636e-24  2.32624e-09  1.15317e-23 -1.91651e-09 -1.51557e-23  9.19781e-10  1.63488e-23 -1.23288e-11 -1.57071e-23 -2.89556e-10  1.63245e-23  1.22786e-10 -2.12589e-23  5.11422e-11   3.0162e-23 -4.56936e-11 -3.85784e-23 -9.43428e-12   4.1002e-23  1.26307e-11 -3.51911e-23  2.88496e-12  2.39529e-23 -2.87186e-12 -1.26485e-23 -1.09989e-12  4.79047e-24  4.45743e-13 -3.06198e-25  3.40042e-13 -2.23743e-24 -3.13755e-15     3.21e-24 -6.76442e-14 -2.40736e-24 -2.07978e-14  5.81798e-25  4.89006e-15  8.73195e-25   5.1941e-15  -1.3093e-24  1.15648e-15  1.07411e-24 -3.22266e-16  -7.0206e-25 -2.85106e-16  4.15839e-25 -7.16083e-17 -2.29137e-25  5.50951e-18  1.18618e-25  1.01879e-17 -5.85938e-26  3.51992e-18  2.54903e-26  4.34046e-19 -7.65308e-27 -1.36794e-19  5.18703e-28 -8.78788e-20  7.50157e-28 -2.34324e-20  -3.9405e-28 -2.86284e-21  1.02349e-28  3.75223e-22 -5.63448e-30  2.86091e-22 -1.29072e-29    7.817e-23  6.94528e-30  1.29109e-23 -9.10804e-31  9.97391e-25 -2.68616e-31  -1.4153e-25  7.56423e-32 -6.86504e-26 -9.57244e-33 -1.43561e-26  3.94612e-35 -2.01415e-27  2.46056e-33 -1.91897e-28  -4.2096e-34 -8.92191e-30 -6.22646e-35  7.61297e-31  2.36404e-36   2.2675e-31 -1.97537e-36  2.90819e-32  4.18299e-37  2.53728e-33  1.23131e-37  1.60796e-34  2.51766e-39   7.2573e-36 -4.61417e-40  2.09873e-37 -4.82973e-41  2.40178e-39 -5.37757e-42 -8.63921e-41  2.08367e-43 -3.99962e-42 -4.03572e-45 -4.07797e-44
 4.28694e-15 -5.45054e-30 -1.59767e-13  4.31243e-29   2.2836e-12  5.19141e-28 -1.92889e-11  -1.2012e-26  1.10704e-10   1.0952e-25  -4.6156e-10 -6.29167e-25  1.44863e-09  2.57569e-24 -3.48302e-09 -7.94387e-24  6.43888e-09   1.9012e-23 -9.04974e-09 -3.58757e-23  9.34064e-09  5.38046e-23 -6.46583e-09 -6.45514e-23  2.12132e-09  6.34542e-23   7.7557e-10 -5.65674e-23 -1.06632e-09  5.85496e-23  1.51516e-10 -8.04502e-23  2.81287e-10  1.18331e-22 -8.98979e-11 -1.53723e-22 -7.12837e-11  1.65809e-22  2.47094e-11 -1.45898e-22  1.97339e-11  1.03295e-22 -3.90923e-12 -5.73479e-23  -5.2859e-12  2.25817e-23 -1.89792e-13 -1.66325e-24  1.09061e-12 -8.88176e-24  3.36048e-13  1.14068e-23 -1.10657e-13 -7.61868e-24 -9.76976e-14   1.4872e-24 -1.44652e-14  2.62551e-24  1.07733e-14 -3.47688e-24  6.27237e-15  2.59752e-24  8.63845e-16 -1.57561e-24 -5.07985e-16  8.95003e-25 -3.11798e-16 -4.85987e-25 -6.57808e-17  2.51043e-25  7.42882e-18 -1.24032e-25  9.59785e-18  5.33305e-26  3.13284e-18 -1.52439e-26  4.15254e-19  5.01468e-28 -8.30851e-20  1.73685e-27 -6.07721e-20 -8.13354e-28 -1.70436e-20  1.96007e-28 -2.57009e-21 -1.00615e-29 -1.08784e-24 -2.51963e-29  1.18928e-22  1.34325e-29  3.78458e-23 -1.47809e-30  7.14148e-24 -6.25004e-31  8.46449e-25  1.37743e-31  3.16668e-26 -1.47767e-32 -1.21687e-26  2.10612e-33 -3.53675e-27  4.02178e-33 -5.68606e-28 -6.99176e-34 -6.42241e-29  -1.0514e-34 -5.13008e-30  1.63038e-37 -2.41285e-31 -3.00043e-36  2.86051e-33  6.19139e-37  1.76811e-33  1.82612e-37  1.85216e-34  5.97026e-39  1.19205e-35 -4.15305e-40  5.23072e-37 -7.27699e-41  1.53685e-38 -2.82791e-42  2.64684e-40  3.01005e-43  1.71429e-42 -4.93937e-45
 3.67935e-30  9.39659e-14 -9.54427e-29 -1.99189e-12  5.19141e-28  2.16883e-11  4.97379e-27  -1.5194e-10 -9.72675e-26  7.52712e-10  7.74352e-25 -2.76896e-09 -3.96251e-24   7.7629e-09  1.46379e-23 -1.67693e-08 -4.10827e-23   2.7847e-08  8.99293e-23 -3.48761e-08 -1.55543e-22  3.13325e-08  2.13635e-22 -1.75343e-08 -2.33824e-22  2.53803e-09  2.09049e-22  4.30893e-09 -1.73142e-22 -2.75002e-09  1.80302e-22 -4.32144e-10 -2.59879e-22  9.20812e-10   3.8848e-22  1.13604e-12 -5.02455e-22 -2.55926e-10  5.37731e-22  -3.9108e-12 -4.70072e-22  6.52493e-11  3.30339e-22  9.33136e-12 -1.80202e-22 -1.36605e-11  6.68173e-23 -5.04088e-12 -5.61199e-25  1.63872e-12 -2.92308e-23  1.48426e-12  3.29979e-23  1.45496e-13 -1.99376e-23 -2.21148e-13  3.04878e-24 -1.02776e-13  6.74241e-24 -2.08844e-15 -7.93811e-24  1.47929e-14  5.39545e-24  6.06813e-15 -3.02543e-24  4.46457e-16  1.65041e-24  -5.7096e-16 -8.89407e-25 -2.81767e-16  4.62097e-25 -5.30403e-17 -2.29804e-25  6.33348e-18  9.81236e-26  7.29638e-18  -2.6856e-26  2.33348e-18   3.9969e-29  3.46694e-19  3.41257e-27 -2.95549e-20 -1.45535e-27 -3.22137e-20  3.30102e-28 -9.72924e-21 -1.88883e-29  -1.7069e-21 -4.24972e-29 -1.26119e-22  2.31184e-29  2.76395e-23 -2.16713e-30  1.25604e-23 -1.21053e-30  2.69633e-24  2.07446e-31  3.85386e-25  -1.7101e-32  3.50186e-26  7.30402e-33  7.32251e-28  5.73456e-33 -4.03011e-28 -1.04688e-33 -8.80263e-29 -1.53565e-34 -1.11875e-29 -3.84183e-36 -1.01264e-30 -4.00576e-36 -6.66359e-32  8.07821e-37 -2.96282e-33  2.32122e-37 -5.99999e-35  1.01881e-38  2.43468e-36 -3.52848e-40   2.6045e-37 -8.75073e-41  1.05706e-38  6.65186e-43  2.08494e-40  2.49237e-43  1.34558e-42
-3.39749e-14  8.32674e-29  1.30617e-12 -1.21133e-27 -1.92889e-11  4.97379e-27  1.68632e-10  3.93158e-26 -1.00378e-09 -6.62379e-25  4.35123e-09  4.65889e-24 -1.42419e-08 -2.14031e-23  3.58503e-08  7.17342e-23 -6.97608e-08 -1.83904e-22  1.04046e-07  3.69126e-22 -1.15584e-07 -5.86014e-22  8.89369e-08  7.37291e-22  -3.7323e-08 -7.35437e-22 -4.45378e-09  5.97223e-22  1.47398e-08  -4.6265e-22 -4.56182e-09  4.93833e-22 -3.22781e-09 -7.43439e-22  1.98544e-09   1.1128e-21  7.16296e-10 -1.41609e-21 -5.71552e-10  1.48721e-21 -2.10362e-10 -1.27427e-21   1.2584e-10  8.72874e-22  6.94695e-11 -4.56721e-22 -1.60927e-11  1.53105e-22 -1.90981e-11  1.45751e-23 -1.63841e-12 -8.11101e-23  3.34561e-12  8.14331e-23  1.37801e-12 -4.50083e-23 -1.30781e-13  5.11453e-24 -2.80006e-13  1.51454e-23 -8.37877e-14 -1.59427e-23  9.50893e-15  9.82037e-24  1.54447e-14 -5.05076e-24  4.94235e-15  2.64699e-24   1.2519e-16 -1.42911e-24 -5.04162e-16  7.54631e-25  -2.1672e-16 -3.80554e-25 -3.87839e-17  1.62152e-25  3.61769e-18 -4.28283e-26   4.5148e-18  -1.0305e-27  1.45888e-18  5.84029e-27  2.44469e-19 -2.30954e-27  1.36849e-21  5.02201e-28 -1.25858e-20 -3.73632e-29  -4.2883e-21 -6.31917e-29 -8.45333e-22  3.61717e-29 -9.88809e-23 -2.96002e-30 -1.09723e-24  -2.0396e-30  2.50937e-24  2.58985e-31  6.72881e-25 -1.16243e-32  1.09127e-25  1.73031e-32  1.24056e-26  7.32737e-33  9.32677e-28 -1.43973e-33  2.40599e-29 -1.98226e-34 -5.03772e-30 -8.43983e-36 -9.38912e-31 -4.67125e-36 -9.34602e-32  9.44204e-37  -6.4231e-33  2.60972e-37 -3.15496e-34  1.39323e-38   -1.071e-35 -3.79387e-40 -2.22146e-37 -8.49299e-41 -1.83779e-39  2.86583e-42  1.05852e-41  1.17074e-43
-3.79911e-29 -6.15456e-13  1.19877e-27  1.34815e-11  -1.2012e-26  -1.5194e-10  3.93158e-26   1.1039e-09  2.63035e-25 -5.68423e-09 -3.87463e-24  2.17936e-08  2.43079e-23 -6.38984e-08  -1.0091e-22  1.45008e-07   3.0825e-22 -2.54592e-07 -7.24139e-22  3.40551e-07  1.33538e-21 -3.33104e-07 -1.94755e-21  2.13802e-07  2.24362e-21 -5.57919e-08 -2.03597e-21 -3.73353e-08  1.50002e-21  3.67739e-08 -1.10101e-21 -1.53431e-09   1.2336e-21 -1.09559e-08 -1.92536e-21  2.24744e-09  2.84898e-21  2.95779e-09 -3.53887e-21 -6.44008e-10  3.62455e-21 -8.17275e-10 -3.02209e-21  7.20541e-11  1.99874e-21   2.0938e-10 -9.89737e-22  2.60499e-11  2.89658e-22 -3.97632e-11  7.05929e-23 -1.63718e-11 -1.94402e-22  2.92104e-12  1.76447e-22  4.02947e-12 -8.99679e-23  8.85644e-13  6.88276e-24  -3.4878e-13  3.03066e-23  -2.7102e-13 -2.86297e-23 -5.44552e-14  1.58716e-23  1.55048e-14 -7.38623e-24  1.32023e-14  3.71239e-24  3.51807e-15  -2.0346e-24 -1.96725e-17  1.10777e-24 -3.63897e-16 -5.71494e-25 -1.43957e-16  2.44101e-25  -2.5897e-17 -6.28126e-26  1.12929e-18 -2.58648e-27  2.25203e-18  8.84657e-27  7.58032e-19 -3.30424e-27  1.41612e-19  7.05068e-28  9.90069e-21 -7.28639e-29 -3.18574e-21 -8.39556e-29  -1.4053e-21  5.21394e-29 -3.09134e-22 -3.82492e-30 -4.44045e-23 -3.07302e-30 -3.60697e-24     2.58e-31  1.15838e-25  6.73311e-33  9.71555e-26  3.33311e-32   1.8969e-26  8.61777e-33  2.41615e-27 -1.82611e-33  2.22055e-28 -2.28729e-34  1.42735e-29 -1.17468e-35  4.97556e-31 -4.71604e-36 -1.27269e-32  1.00448e-36 -3.19296e-33  2.67646e-37 -2.40518e-34  1.58965e-38 -1.09157e-35 -5.04408e-40  -3.0801e-37 -6.61318e-41 -4.81008e-39  2.81334e-42 -2.75123e-41
 1.82218e-13 -7.24071e-28 -7.24099e-12  1.28382e-26  1.10704e-10 -9.72675e-26 -1.00378e-09  2.63035e-25  6.20991e-09  1.51809e-24 -2.80467e-08  -1.9783e-23  9.59346e-08  1.11573e-22 -2.53351e-07 -4.20834e-22   5.1992e-07  1.17618e-21 -8.24138e-07 -2.53849e-21  9.85724e-07  4.30722e-21 -8.39265e-07  -5.7723e-21  4.28801e-07  6.08139e-21 -2.50246e-08 -5.00562e-21 -1.31491e-07  3.34162e-21  6.71217e-08 -2.37242e-21  1.98876e-08  2.85934e-21 -2.51634e-08 -4.57162e-21 -2.49495e-09  6.61447e-21  7.32726e-09 -7.97792e-21  7.80875e-10  7.94031e-21 -1.86909e-09 -6.41551e-21 -4.36463e-10  4.07263e-21   3.7277e-10 -1.89037e-21  1.81147e-10  4.63072e-22 -3.53486e-11  2.14653e-22 -4.76242e-11 -4.10813e-22 -7.95799e-12  3.42329e-22  6.16202e-12 -1.62098e-22  3.58326e-12  6.60223e-24  3.17701e-13  5.48044e-23 -4.30893e-13 -4.65465e-23 -2.15737e-13  2.29903e-23 -2.85444e-14 -9.46213e-24  1.54283e-14  4.52989e-24  9.59694e-15 -2.57089e-24   2.2527e-15  1.47475e-24 -3.53559e-17 -7.86666e-25 -2.17833e-16  3.37929e-25 -8.27967e-17 -8.55866e-26   -1.555e-17 -4.06313e-27  -2.1215e-19  1.19641e-26  8.76175e-19 -4.31656e-27   3.2072e-19  9.29902e-28  6.58638e-20 -1.32293e-28  7.45497e-21 -1.00661e-28  -2.1579e-22   6.9781e-29 -3.13758e-22 -4.66916e-30 -8.07743e-23 -4.21708e-30 -1.31542e-23  1.72552e-31 -1.46456e-24  4.10432e-32 -9.18014e-26   5.5505e-32  3.05635e-27  9.63481e-33  1.70941e-27 -2.11863e-33  2.59949e-28 -2.35607e-34  2.58929e-29 -1.21371e-35  1.86535e-30 -4.10202e-36  9.66485e-32  9.91979e-37  3.29485e-33  2.57797e-37  4.88622e-35  1.53823e-38 -1.36714e-36 -6.21414e-40 -8.61899e-38 -4.02369e-41 -1.51846e-39  1.41642e-42
  2.5439e-28  2.83797e-12 -8.95268e-27 -6.43801e-11   1.0952e-25  7.52712e-10 -6.62379e-25 -5.68423e-09  1.51809e-24  3.04922e-08   7.6706e-24 -1.22125e-07 -8.92771e-23  3.75317e-07  4.55618e-22 -8.96711e-07 -1.56869e-21  1.66777e-06  4.02449e-21 -2.38574e-06 -7.99686e-21  2.53866e-06  1.24973e-20 -1.84781e-06 -1.53845e-20  6.82541e-07  1.47893e-20  1.79393e-07 -1.09902e-20 -3.29061e-07  6.63622e-21  7.47579e-08 -4.69793e-21  8.29121e-08  6.21229e-21 -3.91871e-08 -1.00184e-20 -2.02798e-08   1.4052e-20  1.18279e-08 -1.64076e-20  5.94114e-09  1.58409e-20 -2.54568e-09  -1.2372e-20 -1.85595e-09  7.50892e-21  2.54944e-10 -3.24213e-21  4.81329e-10  6.25767e-22  7.26621e-11  5.11939e-22 -7.73073e-11 -7.77868e-22 -3.90151e-11  6.03323e-22  7.50305e-13 -2.66661e-22  7.01101e-12  1.46233e-24  2.52643e-12  9.05942e-23 -8.10972e-14 -6.91992e-23 -3.90811e-13  3.00594e-23 -1.47351e-13 -1.05177e-23 -1.21802e-14   4.6982e-24  1.17342e-14 -2.86018e-24  6.05645e-15  1.79119e-24  1.32108e-15 -1.00086e-24 -5.26492e-18  4.32679e-25 -1.07848e-16 -1.08878e-25 -4.09178e-17 -4.46311e-27 -8.17155e-18  1.44707e-26 -5.36606e-19 -5.20468e-27  2.44233e-19  1.16909e-27  1.06843e-19 -2.18069e-28  2.40139e-20 -1.10054e-28  3.40736e-21  8.70422e-29  2.17523e-22 -5.29035e-30 -3.46644e-23 -5.33486e-30 -1.38925e-23 -1.33812e-32 -2.57779e-24  9.04066e-32  -3.2752e-25  8.23684e-32 -2.94642e-26  1.06361e-32 -1.62624e-27 -2.20288e-33  1.62996e-30 -2.11556e-34   1.1586e-29  -9.1796e-36  1.42675e-30 -3.11818e-36   1.0563e-31   9.3079e-37  5.37018e-33  2.37597e-37  1.86786e-34  1.26868e-38   4.1105e-36 -6.09752e-40  4.76189e-38 -1.79483e-41   1.6125e-40
-7.06519e-13  4.21996e-27  2.90901e-11 -8.35933e-26  -4.6156e-10  7.74352e-25  4.35123e-09 -3.87463e-24 -2.80467e-08   7.6706e-24  1.32305e-07  3.43328e-23 -4.74113e-07 -3.59716e-22  1.31673e-06   1.6704e-21 -2.85623e-06 -5.27063e-21  4.82092e-06  1.24467e-20 -6.21341e-06 -2.28092e-20    5.836e-06  3.28487e-20  -3.5248e-06 -3.71064e-20  7.17092e-07  3.24319e-20  7.84192e-07 -2.16017e-20  -6.3127e-07  1.17689e-20 -2.56126e-08 -8.66914e-21  2.07744e-07  1.27024e-20 -2.68031e-08 -2.03239e-20 -5.91341e-08  2.74742e-20  8.25566e-09 -3.10235e-20  1.65425e-08  2.90417e-20 -3.26442e-10 -2.18963e-20 -4.17277e-09   1.2673e-20 -7.76243e-10 -5.05827e-21  7.54481e-10  6.95919e-22  3.75623e-10  1.03112e-21 -3.84793e-11 -1.33657e-21 -8.49618e-11  9.76855e-22  -2.2942e-11 -4.04445e-22  6.00698e-12 -1.22072e-23  5.97265e-12  1.38155e-22  1.45772e-12 -9.48543e-23 -2.46206e-13  3.57123e-23 -2.89232e-13 -9.87494e-24 -8.90282e-14  3.84932e-24 -4.45176e-15 -2.72691e-24  7.26224e-15  1.99305e-24  3.34814e-15 -1.18526e-24  7.11637e-16  5.13488e-25  1.76453e-17 -1.29241e-25 -4.32454e-17  -2.5787e-27 -1.70834e-17  1.55346e-26 -3.64716e-18 -5.84939e-27 -3.89745e-19  1.41707e-27  3.50833e-20 -3.24853e-28  2.63826e-20 -1.11723e-28  6.64222e-21  1.01236e-28  1.07548e-21 -5.37491e-30  1.12242e-22   -6.265e-30  3.95914e-24 -2.89188e-31 -1.17731e-24  1.49225e-31  -3.0728e-25  1.10882e-31 -4.36676e-26   1.1982e-32  -4.3715e-27 -1.97157e-33 -3.17843e-28 -1.52917e-34 -1.56573e-29 -4.04315e-36 -3.50098e-31 -2.24235e-36  1.70068e-32  8.46065e-37  2.07582e-33  2.09091e-37  1.00093e-34  8.90986e-39  2.65116e-36 -4.50408e-40  3.36693e-38  -4.9478e-42
-1.20935e-27   -9.665e-12  4.59629e-26  2.27677e-10 -6.29167e-25 -2.76896e-09  4.65889e-24  2.17936e-08  -1.9783e-23 -1.22125e-07  3.43328e-23  5.12343e-07  1.37433e-22 -1.65481e-06 -1.30483e-21  4.17325e-06  5.53953e-21 -8.24152e-06 -1.60731e-20  1.26301e-05  3.50208e-20 -1.46203e-05 -5.92663e-20  1.19751e-05  7.86622e-20 -5.68633e-06 -8.13888e-20 -1.08791e-07  6.43315e-20  2.06857e-06 -3.79737e-20 -8.97842e-07  1.85978e-20 -3.82767e-07 -1.50963e-20  3.74041e-07  2.44334e-20  6.50584e-08 -3.82092e-20 -1.14231e-07  4.96311e-20 -1.95925e-08  -5.4234e-20    2.958e-08  4.92525e-20  8.85223e-09 -3.58296e-20 -5.77485e-09  1.97459e-20 -3.35111e-09 -7.25246e-21  4.39733e-10  5.79713e-22  8.40305e-10  1.81721e-21  1.76944e-10 -2.10555e-21 -9.97431e-11   1.4667e-21  -6.7594e-11 -5.69776e-22 -8.65001e-12 -3.83826e-23  7.28261e-12   1.9572e-22  4.17941e-12 -1.20727e-22  7.00073e-13  3.89029e-23 -2.43727e-13 -7.27944e-24 -1.82628e-13  1.78078e-24 -4.86985e-14 -2.05331e-24 -1.72676e-15  2.03912e-24  3.72901e-15 -1.31521e-24  1.61986e-15  5.63877e-25  3.47704e-16 -1.42147e-25  2.14141e-17  2.62407e-27 -1.33304e-17  1.44315e-26 -5.86483e-18  -6.1861e-27 -1.34155e-18  1.66995e-27 -1.83771e-19 -4.39481e-28 -6.30664e-21 -1.09645e-28  4.15934e-21  1.09425e-28  1.31731e-21  -4.5813e-30  2.37189e-22 -6.84533e-30   2.9541e-23 -6.14514e-31  2.42716e-24  2.08289e-31   6.9867e-26  1.36943e-31 -1.51912e-26  1.39118e-32 -3.12018e-27  -1.3743e-33 -3.41577e-28 -6.23417e-35 -2.59556e-29  9.31411e-37 -1.42117e-30 -1.85646e-36  -5.4229e-32  7.46666e-37  -1.2766e-33  1.71585e-37 -1.11958e-35  5.30503e-39  2.07551e-37  -2.3561e-40  3.92494e-39
 2.04971e-12 -1.78159e-26 -8.77085e-11  3.81724e-25  1.44863e-09 -3.96251e-24 -1.42419e-08  2.43079e-23  9.59346e-08 -8.92771e-23 -4.74113e-07  1.37433e-22  1.78522e-06  4.95929e-22 -5.22924e-06 -4.29072e-21   1.2023e-05  1.67217e-20 -2.16599e-05 -4.47482e-20  3.01247e-05   9.0136e-20 -3.11608e-05 -1.41003e-19  2.18372e-05  1.72412e-19 -7.26082e-06 -1.62937e-19 -2.92398e-06  1.15557e-19  4.15348e-06 -5.93566e-20 -7.18653e-07   2.5983e-20 -1.15508e-06  -2.5057e-20  4.61434e-07  4.40824e-20  3.01222e-07 -6.65848e-20 -1.47156e-07  8.30756e-20 -8.95987e-08 -8.80353e-20   3.1689e-08  7.76556e-20  2.77219e-08 -5.45108e-20  -2.5322e-09   2.8593e-20 -7.09416e-09 -9.64378e-21  -1.3345e-09  2.16931e-22  1.09968e-09  2.85883e-21  6.24641e-10 -3.06774e-21  1.06358e-11  2.05874e-21 -1.06665e-10 -7.49676e-22 -4.25895e-11 -8.04573e-23 -2.58936e-13  2.58764e-22   6.0563e-12 -1.43522e-22  2.51564e-12  3.95142e-23  2.84805e-13  -3.1403e-24 -1.71174e-13 -1.45715e-24 -1.00577e-13 -8.26295e-25 -2.44717e-14  1.92915e-24 -9.61881e-16 -1.37765e-24  1.58296e-15  5.69119e-25  6.78923e-16 -1.42479e-25  1.50477e-16  1.16006e-26   1.4701e-17  1.07705e-26 -2.72318e-18  -6.2119e-27 -1.58606e-18  1.92596e-27 -3.93494e-19 -5.45166e-28  -6.2337e-20 -1.12585e-28 -5.61918e-21  1.08887e-28  1.50545e-22 -2.70306e-30  1.64132e-22 -6.94191e-30  3.49532e-23 -9.26303e-31  4.80629e-24  2.57388e-31  4.74105e-25  1.56298e-31  3.22857e-26  1.63417e-32  1.09974e-27 -4.57379e-34 -5.42972e-29  4.85488e-35 -1.14481e-29  3.37276e-36 -9.34288e-31 -2.02134e-36 -4.80269e-32  6.25273e-37 -1.61657e-33   1.2659e-37 -3.31634e-35   2.6551e-39 -3.29355e-37 -7.46111e-41
 4.29526e-27  2.49133e-11 -1.73688e-25 -6.11529e-10  2.57569e-24   7.7629e-09 -2.14031e-23 -6.38984e-08  1.11573e-22  3.75317e-07 -3.59716e-22 -1.65481e-06  4.95929e-22  5.63581e-06  1.62402e-21 -1.50498e-05  -1.2866e-20  3.16503e-05  4.61914e-20 -5.20845e-05 -1.14296e-19    6.564e-05  2.13194e-19 -6.01993e-05 -3.08486e-19  3.49752e-05  3.47183e-19 -5.64613e-06 -2.98486e-19  -9.1473e-06  1.87731e-19  6.58869e-06 -8.13073e-20  6.42915e-07  3.14994e-20 -2.35024e-06 -3.98664e-20  2.04039e-07  7.43023e-20  7.01584e-07 -1.07541e-19 -7.09767e-08  1.29146e-19 -2.01384e-07 -1.33151e-19 -2.65707e-09  1.14272e-19  5.14525e-08 -7.74415e-20     1.12e-08  3.86881e-20 -9.26698e-09 -1.20044e-20 -5.06972e-09 -3.63108e-22  3.72617e-10  4.06341e-21  1.12769e-09 -4.16648e-21   3.3301e-10  2.72125e-21 -7.24044e-11 -9.24408e-22 -8.26836e-11 -1.40072e-22 -2.20138e-11  3.19832e-22  2.77523e-12 -1.60146e-22  4.04867e-12   3.8699e-23  1.34284e-12  1.49112e-24  1.02829e-13  -5.5612e-24 -9.58689e-14  8.40787e-25  -4.8748e-14  1.70914e-24 -1.13271e-14  -1.3756e-24 -6.59326e-16   5.2015e-25  5.41085e-16 -1.25493e-25  2.41778e-16  2.39751e-26  5.60151e-17  4.65253e-27  7.17054e-18 -5.96354e-27 -1.12247e-19  2.18847e-27 -3.11462e-19 -6.28419e-28 -8.81037e-20 -1.32824e-28 -1.54252e-20  9.75366e-29 -1.81927e-21  1.46115e-31 -1.14881e-22 -6.48315e-30  6.40966e-24 -1.15507e-30  2.97011e-24  2.88302e-31  4.71976e-25  1.65551e-31  5.00574e-26  1.88146e-32  3.85616e-27  6.32667e-34  2.12468e-28  1.59577e-34  7.40626e-30  2.17015e-36  6.96613e-32 -2.47123e-36 -8.13831e-33  4.75694e-37  -4.7845e-34  8.04662e-38 -1.15364e-35  1.08856e-39 -9.47964e-38
 -4.5194e-12  5.69265e-26  2.01786e-10 -1.29962e-24 -3.48302e-09  1.46379e-23  3.58503e-08  -1.0091e-22 -2.53351e-07  4.55618e-22  1.31673e-06 -1.30483e-21 -5.22924e-06  1.62402e-21  1.62142e-05   4.8537e-21 -3.96495e-05 -3.53574e-20  7.64751e-05  1.17302e-19 -0.000115026 -2.68979e-19  0.000130979  4.65245e-19  -0.00010524 -6.22888e-19  4.78598e-05  6.44269e-19   3.6196e-06 -5.01068e-19 -1.97293e-05  2.74518e-19  7.84741e-06 -9.42991e-20  4.06973e-06  3.16703e-20 -3.57235e-06 -6.08144e-20 -7.69084e-07  1.16515e-19   1.1455e-06  -1.6093e-19  2.32165e-07   1.8682e-19 -3.06455e-07 -1.88181e-19 -1.00901e-07  1.57416e-19  6.09872e-08 -1.03081e-19   3.8018e-08  4.91357e-20 -4.36075e-09 -1.41353e-20   -9.629e-09 -9.99831e-22 -2.17427e-09  5.25478e-21  1.13752e-09 -5.31515e-21  8.15757e-10  3.40942e-21  1.15092e-10 -1.06916e-21 -8.61803e-11 -2.15764e-22 -5.22235e-11  3.68817e-22 -9.48133e-12 -1.68391e-22  2.80675e-12  3.87213e-23  2.30181e-12  5.25633e-24  6.50243e-13 -1.00617e-23  3.73915e-14  2.72042e-24 -4.42458e-14  1.45898e-24 -2.07688e-14 -1.32827e-24 -4.77686e-15  4.16971e-25 -4.08045e-16  -8.8045e-26  1.38999e-16  3.85684e-26  7.09625e-17 -3.29154e-27  1.73647e-17 -5.47601e-27  2.62467e-18  2.47061e-27  1.67461e-19 -6.85063e-28  -3.4837e-20 -1.83161e-28  -1.3974e-20  7.42182e-29 -2.71499e-21  3.41959e-30  -3.6107e-22 -5.49211e-30 -3.34057e-23 -1.24583e-30 -1.72939e-24  2.96804e-31  5.23514e-26   1.6295e-31  2.27079e-26  2.06558e-32  2.77318e-27  1.68951e-33  2.17864e-28  2.47575e-34  1.20606e-29 -1.86366e-36  4.66081e-31 -2.81317e-36  1.16925e-32  3.10454e-37    1.571e-34  4.18483e-38  5.05841e-37  3.27975e-40
-1.17575e-26 -4.90261e-11  5.01886e-25  1.25981e-09 -7.94387e-24 -1.67693e-08  7.17342e-23  1.45008e-07 -4.20834e-22 -8.96711e-07   1.6704e-21  4.17325e-06 -4.29072e-21 -1.50498e-05   4.8537e-21  4.27269e-05  1.33043e-20 -9.60475e-05 -8.94402e-20  0.000170263  2.74945e-19 -0.000234025  -5.8538e-19  0.000239666  9.39952e-19 -0.000165609 -1.16439e-18  5.20122e-05  1.10444e-18  2.61997e-05 -7.70911e-19 -3.37627e-05  3.57409e-19  5.06534e-06 -8.39949e-20  1.00346e-05  2.29206e-20 -3.80305e-06 -8.84987e-20 -2.73492e-06  1.69257e-19  1.28624e-06 -2.23016e-19   8.3645e-07  2.51918e-19 -2.88564e-07   -2.491e-19 -2.65574e-07  2.03477e-19  2.32608e-08 -1.28891e-19   7.0026e-08  5.87944e-20  1.35503e-08 -1.59358e-20 -1.11942e-08   -1.399e-21 -6.48918e-09  6.20156e-21  -1.2283e-10 -6.41891e-21   1.1361e-09  4.07174e-21  4.62736e-10 -1.15635e-21  4.90609e-12 -3.01662e-22   -6.644e-11  3.93867e-22 -2.83055e-11 -1.67457e-22 -3.44138e-12  4.22841e-23  1.85709e-12  7.03288e-24  1.14218e-12 -1.44535e-23  2.89879e-13  4.51562e-24   1.6276e-14  1.26429e-24 -1.68307e-14 -1.26698e-24  -7.6954e-15  2.70303e-25 -1.79531e-15 -2.96253e-26 -2.04256e-16  5.37326e-26  2.12748e-17 -1.20004e-26  1.63357e-17 -4.74138e-27  4.31867e-18  2.79826e-27  7.26917e-19 -7.21509e-28  7.57368e-20 -2.72686e-28  1.39661e-21  3.89323e-29 -1.29153e-21  6.18763e-30 -3.16095e-22 -4.10222e-30 -4.59087e-23 -1.17651e-30  -4.7507e-24   2.8281e-31  -3.5269e-25  1.48749e-31 -1.65661e-26  2.12618e-32 -1.35145e-28  2.51415e-33  5.29415e-29   2.9529e-34  5.10086e-30 -6.45676e-36  2.62339e-31 -2.77163e-36  8.22123e-33  1.60467e-37  1.43579e-34  1.64464e-38  9.15795e-37
 7.57652e-12 -1.41378e-25 -3.54976e-10  3.41127e-24  6.43888e-09 -4.10827e-23 -6.97608e-08   3.0825e-22   5.1992e-07 -1.56869e-21 -2.85623e-06  5.53953e-21   1.2023e-05  -1.2866e-20 -3.96495e-05  1.33043e-20  0.000103585  3.35885e-20 -0.000214771 -2.09053e-19  0.000350464   5.9689e-19 -0.000439734 -1.18193e-18  0.000402178   1.7634e-18 -0.000231841  -2.0205e-18  3.32239e-05  1.75216e-18  6.66934e-05 -1.08538e-18  -4.6847e-05  4.04559e-19 -5.48126e-06 -3.42749e-20  1.77183e-05  3.09679e-21 -1.45318e-06 -1.21733e-19 -5.51989e-06  2.26678e-19  5.70032e-07 -2.85944e-19   1.6476e-06  3.17168e-19   1.3272e-08 -3.09443e-19 -4.39374e-07  2.47218e-19 -9.36072e-08 -1.51674e-19  8.33491e-08  6.64656e-20  4.50347e-08 -1.74299e-20  -3.9494e-09 -1.18123e-21 -1.05496e-08  6.67322e-21 -3.06714e-09 -7.40126e-21  7.30739e-10  4.65484e-21  8.05126e-10 -1.15827e-21  2.13098e-10 -3.86634e-22  -2.8709e-11   3.8311e-22 -4.07139e-11 -1.58287e-22 -1.36006e-11  5.15796e-23 -1.08645e-12  6.45735e-24  9.62969e-13 -1.83117e-23  4.99969e-13  5.92612e-24  1.19418e-13  1.18133e-24   8.3413e-15 -1.22875e-24 -5.13678e-15  1.00424e-25 -2.43006e-15  4.72799e-26 -5.84077e-16  6.78948e-26 -8.08431e-17 -2.01892e-26 -1.21054e-18 -3.68887e-27  2.66842e-18   3.2077e-27  8.19259e-19 -7.49795e-28  1.49844e-19 -4.02493e-28   1.8775e-20 -6.90736e-30   1.4392e-21  7.38513e-30   4.0727e-25  -2.5402e-30 -1.94831e-23 -9.66566e-31 -3.47052e-24  2.48981e-31 -3.81645e-25  1.25093e-31  -3.0026e-26  2.03612e-32 -1.71083e-27  2.97665e-33  -6.6536e-29  2.98342e-34 -1.40676e-30  -9.2437e-36  6.50628e-33 -2.31605e-36  1.27531e-33  5.58177e-38  2.72747e-35  4.09559e-39
    2.53e-26  7.31693e-11 -1.13434e-24 -1.98192e-09   1.9012e-23   2.7847e-08 -1.83904e-22 -2.54592e-07  1.17618e-21  1.66777e-06 -5.27063e-21 -8.24152e-06  1.67217e-20  3.16503e-05 -3.53574e-20 -9.60475e-05  3.35885e-20  0.000231943  7.83956e-20 -0.000444853 -4.53009e-19  0.000668917  1.20389e-18 -0.000764525 -2.22036e-18  0.000617892  3.08006e-18 -0.000281373 -3.26196e-18 -2.65408e-05  2.57559e-18  0.000124756 -1.39277e-18 -5.01594e-05  3.75432e-19 -2.67875e-05   6.6887e-20  2.41762e-05 -2.70214e-20  5.08334e-06  -1.5632e-19 -8.13012e-06  2.78083e-19 -1.54884e-06 -3.38708e-19  2.29008e-06  3.73401e-19  7.15841e-07 -3.61269e-19 -4.87666e-07  2.82637e-19 -2.89363e-07 -1.68151e-19  4.23856e-08   7.1082e-20   7.8538e-08 -1.87357e-20  1.63824e-08  2.86455e-23 -1.01794e-08  6.50976e-21 -6.89783e-09 -8.22535e-21 -8.70879e-10   5.1045e-21  7.94167e-10 -1.05016e-21  4.61888e-10 -4.54476e-22  8.01644e-11  3.27184e-22 -2.70168e-11 -1.43685e-22 -2.11756e-11  6.74424e-23 -5.93534e-12  4.18547e-24 -3.32901e-13 -2.13438e-23  4.09945e-13  6.71872e-24  1.92978e-13  1.20736e-24  4.50279e-14 -1.24988e-24   4.1718e-15 -6.69946e-26 -1.16607e-15  1.37746e-25 -6.33318e-16  8.01179e-26 -1.59041e-16 -2.66015e-26 -2.50558e-17 -2.19929e-27 -1.93747e-18  3.73621e-27  2.16137e-19 -7.78378e-28  1.08394e-19 -5.62814e-28   2.2048e-20  -6.0173e-29  3.02576e-21  6.20024e-30  2.94997e-22 -1.07042e-30  1.83012e-23 -6.71676e-31  1.92635e-25  1.98945e-31 -1.11054e-25  9.54995e-32 -1.54869e-26   1.8102e-32 -1.23654e-27  3.04595e-33 -6.71083e-29  2.65643e-34 -2.49115e-30 -9.12934e-36 -5.91399e-32 -1.62181e-36 -7.51941e-34  5.47524e-39 -2.89189e-36
-9.48934e-12  2.77586e-25  4.70735e-10 -7.03636e-24 -9.04974e-09  8.99293e-23  1.04046e-07 -7.24139e-22 -8.24138e-07  4.02449e-21  4.82092e-06 -1.60731e-20 -2.16599e-05  4.61914e-20  7.64751e-05 -8.94402e-20 -0.000214771  7.83956e-20  0.000481373  1.69714e-19   -0.0008562 -9.12793e-19   0.00118694  2.26207e-18  -0.00123138 -3.89073e-18  0.000865331  5.02051e-18 -0.000277339 -4.90905e-18 -0.000143432  3.50965e-18  0.000190727 -1.61533e-18 -3.14662e-05  2.32183e-19 -5.85777e-05  2.20187e-19  2.42089e-05 -6.30177e-20  1.63496e-05 -1.84311e-19 -8.64967e-06  3.09372e-19 -5.19436e-06 -3.69791e-19  2.11294e-06  4.11685e-19  1.75326e-06 -3.96768e-19 -2.30647e-07  3.04236e-19 -4.98748e-07 -1.75629e-19 -8.09507e-08  7.18391e-20  8.83419e-08 -1.99962e-20  4.69811e-08  2.49919e-21 -8.27497e-10   5.6847e-21 -9.15712e-09 -8.90095e-21 -3.48506e-09  5.36383e-21  7.30558e-11 -8.14115e-22  5.59445e-10 -4.85688e-22  2.26683e-10  2.22078e-22  2.43057e-11 -1.28131e-22 -1.65248e-11  8.89608e-23 -9.62559e-12  1.75835e-24 -2.39268e-12 -2.33689e-23 -1.21844e-13  6.78237e-24  1.44057e-13  1.26767e-24  6.50033e-14 -1.36179e-24  1.52091e-14 -2.07128e-25  1.78924e-15  2.35708e-25 -1.49345e-16  9.04556e-26 -1.29223e-16 -3.02403e-26 -3.48303e-17 -1.53242e-28 -5.98648e-18  4.40755e-27 -6.60662e-19 -8.03504e-28 -2.45913e-20 -7.32987e-28  7.69146e-21 -1.15863e-28  2.11094e-21  2.45923e-30   3.1512e-22  8.52325e-32  3.31272e-23 -3.65555e-31  2.53171e-24  1.36476e-31  1.31739e-25  6.40867e-32   3.2312e-27  1.49419e-32 -1.39272e-28  2.78111e-33 -1.88125e-29  2.13315e-34 -9.58582e-31 -6.72179e-36 -2.66857e-32 -9.30468e-37 -3.53706e-34 -5.57879e-39
-4.33795e-26  -8.0535e-11  2.03367e-24  2.32624e-09 -3.58757e-23 -3.48761e-08  3.69126e-22  3.40551e-07 -2.53849e-21 -2.38574e-06  1.24467e-20  1.26301e-05 -4.47482e-20 -5.20845e-05  1.17302e-19  0.000170263 -2.09053e-19 -0.000444853  1.69714e-19  0.000928935  3.41771e-19  -0.00153567 -1.71473e-18   0.00196241  3.96926e-18  -0.00183812 -6.37386e-18   0.00109455  7.65289e-18 -0.000173441 -6.89805e-18 -0.000322646  4.43159e-18  0.000243026 -1.66481e-18  2.11091e-05 -4.45597e-20 -9.47503e-05  4.09265e-19  1.15633e-05 -9.75542e-20  3.05742e-05 -1.94474e-19 -4.69254e-06  3.06548e-19 -9.61186e-06 -3.70836e-19  4.06368e-07  4.25712e-19  2.76067e-06 -4.10073e-19  4.60352e-07  3.08372e-19 -5.83565e-07 -1.72553e-19 -2.77424e-07  6.82507e-20  4.31646e-08 -2.13204e-20  7.38667e-08  6.30912e-21  1.87352e-08  4.34195e-21 -6.46595e-09 -9.47358e-21 -5.86327e-09  5.37251e-21  -1.3923e-09 -4.44068e-22  2.86007e-10  -4.6101e-22  3.13927e-10  7.12908e-23  9.85095e-11 -1.17173e-22  5.78834e-12  1.13694e-22 -7.94416e-12  1.12289e-24 -3.87183e-12 -2.42467e-23 -8.96394e-13  6.15268e-24 -5.59651e-14  1.22504e-24  4.08483e-14 -1.58982e-24   1.8725e-14 -3.02384e-25  4.46756e-15  3.35449e-25  6.24389e-16  9.99356e-26  1.43307e-17 -3.05319e-26 -1.85112e-17  2.50097e-27 -5.81028e-18  5.21659e-27 -1.07209e-18 -8.06402e-28   -1.368e-19 -8.84953e-28 -1.12634e-20 -1.67394e-28 -2.39527e-22 -3.17069e-30  9.70478e-23  8.20487e-31  1.90315e-23 -1.15687e-31  2.11633e-24  6.60493e-32   1.6516e-25  3.47485e-32  9.31089e-27  1.14369e-32  3.65318e-28  2.29651e-33  8.77981e-30  1.56745e-34  7.28726e-32 -3.62679e-36 -1.78787e-33 -4.15792e-37 -3.23184e-35
 8.44835e-12 -4.36619e-25  -4.5137e-10  1.15317e-23  9.34064e-09 -1.55543e-22 -1.15584e-07  1.33538e-21  9.85724e-07 -7.99686e-21 -6.21341e-06  3.50208e-20  3.01247e-05 -1.14296e-19 -0.000115026  2.74945e-19  0.000350464 -4.53009e-19   -0.0008562  3.41771e-19   0.00167175  6.41901e-19   -0.0025736 -3.01022e-18   0.00302906  6.51837e-18  -0.00254125   -9.782e-18   0.00122677  1.09299e-17  7.37275e-05 -9.06253e-18 -0.000548749  5.17648e-18  0.000249897 -1.46794e-18  0.000112991 -4.41181e-19 -0.000122353  5.99617e-19 -1.84135e-05 -1.22564e-19  4.29529e-05 -1.74362e-19  5.51769e-06  2.60497e-19 -1.29593e-05 -3.39981e-19 -3.17886e-06  4.13522e-19    3.084e-06 -3.98789e-19   1.5304e-06  2.94316e-19 -3.74698e-07  -1.5876e-19 -4.76983e-07   6.0156e-20  -7.3899e-08 -2.27785e-20  7.40731e-08  1.13045e-20  4.27048e-08  2.79224e-21  3.33736e-09 -9.99888e-21 -5.94068e-09  5.07227e-21 -3.03312e-09  4.94547e-23 -4.27032e-10 -3.66267e-22  2.25087e-10 -1.13791e-22   1.4998e-10 -1.16356e-22  3.89498e-11  1.38386e-22  1.12123e-12  4.00777e-24 -3.15352e-12 -2.37982e-23 -1.37904e-12   4.9995e-24 -3.09527e-13  9.09095e-25 -2.62085e-14 -1.95379e-24  8.74512e-15 -3.46776e-25  4.46708e-15  4.32615e-25  1.10208e-15  1.10138e-25  1.72833e-16 -2.74103e-26  1.38511e-17  5.68301e-27 -1.22141e-18  6.11809e-27 -6.69657e-19 -7.59126e-28 -1.36876e-19 -9.89837e-28 -1.87821e-20 -2.07595e-28 -1.84956e-21  -9.2866e-30  -1.2184e-22  1.17535e-30 -3.07898e-24  3.76108e-32  4.03387e-25 -6.01881e-33  6.47911e-26  1.04774e-32  5.13384e-27  8.06393e-33  2.65052e-28  1.72106e-33   9.0533e-30  1.05826e-34  1.88609e-31 -1.26537e-36  1.88653e-33 -1.26229e-37
 5.99872e-26  6.07017e-11 -2.92592e-24 -1.91651e-09  5.38046e-23  3.13325e-08 -5.86014e-22 -3.33104e-07  4.30722e-21  2.53866e-06 -2.28092e-20 -1.46203e-05   9.0136e-20    6.564e-05 -2.68979e-19 -0.000234025   5.9689e-19  0.000668917 -9.12793e-19  -0.00153567  6.41901e-19   0.00281349  1.12697e-18  -0.00404011 -4.94864e-18   0.00437215  1.00378e-17   -0.0032466 -1.40903e-17   0.00116555  1.46514e-17  0.000486847 -1.11437e-17 -0.000779916  5.57263e-18  0.000176931 -9.93983e-19  0.000236773 -9.04622e-19 -0.000123516  7.43937e-19 -6.53961e-05 -1.32329e-19   4.6211e-05 -1.13673e-19  2.17484e-05   1.7136e-19 -1.26358e-05 -2.83305e-19 -8.16729e-06  3.77861e-19   1.9897e-06 -3.64817e-19  2.64553e-06  2.64635e-19  2.34624e-07 -1.35363e-19 -5.54149e-07  4.77339e-20 -2.42533e-07 -2.44621e-20  2.64778e-08  1.71005e-20  5.76924e-08  1.46345e-21  1.85995e-08 -1.05119e-20 -1.96049e-09   4.4215e-21 -3.74332e-09  6.36839e-22 -1.33748e-09 -1.97264e-22  -8.6852e-11 -3.15912e-22  1.23938e-10 -1.29922e-22  6.28937e-11  1.59845e-22   1.4314e-11  1.14042e-23  2.86965e-13 -2.17612e-23 -1.04226e-12  3.58226e-24 -4.30685e-13   1.5721e-25 -9.63741e-14 -2.46809e-24 -1.06013e-14 -3.46721e-25  1.13271e-15  5.24369e-25  8.38025e-16  1.22503e-25  2.19097e-16 -2.13268e-26   3.7069e-17  9.14446e-27  4.08858e-18  7.02333e-27  1.72561e-19 -6.37684e-28 -3.94283e-20 -1.02589e-27 -1.12256e-20 -2.30304e-28 -1.66361e-21  -1.4164e-29 -1.72532e-22  1.30623e-30 -1.30658e-23   9.0641e-32 -6.92482e-25 -7.12958e-32  -2.0801e-26 -7.01936e-33  1.53933e-28  5.14812e-33  5.06826e-29  1.16593e-33  2.49826e-30  6.48518e-35  5.78906e-32 -1.32793e-37  4.69076e-34
  -4.632e-12  5.60467e-25  2.79298e-10 -1.51557e-23 -6.46583e-09  2.13635e-22  8.89369e-08 -1.94755e-21 -8.39265e-07  1.24973e-20    5.836e-06 -5.92663e-20 -3.11608e-05  2.13194e-19  0.000130979  -5.8538e-19 -0.000439734  1.20389e-18   0.00118694 -1.71473e-18   -0.0025736  1.12697e-18   0.00443972  1.85336e-18  -0.00595525 -7.63233e-18   0.00590909  1.45201e-17  -0.00381396 -1.90824e-17  0.000819624   1.8465e-17   0.00105017 -1.28347e-17 -0.000950557  5.48736e-18 -6.98642e-07  -2.7261e-19  0.000368646 -1.34858e-18 -8.07255e-05  7.93242e-19 -0.000121472 -1.26442e-19  3.27687e-05 -7.92582e-21  4.06983e-05  5.05917e-20 -6.23167e-06 -2.13378e-19 -1.30204e-05  3.25049e-19 -9.52213e-07 -3.14296e-19  3.22071e-06  2.24734e-19  1.18055e-06 -1.04298e-19 -3.75438e-07  3.15672e-20  -3.9506e-07 -2.65709e-20  -7.1998e-08  2.31189e-20  4.76819e-08  8.08491e-22   3.2689e-08 -1.10031e-20  5.97132e-09  3.41646e-21 -2.43531e-09  1.27177e-21 -1.90777e-09  3.69585e-23 -5.20715e-10 -5.15925e-22 -2.00504e-12 -1.59669e-22  5.49073e-11  1.75644e-22  2.34692e-11  2.33262e-23  4.94051e-12 -1.78086e-23  1.58655e-13  2.18619e-24 -2.81972e-13 -1.14497e-24 -1.15619e-13   -3.139e-24 -2.62245e-14 -3.17987e-25 -3.47434e-15  6.08759e-25 -4.13289e-17  1.37636e-25  1.11542e-16   -1.319e-26  3.32145e-17  1.24813e-26  5.96414e-18  7.80704e-27  7.47919e-19  -4.3702e-28  6.17134e-20 -9.85225e-28  1.69625e-21 -2.32122e-28 -4.13267e-22 -1.63375e-29 -8.35652e-23  1.40696e-30 -9.08737e-24  7.11513e-32 -6.83571e-25 -1.20755e-31 -3.68473e-26 -1.73716e-32 -1.37925e-27  2.86989e-33 -3.23396e-29  7.06032e-34 -3.47331e-31   3.4832e-35  8.94129e-34  1.05523e-37
-6.79885e-26 -2.43735e-11  3.45255e-24  9.19781e-10 -6.45514e-23 -1.75343e-08  7.37291e-22  2.13802e-07  -5.7723e-21 -1.84781e-06  3.28487e-20  1.19751e-05 -1.41003e-19 -6.01993e-05  4.65245e-19  0.000239666 -1.18193e-18 -0.000764525  2.26207e-18   0.00196241 -3.01022e-18  -0.00404011  1.85336e-18   0.00658617  2.86007e-18  -0.00826205 -1.10614e-17   0.00748489  1.97608e-17  -0.00407936 -2.43381e-17   0.00013255  2.19157e-17   0.00169957  -1.3851e-17 -0.000984208  4.86647e-18  -0.00028514  6.06581e-19  0.000470404   -1.672e-18  1.58404e-05  7.10663e-19 -0.000170948 -1.11586e-19 -1.95559e-06  1.38787e-19  5.60095e-05  -8.0547e-20  7.15888e-06 -1.45058e-19 -1.53725e-05  2.62886e-19 -5.46332e-06 -2.56717e-19  2.61529e-06  1.81579e-19   2.1697e-06 -6.77214e-20  1.22002e-07  1.27525e-20 -4.32996e-07  -2.9455e-20 -1.93978e-07  2.86531e-20   3.6393e-09    1.187e-21  3.59517e-08 -1.14129e-20   1.4944e-08  2.11094e-21  1.12778e-09   1.8995e-21 -1.57023e-09  3.14094e-22 -8.34808e-10 -6.97259e-22 -1.84752e-10 -2.04388e-22  7.18318e-12  1.84392e-22  2.03818e-11  3.88826e-23  7.80551e-12 -1.16369e-23  1.59109e-12  1.05457e-24  9.29569e-14 -3.03412e-24 -5.94441e-14 -3.95882e-24 -2.58633e-14  -2.7995e-25 -6.01195e-15  6.83798e-25 -8.98117e-16  1.54904e-25  -6.5952e-17 -4.22315e-27  7.33105e-18  1.52032e-26  3.48719e-18  8.32573e-27  6.82822e-19 -1.80555e-28  9.08187e-20 -8.76873e-28  8.72987e-21 -2.13601e-28  5.71716e-22 -1.51169e-29  1.69187e-23  1.61831e-30  -1.2571e-24  2.18891e-32 -2.18388e-25 -1.47675e-31 -1.65266e-26 -2.13368e-32 -7.83717e-28  1.29047e-33 -2.35533e-29  3.74642e-34  -3.9841e-31  1.52979e-35 -2.45384e-33
