 3.50224e-33 -7.14312e-36 -1.35134e-33  2.13482e-35  -4.9585e-35 -2.40136e-35 -7.90267e-33  1.14046e-35  1.33765e-31  1.56676e-35 -1.75138e-30  1.82516e-35  1.81961e-29  3.42149e-37 -1.54768e-28  8.63454e-37  1.09983e-27 -4.17046e-36 -6.62612e-27 -1.38497e-36  3.42093e-26 -3.77196e-37 -1.52543e-25  1.02376e-36  5.90794e-25   1.2323e-38 -1.99479e-24  9.51756e-37  5.88405e-24 -8.83668e-36 -1.51697e-23  4.37771e-35  3.41413e-23 -1.58386e-34 -6.68731e-23  4.26362e-34  1.13374e-22  -7.2946e-34 -1.64916e-22 -1.71534e-34  2.02993e-22  7.34979e-33  -2.0666e-22 -3.56389e-32  1.66936e-22  1.19225e-31 -9.75123e-23 -3.21525e-31  2.92662e-23  7.35351e-31  1.07062e-23 -1.45854e-30 -1.76152e-23  2.53653e-30  7.39951e-24 -3.88737e-30  1.54657e-24  5.25729e-30 -2.87753e-24 -6.26546e-30  6.43038e-25  6.55578e-30  5.67911e-25 -5.98952e-30 -3.00348e-25  4.75129e-30 -7.84429e-26 -3.27361e-30  7.77298e-26  2.01145e-30  9.55144e-27 -1.21709e-30 -1.56994e-26  8.65594e-31 -1.62792e-27 -7.56946e-31  2.63165e-27  6.88158e-31  4.08292e-28 -5.63295e-31 -3.49471e-28  3.93034e-31 -9.24583e-29 -2.30143e-31  3.10145e-29  1.12298e-31    1.486e-29 -4.52036e-32 -7.73744e-31   1.4737e-32 -1.48814e-30 -3.78722e-33 -2.03149e-31  7.63628e-34  7.04005e-32 -1.50796e-34   2.6258e-32  5.11595e-35  9.99618e-34 -2.19004e-35 -1.08163e-33  6.55204e-36 -2.39021e-34  -9.2107e-37 -4.46818e-36 -1.02237e-37  6.19159e-36  7.02092e-38  1.08574e-36 -1.17311e-38  4.22612e-38  3.68119e-40 -1.02236e-38   1.3057e-40 -1.68804e-39 -1.72423e-41 -9.04676e-41  9.17185e-43  9.81721e-43  -2.4116e-44  3.84443e-43 -4.99002e-45  1.31557e-44  5.55087e-46  2.56411e-46 -7.03045e-48
-7.14312e-36  7.04613e-33 -2.87327e-35 -3.48657e-33  5.12553e-35  2.00338e-32  -5.1432e-35 -4.05178e-31  2.30116e-35  6.04613e-30  3.23729e-35 -7.03506e-29  2.85792e-35  6.61408e-28  1.15346e-36 -5.14791e-27  7.71584e-36   3.3746e-26  -1.1026e-35 -1.88663e-25 -4.32312e-36  9.07874e-25  1.94122e-37 -3.78566e-24 -7.40091e-37  1.37421e-23  6.12928e-36 -4.35538e-23  9.69377e-36  1.20676e-22 -1.60068e-34 -2.92221e-22  8.98352e-34  6.17174e-22 -3.56752e-33 -1.13219e-21  1.10837e-32  1.79173e-21 -2.70769e-32 -2.41971e-21   4.7981e-32  2.74076e-21 -3.65248e-32 -2.52773e-21 -1.38057e-31  1.79088e-21  7.95181e-31  -8.3575e-22 -2.53299e-30  8.27957e-23  6.20741e-30  2.29058e-22 -1.26611e-29 -1.81447e-22  2.21532e-29  3.16177e-23  -3.3696e-29   3.9714e-23  4.47824e-29 -2.56531e-23 -5.19983e-29 -2.10374e-24  5.25213e-29  7.26899e-24 -4.57459e-29 -1.07272e-24  3.38906e-29 -1.51048e-24 -2.09716e-29  4.07182e-25  1.07186e-29  2.80668e-25 -4.83982e-30 -8.59389e-26  2.73707e-30 -5.06956e-26 -2.58345e-30  1.21544e-26  2.72591e-30  8.61278e-27 -2.42605e-30 -8.93585e-28  1.74149e-30 -1.22002e-27 -1.01369e-30 -6.10515e-29  4.80363e-31  1.21819e-28 -1.83779e-31  2.60361e-29  5.51485e-32 -6.06005e-30 -1.21416e-32 -3.12806e-30  1.71823e-33 -1.67182e-31 -1.89734e-34  1.57585e-31  1.15075e-34  3.83882e-32 -7.46237e-35 -2.79347e-36  2.48478e-35 -1.47488e-33 -3.58469e-36 -2.55462e-34 -3.19741e-37 -2.82564e-36  2.19181e-37  5.03121e-36 -3.14921e-38  7.55088e-37  3.65957e-40  3.10293e-38   3.1355e-40 -3.73327e-39 -2.66487e-41  -5.4303e-40  1.69613e-42 -2.71712e-41 -1.60953e-43 -1.09734e-43 -3.57014e-45  1.79391e-44   7.7895e-46  5.10558e-46
-1.35134e-33 -2.87327e-35  1.00367e-32 -5.78559e-35 -3.67134e-32  6.36302e-35  7.94947e-31 -8.10702e-35 -1.37332e-29  3.36013e-35  1.80479e-28  3.69689e-35 -1.88661e-27  3.25396e-35  1.61503e-26  3.52607e-36 -1.15543e-25  1.95951e-35  7.01037e-25 -1.95546e-35 -3.64626e-24 -1.17434e-35  1.63865e-23  1.95411e-35  -6.3989e-23 -6.67545e-35  2.17944e-22  1.72416e-34 -6.48825e-22 -1.39286e-34  1.68922e-21 -1.37884e-33 -3.84191e-21  1.00582e-32  7.61062e-21 -4.36146e-32  -1.3062e-20  1.44426e-31  1.92589e-20 -3.85327e-31 -2.40693e-20  8.25368e-31  2.49448e-20 -1.32501e-30 -2.06068e-20   1.1125e-30  1.24448e-20  1.89492e-30 -4.07066e-21 -1.16803e-29 -1.09679e-21  3.38449e-29  2.20283e-21 -7.35536e-29 -1.02483e-21  1.31626e-28 -1.39363e-22 -2.00498e-28  3.70782e-22  2.63386e-28 -1.02522e-22 -2.99358e-28 -6.77573e-23  2.93274e-28  4.32401e-23 -2.44962e-28  7.91361e-24  1.70803e-28 -1.09333e-23 -9.55756e-29  -6.5334e-25  3.96623e-29  2.21416e-24 -1.03113e-29  9.47131e-26  2.01316e-30 -3.81381e-25 -3.75742e-30 -3.58534e-26  6.63955e-30  5.36391e-26 -7.03448e-30  1.05653e-26  5.31876e-30 -5.36011e-27 -3.09816e-30 -1.97529e-27  1.42976e-30   2.3933e-28 -5.21051e-31  2.24168e-28   1.4364e-31  2.02047e-29 -2.59695e-32 -1.28262e-29  1.34931e-33 -3.72961e-30  5.05616e-34   2.5704e-32  1.10117e-34   1.8834e-31 -1.80222e-34  3.34839e-32  6.57019e-35 -7.50562e-34 -9.24385e-36 -1.11562e-33 -8.05603e-37 -1.59796e-34  4.80765e-37 -2.15972e-36 -5.51569e-38  2.09175e-36 -8.16831e-40  2.74707e-37  4.51134e-40  1.14561e-38  -1.1536e-41 -4.83443e-40  2.22842e-42 -7.15188e-41 -3.80829e-43 -2.30557e-42  1.22684e-45 -2.73023e-44  5.47435e-46
 2.13482e-35 -3.48657e-33 -5.78559e-35  4.92144e-32 -6.16526e-35   -1.162e-30  3.49579e-35   2.3545e-29 -1.16687e-34 -3.53307e-28  4.06124e-35  4.13568e-27  2.40269e-35 -3.91319e-26  3.32434e-35  3.06626e-25  9.36296e-36 -2.02423e-24  3.02394e-35   1.1401e-23 -1.54506e-35  -5.5292e-23 -8.37118e-35  2.32456e-22  3.16471e-34 -8.51168e-22 -1.10588e-33   2.7225e-21  3.03723e-33 -7.61713e-21 -5.26095e-33  1.86375e-20 -3.14141e-33 -3.98032e-20  7.27004e-32  7.39018e-20 -3.67253e-31 -1.18501e-19  1.29389e-30  1.62394e-19 -3.61722e-30 -1.87048e-19   8.2704e-30  1.76022e-19 -1.52736e-29 -1.28111e-19   2.1109e-29  6.26729e-20 -1.47085e-29 -8.72887e-21 -2.57119e-29 -1.54199e-20  1.30312e-28  1.35068e-20 -3.25187e-28 -2.96157e-21   6.1086e-28 -2.68475e-21 -9.42837e-28  2.01261e-21  1.23216e-27  3.91542e-23 -1.37685e-27  -5.4358e-22  1.31355e-27   1.1332e-22 -1.05734e-27  1.08722e-22  6.98952e-28  -3.8259e-23 -3.57142e-28 -1.97284e-23  1.18191e-28  8.10062e-24 -3.06343e-30  3.60401e-24 -2.16829e-29 -1.22951e-24  7.11468e-30 -6.43402e-25  9.79311e-30  1.16733e-25 -1.57193e-29  9.82483e-26  1.29313e-29 -7.81875e-28 -7.58443e-30 -1.08625e-26  3.41874e-30 -1.70844e-27 -1.19279e-30   6.6542e-28  3.03503e-31  2.56434e-28 -4.27868e-32  1.29754e-30 -3.87339e-33 -1.55296e-29  3.19294e-33 -2.99964e-30 -1.42988e-34  1.56227e-31 -3.60373e-34   1.4559e-31  1.40117e-34  2.02376e-32 -1.82497e-35  -5.8453e-34  -1.8603e-36  -5.3091e-34  8.51668e-37 -6.51978e-35  -6.9006e-38 -1.36639e-36 -3.95108e-39  4.76146e-37  3.86436e-40  5.37931e-38  3.31231e-41  2.12668e-39  2.67971e-42  -1.4436e-41 -5.37062e-43 -2.51281e-42  3.91334e-45 -4.38977e-44
 -4.9585e-35  5.12553e-35 -3.67134e-32 -6.16526e-35  1.31944e-30  -7.3265e-36 -3.20763e-29 -2.26355e-35  5.57001e-28 -1.57981e-34 -7.36479e-27  4.10286e-35  7.74809e-26  8.61189e-37 -6.67738e-25  3.58792e-35   4.8109e-24  2.38537e-35 -2.94059e-23   7.8136e-36   1.5414e-22  1.57186e-34 -6.98405e-22 -9.53766e-34  2.75089e-21  3.91245e-33 -9.45528e-21 -1.37112e-32   2.8422e-20  3.94126e-32 -7.47621e-20 -8.46821e-32  1.71916e-19  8.55905e-32 -3.44611e-19  3.08322e-31  5.99107e-19  -2.2842e-30 -8.95939e-19  8.85321e-30  1.13773e-18 -2.58539e-29 -1.20127e-18  6.12649e-29  1.01574e-18 -1.19489e-28 -6.34681e-19  1.87303e-28  2.25262e-19 -2.13165e-28  4.12086e-20  9.26969e-29 -1.09395e-19  3.16011e-28  5.64322e-20 -1.12804e-27  3.78347e-21  2.33074e-27 -1.89271e-20 -3.70579e-27  6.35169e-21  4.85407e-27  3.12791e-21  -5.3554e-27 -2.46069e-21  4.99182e-27 -2.68405e-22 -3.88703e-27  6.07175e-22  2.45065e-27 -2.91752e-24 -1.15536e-27 -1.22953e-22  3.01706e-28  2.63001e-24  7.60568e-29  2.17118e-23 -1.33645e-28  6.69257e-25  6.58243e-29  -3.2238e-24  1.16229e-30 -4.26366e-25 -2.83379e-29  3.56586e-25  2.65389e-29  1.00299e-25 -1.57429e-29  -2.1616e-26  6.95333e-30 -1.31511e-26 -2.34375e-30 -5.19371e-28  5.58995e-31  8.93446e-28 -5.85213e-32  2.02812e-28 -1.89107e-32  -1.3363e-29  9.61863e-33 -1.26803e-29 -8.75705e-34  -1.7645e-30 -6.41225e-34  1.44038e-31  2.56004e-34  7.75754e-32 -2.90093e-35  8.91703e-33 -3.95414e-36 -1.91902e-34   1.2865e-36 -1.61301e-34 -5.68007e-38 -1.72429e-35 -8.87472e-39 -4.75007e-37  4.73528e-41  5.30484e-38  8.53294e-41  5.21424e-39  3.31217e-42  1.49268e-40 -4.99582e-43   8.7711e-43   2.6609e-45
-2.40136e-35  2.00338e-32  6.36302e-35   -1.162e-30  -7.3265e-36   3.5491e-29  1.00041e-34 -7.25906e-28 -7.05801e-35  1.09587e-26 -1.93419e-34 -1.29103e-25  3.31149e-35  1.22979e-24 -2.20804e-35  -9.7043e-24  3.77172e-35  6.45389e-23  9.47812e-35 -3.66329e-22 -3.49634e-34  1.79117e-21  2.09285e-33 -7.59537e-21 -9.95778e-33   2.8065e-20  4.01644e-32 -9.06341e-20 -1.39327e-31  2.56181e-19  4.07218e-31 -6.33678e-19 -9.54579e-31   1.3692e-18  1.52965e-30 -2.57443e-18 -1.52529e-31  4.18539e-18 -1.03105e-29 -5.82428e-18  4.82456e-29  6.82699e-18 -1.49656e-28 -6.56089e-18  3.65594e-28   4.9096e-18 -7.33923e-28 -2.51784e-18  1.21116e-27  4.51319e-19 -1.57736e-27  5.46817e-19  1.37901e-27 -5.36683e-19 -1.49654e-29  1.43068e-19   -2.969e-27  9.47403e-20  7.46426e-27 -8.40144e-20 -1.25349e-26  3.61553e-21  1.66084e-26  2.15036e-20 -1.81691e-26  -5.9642e-21  1.65906e-26 -4.08575e-21 -1.25304e-26  1.86493e-21  7.56705e-27  7.12493e-22 -3.32107e-27 -3.96384e-22  6.80539e-28 -1.30954e-22  3.91454e-28  6.35287e-23 -4.91369e-28  2.47859e-23  2.53412e-28 -7.04818e-24 -4.47493e-29 -4.12321e-24 -4.16829e-29  3.14012e-25  4.74298e-29  5.06252e-25 -2.84878e-29  5.12154e-26  1.23747e-29 -3.68348e-26 -4.08988e-30 -1.08348e-26  9.41863e-31  6.02552e-28 -7.30307e-32  7.93118e-28 -4.85469e-32  1.17359e-28  2.16127e-32 -1.52427e-29 -2.27058e-33 -7.44957e-30  -1.0608e-33 -7.96294e-31   4.1414e-34  7.23142e-32 -3.74771e-35   2.8893e-32 -7.57908e-36  2.85946e-33  1.70377e-36 -1.77262e-35 -1.07839e-38 -2.99987e-35 -1.40701e-38    -2.74e-36 -4.57985e-40 -8.19127e-38  1.09482e-40  2.23102e-39  3.95023e-42  1.70606e-40 -2.99849e-43  2.12252e-42
-7.90267e-33  -5.1432e-35  7.94947e-31  3.49579e-35 -3.20763e-29  1.00041e-34  7.91915e-28  2.13796e-34 -1.38373e-26 -7.89735e-35  1.84133e-25 -2.11174e-34 -1.95019e-24  1.76326e-35  1.69255e-23 -3.26083e-35 -1.22847e-22  -3.3366e-35  7.56721e-22  7.02532e-34 -3.99902e-21 -3.84596e-33  1.82754e-20  1.99855e-32 -7.26376e-20 -8.99514e-32  2.52066e-19  3.52717e-31 -7.65411e-19 -1.20134e-30  2.03518e-18  3.50758e-30 -4.73418e-18 -8.52126e-30  9.60829e-18  1.59259e-29 -1.69307e-17 -1.64001e-29  2.56976e-17  -2.6886e-29 -3.31816e-17  2.10438e-28  3.57221e-17 -7.23062e-28  -3.0944e-17  1.83376e-27  2.00192e-17 -3.76002e-27 -7.67989e-18  6.36518e-27 -8.01801e-19 -8.76544e-27    3.334e-18  9.14173e-27 -1.91196e-18 -5.16748e-27  -1.9531e-21   -4.776e-27  5.91034e-19  2.00696e-26  -2.3812e-19 -3.71085e-26 -8.50677e-20  5.03237e-26   8.5623e-20 -5.48309e-26  3.17433e-21  4.91515e-26  -2.0562e-20 -3.60659e-26  1.50176e-21  2.09159e-26  4.14739e-21 -8.59879e-27 -3.80431e-22  1.37205e-27 -7.49075e-22   1.3103e-27  2.81708e-23 -1.40344e-27  1.17216e-22  7.13361e-28  7.84124e-24 -1.69415e-28 -1.42123e-23 -4.92825e-29  -2.9324e-24  7.51221e-29  1.06059e-24 -4.54836e-29   4.6173e-25  1.95326e-29 -9.14368e-27 -6.47932e-30 -3.70908e-26  1.50588e-30 -6.38284e-27  -9.7374e-32   9.7807e-28 -9.56197e-32  5.10762e-28  4.05767e-32  5.18617e-29 -4.33103e-33 -9.52742e-30 -1.67327e-33 -3.22162e-30  6.04767e-34 -2.82389e-31 -3.78882e-35  2.19242e-32 -1.29407e-35  7.35368e-33  2.01039e-36  6.37586e-34  6.00056e-38  5.75878e-36 -1.72886e-38 -3.04191e-36 -8.86141e-40 -2.27548e-37   8.6996e-41 -5.42755e-39  4.00455e-42  1.52659e-42 -9.65983e-44
 1.14046e-35 -4.05178e-31 -8.10702e-35   2.3545e-29 -2.26355e-35 -7.25906e-28  2.13796e-34  1.49438e-26  2.79939e-34 -2.27049e-25 -4.58445e-35   2.6928e-24 -2.11084e-34 -2.58316e-23 -1.10755e-35  2.05345e-22  5.52489e-35 -1.37626e-21 -8.37162e-34  7.87552e-21  5.99192e-33 -3.88381e-20 -3.33367e-32  1.66182e-19  1.64332e-31 -6.19918e-19 -7.11042e-31  2.02225e-18  2.70246e-30 -5.77743e-18 -8.99126e-30  1.44548e-17  2.59479e-29  -3.1617e-17 -6.36851e-29  6.02389e-17  1.26985e-28 -9.93582e-17 -1.78939e-28    1.405e-16   5.1924e-29  -1.6773e-16  7.01621e-28  1.64753e-16 -2.95077e-27 -1.26868e-16  7.91754e-27  6.82057e-17 -1.65986e-26 -1.49413e-17  2.85313e-26 -1.27775e-17 -4.03313e-26  1.43149e-17  4.52077e-26 -4.53559e-18 -3.48816e-26 -2.17057e-18  4.14849e-27  2.34645e-18  4.40665e-26  -2.5039e-19 -9.70651e-26 -5.64262e-19  1.36861e-25  2.01985e-19 -1.49224e-25  9.97657e-20   1.3154e-25 -5.97247e-20 -9.38447e-26 -1.62344e-20  5.23171e-26  1.27373e-20 -2.02063e-26  2.97134e-21  2.45322e-27 -2.13443e-21  3.53281e-27 -6.07324e-22 -3.37528e-27  2.64698e-22  1.64575e-27   1.1235e-22 -4.18946e-28 -1.82786e-23 -4.46137e-29 -1.54654e-23  1.06271e-28 -6.41197e-25 -6.39899e-29  1.31341e-24  2.74243e-29  2.91594e-25 -9.47082e-30  -4.0976e-26  2.34274e-30 -2.64091e-26 -1.57554e-31  -2.7424e-27  -1.6038e-31  7.47106e-28  6.70461e-32  2.48078e-28 -6.77622e-33  1.83064e-29 -2.53772e-33 -3.88335e-30  8.05478e-34 -1.02107e-30 -2.47701e-35 -7.76847e-32 -1.96472e-35  3.80826e-33   2.1362e-36  1.20726e-33  1.31956e-37  8.99276e-35 -1.69785e-38  1.64475e-36 -1.02774e-39 -1.34757e-37  3.37779e-41 -6.87205e-39  3.10462e-42 -6.84742e-41
 1.33765e-31  2.30116e-35 -1.37332e-29 -1.16687e-34  5.57001e-28 -7.05801e-35 -1.38373e-26  2.79939e-34  2.43337e-25  2.72269e-34 -3.25986e-24  1.04775e-35  3.47691e-23 -1.95482e-34 -3.03987e-22 -1.41511e-34  2.22348e-21  9.98893e-34 -1.38079e-20  -7.6312e-33  7.35957e-20   4.7372e-32 -3.39367e-19 -2.53489e-31  1.36169e-18  1.19625e-30 -4.77291e-18 -4.98361e-30   1.4648e-17  1.83324e-29 -3.93909e-17 -5.93874e-29  9.27438e-17  1.68288e-28 -1.90692e-16 -4.11373e-28  3.40795e-16  8.41954e-28 -5.25361e-16 -1.33745e-27  6.90301e-16  1.21068e-27 -7.58363e-16  1.41074e-27  6.73586e-16 -1.01155e-26   -4.515e-16   2.9822e-26  1.86577e-16 -6.44036e-26   6.0276e-18  1.12065e-25  -7.1943e-17 -1.60444e-25  4.60682e-17  1.85888e-25 -2.90983e-18  -1.6125e-25 -1.30112e-17  7.15424e-26  6.26822e-18  7.10521e-26  1.52532e-18 -2.25197e-25 -2.10383e-18  3.37444e-25  7.41695e-20 -3.70074e-25  4.89398e-19  3.21185e-25  -7.2406e-20 -2.22796e-25 -9.77727e-20  1.19355e-25  1.68806e-20 -4.32891e-26  1.80134e-20  3.74931e-27 -2.08814e-21  8.23637e-27  -2.9702e-21 -7.10203e-27  9.42107e-24  3.25586e-27  3.92999e-22 -8.13213e-28  5.37141e-23  -2.8687e-29 -3.44944e-23  1.33875e-28 -1.10789e-23 -7.77801e-29  1.06204e-24  3.39616e-29  1.06252e-24 -1.29505e-29  1.27668e-25  3.58717e-30 -3.96719e-26 -2.89635e-31 -1.41714e-26 -2.41458e-31  -8.7002e-28  1.00361e-31  3.75748e-28 -9.01757e-33  9.19902e-29  -3.6831e-33  5.39189e-30  9.81539e-34 -1.05523e-30  4.50452e-36 -2.29871e-31 -2.66355e-35 -1.56333e-32  2.06228e-36  2.91898e-34  1.79841e-37  1.14247e-34 -1.33888e-38  6.83188e-36 -8.58051e-40  1.22484e-37 -1.39908e-41 -1.23221e-39    1.582e-42
 1.56676e-35  6.04613e-30  3.36013e-35 -3.53307e-28 -1.57981e-34  1.09587e-26 -7.89735e-35 -2.27049e-25  2.72269e-34  3.47288e-24   2.0019e-34 -4.14785e-23  6.32411e-35  4.00835e-22 -9.34239e-35 -3.21108e-21 -1.12825e-33  2.16964e-20  8.55436e-33 -1.25218e-19 -5.78082e-32  6.23071e-19  3.36794e-31 -2.69133e-18 -1.72318e-30  1.01402e-17   7.8003e-30 -3.34299e-17 -3.13011e-29   9.6584e-17  1.11363e-28 -2.44554e-16 -3.50554e-28  5.41816e-16  9.71336e-28  -1.0467e-15 -2.34456e-27  1.75275e-15  4.82735e-27 -2.52047e-15 -8.08388e-27  3.06698e-15  9.52483e-27 -3.08178e-15 -1.96548e-27  2.44411e-15 -2.81045e-26 -1.37742e-15  9.85442e-26  3.56501e-16 -2.22488e-25  2.15348e-16  3.92417e-25 -2.83088e-16  -5.6545e-25  1.05012e-16  6.64722e-25  3.49239e-17 -6.08179e-25 -4.84141e-17  3.57767e-25  8.37911e-18    4.079e-26  1.07985e-17 -4.62437e-25 -4.92956e-18  7.60278e-25  -1.7149e-18 -8.43311e-25  1.39375e-18  7.21203e-25  2.44115e-19 -4.86118e-25 -2.97828e-19  2.49872e-25  -4.3339e-20 -8.47869e-26  5.18335e-20  4.36418e-27  1.00302e-20  1.71994e-26 -7.01942e-21 -1.33709e-26 -2.15774e-21  5.64674e-27  6.14194e-22 -1.29736e-27  3.40041e-22 -2.02731e-29 -9.26802e-24  1.46985e-28 -3.35581e-23 -7.66877e-29  -5.3206e-24  3.60756e-29  1.49397e-24 -1.67955e-29  6.31106e-25  5.39903e-30  3.56978e-26 -5.25406e-31 -2.40294e-26 -3.37426e-31 -5.90026e-27  1.38357e-31 -2.12681e-28 -1.02566e-32  1.32642e-28  -5.0578e-33  2.57976e-29   1.0908e-33  1.33124e-30  4.78318e-35 -1.83432e-31 -3.24702e-35 -3.45403e-32  1.82728e-36 -2.06161e-33   1.9135e-37 -5.34169e-36 -8.36021e-39  5.02855e-36 -5.33011e-40  1.95664e-37 -3.11821e-41  1.59319e-39
-1.75138e-30  3.23729e-35  1.80479e-28  4.06124e-35 -7.36479e-27 -1.93419e-34  1.84133e-25 -4.58445e-35 -3.25986e-24   2.0019e-34  4.39782e-23  9.46735e-35 -4.72528e-22  4.36931e-35  4.16332e-21  7.31117e-34 -3.06997e-20 -8.43881e-33  1.92276e-19  6.15845e-32 -1.03403e-18 -3.89652e-31  4.81328e-18  2.15777e-30  -1.9506e-17  -1.0565e-29  6.90929e-17  4.59371e-29  -2.1442e-16 -1.77666e-28  5.83484e-16  6.11246e-28  -1.3913e-15 -1.86753e-27  2.89992e-15  5.04631e-27 -5.25979e-15 -1.19623e-26  8.24126e-15  2.44892e-26 -1.10279e-14 -4.18959e-26  1.23736e-14  5.50375e-26 -1.12791e-14 -3.82794e-26  7.83827e-15 -5.53178e-26 -3.47865e-15  2.84999e-25  1.20365e-16 -6.90129e-25  1.17991e-15  1.23974e-24 -8.49502e-16 -1.79337e-24  1.07525e-16  2.11805e-24  2.16382e-16  -1.9853e-24 -1.25001e-16  1.31264e-24 -1.78941e-17 -2.56281e-25  3.92262e-17  -8.3125e-25  -4.3319e-18  1.57569e-24 -8.77262e-18 -1.77809e-24  2.05362e-18  1.49893e-24   1.7211e-18 -9.80601e-25  -4.6751e-19   4.8244e-25 -3.22311e-19 -1.52074e-25  6.83114e-20  1.87795e-27   5.6111e-20  3.28586e-26 -4.69691e-21  -2.2864e-26 -8.10432e-21  8.67565e-27 -5.40165e-22 -1.69155e-27  8.18046e-22 -6.39653e-29  1.91066e-22   1.3114e-28 -3.94859e-23 -4.74005e-29  -2.2543e-23  3.02974e-29 -1.49105e-24 -2.09662e-29  1.10072e-24  7.91723e-30  2.88773e-25 -8.73839e-31  3.97853e-27 -4.47081e-31 -1.03533e-26  1.77063e-31 -1.92465e-27 -9.70777e-33 -4.63012e-29 -6.49183e-33  3.28339e-29  1.09482e-33  5.28918e-30  9.81801e-35  2.56408e-31 -3.58958e-35 -1.82593e-32   1.5067e-36 -3.09642e-33  1.72076e-37 -1.49725e-34 -3.98885e-39 -1.60101e-36 -2.44545e-40  5.80551e-38 -2.07944e-41
 1.82516e-35 -7.03506e-29  3.69689e-35  4.13568e-27  4.10286e-35 -1.29103e-25 -2.11174e-34   2.6928e-24  1.04775e-35 -4.14785e-23  9.46735e-35  4.99058e-22  4.56167e-36 -4.86007e-21 -4.74924e-34  3.92503e-20  6.71619e-33 -2.67466e-19 -5.73496e-32  1.55749e-18  3.95418e-31 -7.82311e-18 -2.36956e-30   3.4128e-17  1.25231e-29 -1.29938e-16 -5.87918e-29  4.33142e-16  2.45918e-28 -1.26621e-15 -9.17538e-28  3.24654e-15  3.05337e-27  -7.2901e-15 -9.04959e-27  1.42892e-14   2.3807e-26 -2.43097e-14 -5.52284e-26  3.55766e-14  1.11603e-25 -4.41621e-14 -1.91732e-25  4.54353e-14  2.64793e-25 -3.71433e-14 -2.44833e-25   2.1943e-14 -2.00136e-26 -6.55273e-15   7.1084e-25 -2.72048e-15 -1.93204e-24  4.38571e-15   3.5645e-24 -1.88649e-15 -5.17556e-24 -3.98088e-16  6.10656e-24  7.79394e-16 -5.77227e-24 -1.90219e-16  4.03278e-24  -1.5808e-16 -1.37644e-24  9.23704e-17 -1.26988e-24   2.1036e-17   3.0217e-24 -2.51042e-17 -3.48971e-24 -2.14286e-18  2.89936e-24  5.36158e-18 -1.83797e-24  3.27517e-19  8.62718e-25 -9.64259e-19 -2.49946e-25 -1.04925e-19 -8.69041e-27  1.40712e-19  5.82445e-26  2.97647e-20 -3.59079e-26 -1.44863e-20  1.18316e-26 -5.62247e-21 -1.66659e-27  6.43663e-22 -2.30011e-28  6.50331e-22  6.97609e-29  6.29363e-23  2.41388e-29 -3.74779e-23  1.37681e-29 -1.13375e-23 -2.55758e-29 -1.97516e-27  1.11923e-29  5.63718e-25 -1.30761e-30  1.04408e-25 -5.67269e-31  -1.3241e-27  2.10677e-31 -3.26651e-27 -6.89543e-33 -4.87377e-28 -7.70631e-33 -1.07246e-29   9.7424e-34  5.47063e-30  1.45364e-34  7.43129e-31 -3.63201e-35  3.35101e-32    1.177e-36 -7.79185e-34  1.37994e-37 -1.34632e-34 -1.35267e-39 -4.20786e-36 -8.26958e-41  -2.5782e-38
 1.81961e-29  2.85792e-35 -1.88661e-27  2.40269e-35  7.74809e-26  3.31149e-35 -1.95019e-24 -2.11084e-34  3.47691e-23  6.32411e-35 -4.72528e-22  4.56167e-36  5.11643e-21  9.77989e-35 -4.54456e-20  -4.3446e-33  3.37967e-19  4.53981e-32 -2.13569e-18 -3.51875e-31  1.15937e-17  2.29204e-30 -5.45028e-17 -1.30705e-29  2.23188e-16  6.61312e-29 -7.99323e-16 -2.98392e-28  2.50972e-15  1.20292e-27  -6.9149e-15 -4.33516e-27  1.67087e-14  1.39629e-26 -3.53273e-14 -4.01418e-26  6.50759e-14  1.02713e-25 -1.03713e-13  -2.3265e-25  1.41449e-13  4.61866e-25 -1.62238e-13 -7.88609e-25  1.51908e-13  1.11238e-24 -1.09519e-13 -1.16035e-24  5.20628e-14  4.72131e-25  -5.0683e-15   1.4649e-24 -1.53137e-14 -4.89232e-24  1.25278e-14   9.3892e-24 -2.38427e-15 -1.37043e-23 -2.82233e-15  1.61007e-23  1.97662e-15  -1.5203e-23  1.01591e-16  1.08875e-23 -5.78684e-16 -4.55686e-24  1.10927e-16 -1.51516e-24  1.22934e-16  5.39171e-24 -4.16927e-17 -6.40886e-24  -2.3353e-17  5.24383e-24  9.41378e-18 -3.21489e-24  4.42137e-18  1.43429e-24 -1.50812e-18 -3.76287e-25 -8.17157e-19 -3.57537e-26  1.50943e-19  9.67398e-26  1.29646e-19 -5.22698e-26 -1.29765e-21  1.42137e-26 -1.49182e-20 -7.73398e-28 -2.35066e-21 -6.02068e-28  9.50788e-22 -5.31958e-29  3.67243e-22  1.48961e-28  1.34354e-24 -1.46162e-29 -2.27964e-23 -3.08804e-29  -4.4302e-24  1.51187e-29  2.25154e-25   -1.763e-30  2.14593e-25 -6.89084e-31  3.01983e-26  2.32219e-31 -7.07065e-28 -1.92108e-33 -7.46793e-28 -8.38546e-33 -9.26394e-29   7.4175e-34  -2.3398e-30  1.79154e-34  5.62449e-31 -3.39448e-35  6.39633e-32  8.86576e-37  2.44186e-33  1.03169e-37  4.82294e-37 -2.77438e-40  -1.6824e-36 -2.20149e-41
 3.42149e-37  6.61408e-28  3.25396e-35 -3.91319e-26  8.61189e-37  1.22979e-24  1.76326e-35 -2.58316e-23 -1.95482e-34  4.00835e-22  4.36931e-35 -4.86007e-21  9.77989e-35  4.77142e-20  1.36766e-33 -3.88627e-19 -2.87949e-32  2.67196e-18  2.69722e-31 -1.57056e-17 -1.95016e-30   7.9669e-17  1.20378e-29 -3.51182e-16 -6.55851e-29  1.35183e-15  3.18773e-28 -4.55891e-15 -1.38638e-27  1.34925e-14  5.39864e-27 -3.50521e-14 -1.88228e-26  7.98262e-14  5.87351e-26 -1.58863e-13 -1.63845e-25  2.74786e-13  4.07596e-25 -4.09588e-13 -9.00116e-25  5.19113e-13  1.75001e-24 -5.47331e-13 -2.95007e-24  4.61607e-13  4.18128e-24 -2.85862e-13 -4.62042e-24  9.67964e-14  2.95524e-24  2.57309e-14   2.1607e-24 -5.50781e-14  -1.1193e-23  2.73306e-14  2.27755e-23  2.88818e-15 -3.35124e-23  -1.0122e-14  3.91305e-23  3.26328e-15 -3.66798e-23  1.80777e-15  2.64585e-23 -1.38249e-15 -1.21825e-23  -1.6917e-16 -9.44489e-25  3.61544e-16  9.00105e-24 -1.06722e-18 -1.10646e-23 -7.68694e-17  8.90334e-24  1.96515e-18 -5.26774e-24  1.42249e-17  2.22475e-24   3.3793e-19 -5.17972e-25 -2.21997e-18 -9.11569e-26 -2.76717e-19  1.51631e-25  2.59814e-19 -7.11252e-26   7.0717e-20   1.4674e-26 -1.70599e-20  1.46273e-27    -9.86e-21  -1.2543e-27 -2.95257e-22 -2.49403e-28  7.07928e-22  3.30897e-28  1.55454e-22 -5.33637e-29 -1.19726e-23   -3.716e-29 -1.01806e-23  1.93948e-29  -1.3782e-24 -2.15548e-30  1.20487e-25 -7.95107e-31   6.1587e-26  2.35086e-31  6.96082e-27  4.43108e-33 -1.38422e-28 -8.29025e-33 -1.18677e-28  4.43807e-34 -1.23709e-29  1.92492e-34 -3.53332e-31 -2.95189e-35  3.00638e-32  6.49182e-37  2.74981e-33  7.32017e-38  6.93051e-35 -1.82426e-41  2.54784e-37
-1.54768e-28  1.15346e-36  1.61503e-26  3.32434e-35 -6.67738e-25 -2.20804e-35  1.69255e-23 -1.10755e-35 -3.03987e-22 -9.34239e-35  4.16332e-21 -4.74924e-34 -4.54456e-20  1.36766e-33  4.07101e-19  9.65441e-33 -3.05459e-18 -1.66628e-31  1.94841e-17  1.43737e-30 -1.06816e-16 -9.75795e-30  5.07384e-16  5.73107e-29 -2.10057e-15 -2.99689e-28  7.61041e-15  1.40526e-27 -2.41899e-14 -5.91196e-27  6.75231e-14  2.22997e-26 -1.65446e-13 -7.53731e-26  3.55078e-13  2.28172e-25 -6.64781e-13 -6.18034e-25  1.07851e-12  1.49479e-24 -1.50046e-12 -3.21566e-24  1.76082e-12  6.10982e-24 -1.69506e-12 -1.01236e-23  1.26864e-12  1.42725e-23 -6.44508e-13 -1.61935e-23  1.01062e-13  1.23652e-23   1.6098e-13   4.8935e-25 -1.52066e-13 -2.30042e-23  3.88753e-14  5.10888e-23  2.93949e-14 -7.60924e-23 -2.55339e-14  8.82059e-23   9.1964e-16 -8.17165e-23  6.92824e-15  5.87082e-23 -1.96543e-15 -2.82895e-23 -1.37058e-15  1.57028e-24  6.54842e-16  1.41394e-23  2.45649e-16  -1.8029e-23 -1.47406e-16  1.42384e-23 -4.65524e-17 -8.11292e-24   2.5152e-17   3.2309e-24   9.2553e-18 -6.49601e-25 -3.03119e-18 -1.88554e-25  -1.6398e-18  2.25481e-25  1.68597e-19  -9.1275e-26  2.15718e-19  1.21266e-26  1.80644e-20  5.40124e-27 -1.70132e-20 -2.22481e-27 -4.64738e-21 -5.21893e-28  3.66467e-22   5.6344e-28  3.68653e-22 -9.82454e-29  5.04391e-23 -4.45232e-29 -7.95154e-24  2.35373e-29 -3.47932e-24 -2.40574e-30 -3.48491e-25 -8.60552e-31  3.62889e-26  2.15207e-31  1.31302e-26   1.0842e-32   1.2409e-27 -7.36183e-33 -9.03285e-30  1.47085e-34 -1.21039e-29  1.83592e-34 -1.03575e-30 -2.39509e-35 -2.85829e-32  4.57564e-37  5.54725e-34  4.76982e-38  3.55801e-35  5.29401e-42
 8.63454e-37 -5.14791e-27  3.52607e-36  3.06626e-25  3.58792e-35  -9.7043e-24 -3.26083e-35  2.05345e-22 -1.41511e-34 -3.21108e-21  7.31117e-34  3.92503e-20  -4.3446e-33 -3.88627e-19  9.65441e-33  3.19364e-18  5.58259e-32 -2.21638e-17 -8.60419e-31  1.31564e-16  6.86519e-30 -6.74319e-16 -4.39159e-29    3.005e-15    2.467e-28 -1.17013e-14 -1.24572e-27  3.99453e-14  5.66732e-27 -1.19761e-13 -2.31718e-26  3.15446e-13  8.49675e-26 -7.29071e-13 -2.79142e-25  1.47423e-12  8.21249e-25 -2.59462e-12 -2.16222e-24  3.94237e-12  5.08624e-24 -5.10606e-12 -1.06547e-23  5.52231e-12  1.97567e-23 -4.80894e-12  -3.2078e-23  3.12184e-12  4.46863e-23 -1.18293e-12 -5.11348e-23 -1.69082e-13  4.25339e-23  5.73292e-13 -1.15314e-23 -3.27846e-13 -4.18775e-23 -3.60326e-15   1.0634e-22  1.08289e-13 -1.61157e-22  -4.4637e-14  1.85342e-22 -1.60796e-14 -1.69121e-22  1.69624e-14  1.20057e-22   4.1207e-16 -5.88761e-23  -4.2562e-15   7.6956e-24  4.05343e-16  2.10252e-23  8.95276e-16  -2.7816e-23 -1.08419e-16  2.15051e-23 -1.69748e-16 -1.17798e-23  1.17157e-17  4.40955e-24  2.82296e-17  -7.3771e-25  1.06749e-18 -3.39848e-25 -3.69468e-18   3.1943e-25 -6.55633e-19 -1.11586e-25  3.08203e-19  5.93819e-27   1.1839e-19   1.1144e-26 -6.13249e-21 -3.49507e-27 -1.05229e-20 -8.61846e-28 -1.59106e-21  8.29019e-28  3.28999e-22 -1.42999e-28  1.45632e-22 -5.27221e-29  1.27541e-23  2.69581e-29 -3.07422e-24 -2.46561e-30 -9.16942e-25 -8.59383e-31 -7.25046e-26  1.72931e-31  6.92435e-27  1.58494e-32  1.99418e-27 -5.76116e-33  1.59922e-28 -8.57406e-35  1.04078e-30  1.56212e-34 -6.85459e-31 -1.80467e-35 -4.42859e-32   3.0169e-37 -8.69812e-34  2.61234e-38 -3.01547e-38
 1.09983e-27  7.71584e-36 -1.15543e-25  9.36296e-36   4.8109e-24  3.77172e-35 -1.22847e-22  5.52489e-35  2.22348e-21 -1.12825e-33 -3.06997e-20  6.71619e-33  3.37967e-19 -2.87949e-32 -3.05459e-18  5.58259e-32  2.31347e-17  2.83799e-31 -1.49025e-16 -3.94899e-30   8.2547e-16  2.91088e-29 -3.96394e-15 -1.76061e-28  1.66001e-14  9.53237e-28 -6.08768e-14 -4.69035e-27  1.96002e-13  2.08736e-26 -5.54649e-13 -8.34848e-26    1.379e-12  2.99026e-25 -3.00639e-12 -9.58103e-25  5.72507e-12  2.74581e-24 -9.46262e-12 -7.03719e-24   1.3441e-11  1.61115e-23 -1.61532e-11 -3.28648e-23  1.60021e-11  5.94212e-23  -1.2441e-11 -9.43408e-23  6.74121e-12  1.29263e-22 -1.44064e-12 -1.47519e-22   -1.385e-12   1.2804e-22  1.54957e-12 -5.57771e-23 -5.02165e-13 -6.53459e-23 -2.44347e-13  2.05998e-22  2.74952e-13 -3.19659e-22 -3.37393e-14  3.64557e-22 -6.82762e-14 -3.26693e-22  2.69064e-14  2.27761e-22  1.21387e-14 -1.11664e-22 -8.29142e-15  1.94289e-23 -1.93929e-15  2.97758e-23  1.86232e-15 -4.07315e-23  3.59032e-16  3.07367e-23 -3.33502e-16 -1.61692e-23  -7.9586e-17  5.68066e-24  4.54271e-17 -7.51353e-25  1.63947e-17 -5.50292e-25 -3.78817e-18  4.32621e-25  -2.5113e-18 -1.31489e-25 -7.64914e-21 -3.74567e-27  2.39234e-19  1.84461e-26  4.48256e-20 -4.98303e-27 -9.44125e-21 -1.24814e-27 -4.76344e-21  1.10133e-27 -3.82824e-22 -1.80697e-28  1.58317e-22 -6.10721e-29  4.49496e-23  2.90874e-29  2.59613e-24 -2.33294e-30 -8.09371e-25 -7.73665e-31 -1.83393e-25  1.13722e-31 -1.22053e-26  1.83474e-32  8.04051e-28 -3.82162e-33  1.99749e-28  -2.1884e-34  1.32298e-29  1.18111e-34  1.93863e-31 -1.24509e-35 -1.59785e-32  1.77991e-37  -5.8645e-34  1.00901e-38
-4.17046e-36   3.3746e-26  1.95951e-35 -2.02423e-24  2.38537e-35  6.45389e-23  -3.3366e-35 -1.37626e-21  9.98893e-34  2.16964e-20 -8.43881e-33 -2.67466e-19  4.53981e-32  2.67196e-18 -1.66628e-31 -2.21638e-17  2.83799e-31  1.55335e-16  1.27203e-30 -9.31635e-16 -1.58274e-29  4.82716e-15  1.07065e-28 -2.17592e-14 -6.15046e-28  8.57598e-14   3.2528e-27 -2.96532e-13 -1.58398e-26  9.01195e-13  6.98684e-26  -2.4083e-12 -2.76008e-25  5.65304e-12  9.72184e-25 -1.16233e-11 -3.05181e-24   2.0832e-11  8.54539e-24 -3.22939e-11 -2.13596e-23  4.27823e-11  4.76463e-23 -4.75072e-11 -9.46697e-23  4.27535e-11  1.66825e-22 -2.90963e-11 -2.58607e-22  1.22119e-11   3.4738e-22  4.68739e-13 -3.92419e-22 -5.01625e-12  3.46991e-22  3.31768e-12 -1.83578e-22 -2.55731e-13 -7.98017e-23 -9.65897e-13  3.72403e-22  5.02575e-13 -5.96019e-22  1.05618e-13  6.73658e-22 -1.73568e-13 -5.91264e-22  1.25897e-14  4.02766e-22  4.14738e-14 -1.94929e-22 -8.23361e-15  3.85602e-23 -8.54356e-15  4.03937e-23  2.01528e-15 -5.66832e-23  1.65128e-15  4.16255e-23 -2.98146e-16 -2.10342e-23 -2.92689e-16  6.94555e-24  1.71397e-17 -6.76718e-25  4.26146e-17 -8.13882e-25  3.79546e-18  5.61904e-25 -4.26554e-18 -1.51301e-25 -1.11498e-18 -1.58885e-26  1.88874e-19  2.67186e-26  1.25803e-19 -6.55274e-27   1.0743e-20  -1.6506e-27 -5.69876e-21  1.35032e-27 -1.66746e-21 -2.05367e-28 -5.69567e-23 -6.85275e-29  5.26473e-23  2.95089e-29  1.09053e-23 -2.04994e-30  4.53852e-25 -6.02363e-31 -1.47081e-25  4.71499e-32  -2.6705e-26  1.79801e-32 -1.55144e-27 -1.93563e-33  4.77375e-29 -2.52833e-34  1.15164e-29  7.83523e-35  5.69669e-31 -7.67503e-36  7.75634e-33  8.77343e-38 -5.74861e-35
-6.62612e-27  -1.1026e-35  7.01037e-25  3.02394e-35 -2.94059e-23  9.47812e-35  7.56721e-22 -8.37162e-34 -1.38079e-20  8.55436e-33  1.92276e-19 -5.73496e-32 -2.13569e-18  2.69722e-31  1.94841e-17 -8.60419e-31 -1.49025e-16  1.27203e-30  9.69917e-16  4.91441e-30 -5.43116e-15 -5.29713e-29  2.63805e-14  3.21979e-28 -1.11816e-13 -1.77181e-27  4.15316e-13   9.4367e-27 -1.35535e-12 -4.69604e-26  3.89083e-12  2.10291e-25 -9.82298e-12 -8.33563e-25  2.17706e-11  2.91625e-24 -4.22025e-11 -9.02554e-24  7.11265e-11  2.47911e-23 -1.03244e-10 -6.05856e-23  1.27189e-10  1.31864e-22 -1.29786e-10 -2.55367e-22  1.04887e-10  4.38529e-22 -6.05144e-11 -6.63064e-22  1.62598e-11  8.71116e-22  9.71695e-12 -9.68931e-22 -1.34379e-11  8.59973e-22  5.34234e-12 -5.01225e-22  1.57168e-12 -4.86364e-23 -2.50165e-12  6.29994e-22  5.31518e-13 -1.04829e-21  5.56063e-13  1.17317e-21 -2.98733e-13 -1.00567e-21 -8.25738e-14  6.66249e-22  8.67144e-14 -3.15176e-22   9.8578e-15  6.58271e-23 -1.93968e-14  5.27388e-23 -1.60716e-15  -7.4977e-23   3.6125e-15  5.34373e-23  4.63053e-16  -2.5994e-23 -5.40668e-16  8.11645e-24 -1.25491e-16 -5.30119e-25  5.61978e-17 -1.11113e-24  2.35383e-17  7.01917e-25 -2.31172e-18 -1.72141e-25 -2.71416e-18 -2.87377e-26 -2.99226e-19  3.51297e-26  1.51708e-19 -8.03775e-27  4.94735e-20 -2.03648e-27  7.72366e-22  1.54849e-27  -2.3094e-21 -2.13351e-28 -4.62533e-22 -7.38952e-29 -2.41765e-24  2.80642e-29  1.26935e-23 -1.68673e-30  2.05013e-24  -3.6552e-31  7.19365e-26 -1.55778e-32 -1.76456e-26   1.5241e-32 -2.62388e-27 -4.27258e-34 -1.30417e-28 -2.17227e-34  6.48797e-31  4.44852e-35    2.913e-31 -4.07042e-36  7.74657e-33   3.1093e-38
-1.38497e-36 -1.88663e-25 -1.95546e-35   1.1401e-23   7.8136e-36 -3.66329e-22  7.02532e-34  7.87552e-21  -7.6312e-33 -1.25218e-19  6.15845e-32  1.55749e-18 -3.51875e-31 -1.57056e-17  1.43737e-30  1.31564e-16 -3.94899e-30 -9.31635e-16  4.91441e-30  5.64854e-15  1.53326e-29 -2.96034e-14  -1.2837e-28  1.35058e-13  6.38282e-28 -5.39111e-13 -3.47373e-27  1.88931e-12  2.08294e-26 -5.82432e-12 -1.16021e-25  1.58028e-11   5.5637e-25 -3.77019e-11  -2.2781e-24  7.88885e-11   8.0439e-24 -1.44105e-10 -2.47699e-23  2.28126e-10  6.71028e-23 -3.09421e-10 -1.60853e-22  3.53129e-10  3.42232e-22 -3.28711e-10  -6.4657e-22  2.34549e-10  1.08216e-21  -1.0816e-10 -1.59491e-21  5.74832e-12  2.04572e-21  3.71818e-11 -2.23177e-21 -2.87071e-11  1.96857e-21  4.64471e-12  -1.2056e-21  7.21045e-12  1.03506e-22   -4.754e-12  1.00042e-21 -3.99354e-13 -1.74513e-21   1.4968e-12  1.93085e-21 -2.60885e-13 -1.61159e-21 -3.35727e-13  1.03357e-21  1.08863e-13 -4.73838e-22  6.65229e-14  9.99627e-23  -2.5965e-14  6.64479e-23 -1.30058e-14 -9.41485e-23  4.32999e-15  6.50018e-23  2.47085e-15 -3.05863e-23 -4.44251e-16  9.14607e-24 -4.02377e-16 -3.62304e-25  2.01155e-18 -1.41081e-24   4.7308e-17  8.45428e-25    7.796e-18 -1.95423e-25  -3.0281e-18 -4.02425e-26 -1.21601e-18  4.27759e-26 -1.36825e-20 -9.27242e-27  7.43549e-20  -2.3782e-27  1.51282e-20  1.67659e-27 -5.67614e-22 -2.04053e-28 -6.89582e-22 -7.61089e-29 -1.02573e-22  2.48967e-29   8.5905e-25 -1.31782e-30  2.19965e-24 -1.01367e-31  2.87011e-25 -6.46327e-32  9.65717e-27  1.12269e-32 -1.25911e-27  5.34959e-34 -1.52261e-28 -1.51892e-34 -5.79956e-30  2.06244e-35 -3.27406e-32 -1.74351e-36  1.37423e-33
 3.42093e-26 -4.32312e-36 -3.64626e-24 -1.54506e-35   1.5414e-22 -3.49634e-34 -3.99902e-21  5.99192e-33  7.35957e-20 -5.78082e-32 -1.03403e-18  3.95418e-31  1.15937e-17 -1.95016e-30 -1.06816e-16  6.86519e-30   8.2547e-16 -1.58274e-29 -5.43116e-15  1.53326e-29  3.07615e-14  2.99169e-29 -1.51223e-13 -5.42892e-29  6.49152e-13 -5.00451e-28 -2.44365e-12  1.32315e-27  8.08862e-12  1.75839e-26  -2.3573e-11 -2.00756e-25  6.04788e-11  1.22459e-24 -1.36373e-10 -5.52554e-24  2.69341e-10  2.02609e-23 -4.63289e-10 -6.29579e-23  6.87892e-10  1.69491e-22 -8.69548e-10 -4.00221e-22  9.14867e-10  8.34392e-22 -7.69071e-10 -1.53977e-21  4.71778e-10  2.51268e-21  -1.5207e-10 -3.60829e-21 -5.40327e-11   4.5125e-21  1.00075e-10 -4.81424e-21 -4.79283e-11  4.19059e-21 -6.90236e-12 -2.62454e-21  1.93923e-11  5.05978e-22 -6.01176e-12  1.49716e-21 -3.70793e-12   -2.759e-21  2.76143e-12  3.01079e-21  3.76274e-13 -2.43807e-21 -7.59799e-13  1.50625e-21 -7.09575e-16 -6.63719e-22   1.6846e-13  1.36993e-22 -4.42019e-15  8.07788e-23 -3.24081e-14 -1.11911e-22 -6.93098e-16  7.48121e-23  5.25626e-15 -3.43474e-23  6.45313e-16  1.00428e-23 -6.39266e-16 -2.49266e-25  -1.7345e-16 -1.67559e-24  4.36381e-17  9.83804e-25  2.50596e-17 -2.22087e-25  7.20341e-19 -4.85704e-26 -1.83746e-18   4.8875e-26 -4.06545e-19 -1.01233e-26  3.02212e-20 -2.65945e-27  2.65065e-20   1.7269e-27  3.67752e-21 -1.79905e-28 -2.80783e-22 -7.44732e-29 -1.54561e-22  2.04283e-29  -1.8042e-23 -1.00142e-30  1.53932e-25  1.43296e-31  2.61484e-25 -9.40514e-32  2.77407e-26  7.16718e-33  8.99862e-28  9.55896e-34  -4.2875e-29 -8.90167e-35 -4.01467e-30  7.04981e-36 -8.23125e-32 -5.21562e-37
-3.77196e-37  9.07874e-25 -1.17434e-35  -5.5292e-23  1.57186e-34  1.79117e-21 -3.84596e-33 -3.88381e-20   4.7372e-32  6.23071e-19 -3.89652e-31 -7.82311e-18  2.29204e-30   7.9669e-17 -9.75795e-30 -6.74319e-16  2.91088e-29  4.82716e-15 -5.29713e-29 -2.96034e-14  2.99169e-29  1.57024e-13 -4.55555e-29 -7.25511e-13  1.80668e-27  2.93498e-12 -1.38202e-26 -1.04321e-11  5.85149e-26  3.26454e-11 -1.43392e-25 -8.99999e-11  1.61153e-26  2.18416e-10  1.85773e-24 -4.65491e-10 -1.13724e-23  8.67438e-10  4.59665e-23 -1.40364e-09 -1.47582e-22  1.95119e-09  3.99227e-22 -2.29096e-09 -9.33955e-22  2.20783e-09  1.91386e-21 -1.65202e-09 -3.45519e-21  8.31627e-10  5.50071e-21  -1.1253e-10 -7.69522e-21 -2.33717e-10  9.37346e-21  2.14432e-10 -9.75702e-21 -5.27745e-11  8.33737e-21 -4.47495e-11 -5.24805e-21  3.82905e-11  1.34811e-21 -1.14429e-12  2.12303e-21 -1.09262e-11 -4.15636e-21  3.15903e-12  4.45803e-21  2.23942e-12 -3.48749e-21 -1.10988e-12   2.0639e-21 -4.11479e-13 -8.66419e-22   2.6185e-13  1.70189e-22  8.01324e-14  9.44164e-23  -4.6923e-14 -1.25307e-22 -1.66101e-14  8.12473e-23  5.99637e-15 -3.68987e-23  3.09501e-15  1.08602e-23  -3.7529e-16 -2.70235e-25 -4.28148e-16 -1.86988e-24 -3.16392e-17   1.1075e-24  3.54462e-17 -2.51943e-25  9.35666e-18 -5.25492e-26  -8.4014e-19  5.29312e-26 -7.71659e-19 -1.05135e-26 -1.03249e-19 -2.87743e-27  1.68422e-20  1.70331e-27  7.21036e-21 -1.45673e-28  7.23323e-22 -6.88164e-29 -6.96546e-23  1.52765e-29 -2.55843e-23 -7.67942e-31 -2.43135e-24  3.26422e-31  6.84425e-29 -1.02868e-31  1.94424e-26   3.9627e-33  1.61983e-27  9.68283e-34   4.4319e-29 -4.43611e-35 -3.68936e-31  1.26731e-36 -2.11075e-32
-1.52543e-25  1.94122e-37  1.63865e-23 -8.37118e-35 -6.98405e-22  2.09285e-33  1.82754e-20 -3.33367e-32 -3.39367e-19  3.36794e-31  4.81328e-18 -2.36956e-30 -5.45028e-17  1.20378e-29  5.07384e-16 -4.39159e-29 -3.96394e-15  1.07065e-28  2.63805e-14  -1.2837e-28 -1.51223e-13 -4.55555e-29  7.52881e-13 -8.88633e-28 -3.27529e-12  1.46224e-26  1.25044e-11 -9.29476e-26 -4.20129e-11  3.85331e-25  1.24397e-10  -1.1373e-24 -3.24595e-10  2.17104e-24  7.45315e-10 -4.45697e-25 -1.50112e-09 -1.73133e-23   2.6378e-09  9.12431e-23 -4.01036e-09 -3.16522e-22  5.20717e-09  8.75299e-22 -5.65451e-09 -2.04479e-21  4.94805e-09  4.13487e-21 -3.22351e-09 -7.31742e-21  1.20928e-09  1.13742e-20  2.15028e-10 -1.55008e-20 -6.43285e-10   1.8376e-20  3.68258e-10 -1.86281e-20  6.67865e-12  1.55623e-20 -1.28499e-10 -9.72782e-21  5.42685e-11  2.86421e-21  1.95234e-11  2.87466e-21 -2.15732e-11 -5.98651e-21  -2.5476e-13  6.28092e-21  5.61392e-12 -4.72225e-21 -6.48492e-13  2.65877e-21 -1.22294e-12 -1.05211e-21  1.80016e-13  1.90956e-22  2.41455e-13   1.0535e-22 -2.31495e-14 -1.31125e-22 -4.21981e-14  8.28952e-23 -6.19342e-16 -3.80142e-23  5.85646e-15   1.1661e-23  9.20199e-16 -4.80131e-25 -5.26277e-16 -1.96677e-24 -1.86464e-16  1.20672e-24  1.39032e-17  -2.8348e-25  1.77327e-17 -5.19108e-26  2.47546e-18   5.4831e-26 -5.98247e-19 -1.04329e-26 -2.45147e-19 -3.03962e-27 -2.00462e-20   1.6181e-27  5.30225e-21 -1.07351e-28  1.50882e-21 -5.95331e-29  1.16338e-22  1.01333e-29 -1.06374e-23 -6.19556e-31 -2.98297e-24  4.22965e-31 -2.32784e-25 -9.46518e-32 -2.29965e-27  1.95008e-33  7.59535e-28  7.55737e-34  4.40465e-29 -1.90811e-35  6.87237e-31 -1.72907e-37
 1.02376e-36 -3.78566e-24  1.95411e-35  2.32456e-22 -9.53766e-34 -7.59537e-21  1.99855e-32  1.66182e-19 -2.53489e-31 -2.69133e-18  2.15777e-30   3.4128e-17 -1.30705e-29 -3.51182e-16  5.73107e-29    3.005e-15 -1.76061e-28 -2.17592e-14  3.21979e-28  1.35058e-13 -5.42892e-29 -7.25511e-13 -8.88633e-28  3.39715e-12 -6.06062e-27 -1.39376e-11  8.03857e-26  5.02825e-11 -4.63787e-25 -1.59853e-10  1.84878e-24  4.48158e-10 -5.58562e-24  -1.1073e-09  1.26787e-23  2.40585e-09 -1.81759e-23   -4.578e-09 -5.83697e-24  7.57976e-09  1.47138e-22 -1.08102e-08 -6.11602e-22  1.30722e-08  1.77981e-21 -1.30551e-08 -4.19921e-21  1.02463e-08  8.42259e-21 -5.60167e-09 -1.46464e-20  1.18047e-09   2.2251e-20  1.23565e-09 -2.95434e-20 -1.39159e-09  3.40646e-20  4.63593e-10 -3.35779e-20  2.24925e-10  2.73356e-20 -2.64777e-10 -1.68187e-20  3.70369e-11  5.28761e-21  6.73158e-11  3.75621e-21 -2.89897e-11 -8.27124e-21 -1.19356e-11  8.43577e-21  9.22453e-12 -6.05682e-21  1.84696e-12  3.21613e-21 -2.15959e-12 -1.18269e-21 -3.41791e-13  1.90626e-22  4.07609e-13   1.1097e-22  8.23574e-14 -1.26578e-22 -5.95613e-14   7.8907e-23 -1.88315e-14 -3.76457e-23  5.59201e-15  1.24661e-23  3.16172e-15 -8.87835e-25 -8.92791e-17 -1.95177e-24 -3.27787e-16  1.27243e-24 -5.38621e-17 -3.14262e-25  1.46955e-17 -4.73059e-26  6.47333e-18  5.48444e-26  4.25632e-19 -9.93104e-27 -2.32821e-19  -3.1559e-27 -6.07561e-20  1.48711e-27   -3.037e-21 -7.09585e-29  1.12866e-21 -4.75337e-29  2.38518e-22  5.62849e-30  1.50448e-23 -5.37702e-31 -9.70389e-25  4.31369e-31 -2.24173e-25 -7.57836e-32    -1.38e-26  9.61784e-34 -2.01947e-28  4.82014e-34  1.05182e-29 -7.15785e-36  2.47264e-31
