   0.0226086 -6.29037e-09    0.0480434 -6.85043e-09    0.0308425 -2.45158e-09   0.00337892   5.8331e-10  -0.00609039  8.60255e-10  -0.00374966  3.21236e-10 -0.000881095  4.02615e-11 -5.81658e-06 -8.59043e-12   4.5667e-05  -3.8432e-12  9.92257e-06 -4.72904e-13  6.15168e-07
-6.29037e-09    0.0724908 -1.38917e-08    0.0834163 -9.68661e-09    0.0344789 -1.68522e-09  -0.00445688  1.72108e-09   -0.0113912  1.37833e-09  -0.00559009   4.6909e-10  -0.00134396  7.56117e-11 -0.000118496   4.1978e-13  1.66433e-05 -1.68872e-12  4.11939e-06 -1.51736e-13
   0.0480434 -1.38917e-08     0.112046 -1.72714e-08    0.0874854  -8.5832e-09    0.0235527 -1.28759e-10   -0.0115042  2.38929e-09   -0.0137603  1.58552e-09  -0.00640148   5.5536e-10  -0.00172799   1.1548e-10 -0.000271783  1.32266e-11 -2.11832e-05  6.18381e-13 -4.46736e-07
-6.85043e-09    0.0834163 -1.72714e-08     0.115511 -1.56623e-08    0.0715825 -6.28351e-09    0.0134274  7.12425e-10   -0.0135356  2.44127e-09   -0.0135461  1.55347e-09  -0.00634909  5.64302e-10  -0.00181768  1.27047e-10 -0.000315885  1.63692e-11 -2.78281e-05  8.12037e-13
   0.0308425 -9.68661e-09    0.0874854 -1.56623e-08    0.0967614 -1.25688e-08    0.0561828 -4.86432e-09    0.0100371  6.53107e-10   -0.0113426  2.03384e-09   -0.0112874  1.29288e-09  -0.00525235  4.60255e-10  -0.00144319  9.62497e-11 -0.000220916  9.94066e-12  -1.2658e-05
-2.45158e-09    0.0344789  -8.5832e-09    0.0715825 -1.25688e-08    0.0784027 -1.04565e-08    0.0487846 -4.57162e-09    0.0121838 -3.85309e-11  -0.00616616  1.26923e-09  -0.00727599  8.29921e-10  -0.00327896  2.73258e-10 -0.000793362  4.71711e-11 -9.05177e-05  2.93344e-12
  0.00337892 -1.68522e-09    0.0235527 -6.28351e-09    0.0561828 -1.04565e-08    0.0685727 -9.61931e-09    0.0479392 -5.03928e-09     0.017845  -1.1308e-09  0.000856261  3.07338e-10  -0.00250655  3.10963e-10  -0.00122183  9.58677e-11 -0.000248772  1.22996e-11 -1.68275e-05
  5.8331e-10  -0.00445688 -1.28759e-10    0.0134274 -4.86432e-09    0.0487846 -9.61931e-09    0.0657346 -9.63193e-09    0.0510055 -5.91204e-09    0.0249535 -2.29965e-09   0.00762207 -5.38009e-10   0.00130593 -6.19955e-11  8.27644e-05 -7.58339e-13 -4.13996e-06  2.51523e-13
 -0.00609039  1.72108e-09   -0.0115042  7.12425e-10    0.0100371 -4.57162e-09    0.0479392 -9.63193e-09    0.0670052 -1.00618e-08    0.0551937 -6.72249e-09    0.0303717 -3.06862e-09    0.0115082  -9.5952e-10   0.00292834 -1.93628e-10  0.000447677 -2.05761e-11  2.70883e-05
 8.60255e-10   -0.0113912  2.38929e-09   -0.0135356  6.53107e-10    0.0121838 -5.03928e-09    0.0510055 -1.00618e-08    0.0693175 -1.03576e-08    0.0566531 -6.87741e-09    0.0308672 -3.07729e-09    0.0112608 -9.00617e-10   0.00257011 -1.52789e-10  0.000296909 -9.83996e-12
 -0.00374966  1.37833e-09   -0.0137603  2.44127e-09   -0.0113426 -3.85309e-11     0.017845 -5.91204e-09    0.0551937 -1.03576e-08    0.0685661 -9.86697e-09    0.0518647 -6.01741e-09    0.0255902 -2.38824e-09   0.00804614 -5.78734e-10   0.00143337  -6.9489e-11  9.50504e-05
 3.21236e-10  -0.00559009  1.58552e-09   -0.0135461  2.03384e-09  -0.00616616  -1.1308e-09    0.0249535 -6.72249e-09    0.0566531 -9.86697e-09    0.0611553 -8.24793e-09    0.0404929 -4.35797e-09    0.0170154  -1.4367e-09   0.00428676 -2.64116e-10    0.0005277 -1.78534e-11
-0.000881095   4.6909e-10  -0.00640148  1.55347e-09   -0.0112874  1.26923e-09  0.000856261 -2.29965e-09    0.0303717 -6.87741e-09    0.0518647 -8.24793e-09     0.046977 -5.82122e-09     0.026141 -2.55197e-09   0.00892186 -6.61333e-10   0.00167792 -8.28967e-11  0.000115032
 4.02615e-11  -0.00134396   5.5536e-10  -0.00634909  1.29288e-09  -0.00727599  3.07338e-10   0.00762207 -3.06862e-09    0.0308672 -6.01741e-09    0.0404929 -5.82122e-09    0.0300764 -3.37387e-09    0.0136258 -1.18261e-09    0.0036082 -2.26316e-10  0.000458598 -1.56852e-11
-5.81658e-06  7.56117e-11  -0.00172799  5.64302e-10  -0.00525235  8.29921e-10  -0.00250655 -5.38009e-10    0.0115082 -3.07729e-09    0.0255902 -4.35797e-09     0.026141 -3.37387e-09    0.0156531 -1.56892e-09   0.00560347 -4.22586e-10   0.00108711 -5.43004e-11  7.59959e-05
-8.59043e-12 -0.000118496   1.1548e-10  -0.00181768  4.60255e-10  -0.00327896  3.10963e-10   0.00130593  -9.5952e-10    0.0112608 -2.38824e-09    0.0170154 -2.55197e-09    0.0136258 -1.56892e-09   0.00647061 -5.71187e-10   0.00176668 -1.12032e-10  0.000229004  -7.8861e-12
  4.5667e-05   4.1978e-13 -0.000271783  1.27047e-10  -0.00144319  2.73258e-10  -0.00122183 -6.19955e-11   0.00292834 -9.00617e-10   0.00804614  -1.4367e-09   0.00892186 -1.18261e-09   0.00560347 -5.71187e-10   0.00206789 -1.57665e-10  0.000409178 -2.05817e-11  2.89641e-05
 -3.8432e-12  1.66433e-05  1.32266e-11 -0.000315885  9.62497e-11 -0.000793362  9.58677e-11  8.27644e-05 -1.93628e-10   0.00257011 -5.78734e-10   0.00428676 -6.61333e-10    0.0036082 -4.22586e-10   0.00176668 -1.57665e-10  0.000491972 -3.14197e-11  6.45888e-05 -2.23418e-12
 9.92257e-06 -1.68872e-12 -2.11832e-05  1.63692e-11 -0.000220916  4.71711e-11 -0.000248772 -7.58339e-13  0.000447677 -1.52789e-10   0.00143337 -2.64116e-10   0.00167792 -2.26316e-10   0.00108711 -1.12032e-10  0.000409178 -3.14197e-11  8.20084e-05 -4.14394e-12  5.85284e-06
-4.72904e-13  4.11939e-06  6.18381e-13 -2.78281e-05  9.94066e-12 -9.05177e-05  1.22996e-11 -4.13996e-06 -2.05761e-11  0.000296909  -6.9489e-11    0.0005277 -8.28967e-11  0.000458598 -5.43004e-11  0.000229004 -2.05817e-11  6.45888e-05 -4.14394e-12  8.55008e-06 -2.96622e-13
 6.15168e-07 -1.51736e-13 -4.46736e-07  8.12037e-13  -1.2658e-05  2.93344e-12 -1.68275e-05  2.51523e-13  2.70883e-05 -9.83996e-12  9.50504e-05 -1.78534e-11  0.000115032 -1.56852e-11  7.59959e-05  -7.8861e-12  2.89641e-05 -2.23418e-12  5.85284e-06 -2.96622e-13  4.19933e-07
