 2.38157e-08 -3.17006e-22 -3.05571e-07  6.86443e-21  1.36706e-06 -3.73502e-20 -3.16505e-06  9.07612e-20   4.0527e-06  -8.0113e-20 -2.52107e-06 -1.33932e-19  7.70689e-08  5.32353e-19  6.77998e-07 -8.22684e-19 -4.99692e-08   7.0691e-19  -1.8555e-07 -2.54417e-19 -2.47012e-08 -1.50665e-19  3.97858e-08  2.45181e-19  2.02227e-08 -1.22082e-19 -1.10109e-09  7.13784e-21 -5.11377e-09  2.15584e-20 -2.27131e-09 -1.37152e-20 -1.05764e-10  5.58792e-21  3.99707e-10  3.79351e-22  2.44259e-10 -2.12932e-21  6.68727e-11  2.49313e-22  -3.5343e-12  5.71192e-22 -1.30966e-11 -4.05518e-23 -7.17477e-12 -1.08362e-22 -2.30377e-12 -1.25373e-23 -3.58693e-13  1.25901e-23  9.04787e-14  5.42007e-24  9.54158e-14 -3.25055e-25  4.35701e-14 -5.38271e-25  1.40379e-14 -4.47741e-26  3.32566e-15  -3.1853e-26  4.80614e-16 -4.37141e-26 -3.21397e-17 -1.59006e-26 -5.30777e-17  5.99769e-27 -2.32657e-17  5.60776e-27 -7.36003e-18  2.13461e-27 -1.91183e-18  5.03566e-28 -4.23873e-19 -2.75065e-29 -8.07953e-20 -1.05839e-28 -1.30047e-20 -4.87359e-29 -1.65184e-21 -1.09778e-29 -1.22956e-22 -1.59989e-30  1.14044e-23 -3.54501e-31  7.18102e-24 -2.20694e-31  1.88567e-24 -1.32607e-31  3.76631e-25 -5.21555e-32  6.36345e-26 -1.41106e-32  9.44698e-27 -2.92871e-33   1.2535e-27 -4.65663e-34  1.49876e-28 -3.67882e-35  1.62044e-29  6.89015e-36  1.58518e-30  3.34613e-36  1.40082e-31  7.52106e-37  1.11447e-32  1.24177e-37   7.9411e-34  1.67045e-38  5.03045e-35  1.85468e-39  2.80428e-36  1.68144e-40  1.35754e-37  1.24355e-41  5.61254e-39  7.49681e-43  1.93517e-40  3.59489e-44  5.34715e-42  1.30719e-45  1.11306e-43  3.36658e-47  1.58784e-45  5.34414e-49  1.25873e-47  3.36468e-51
-3.17006e-22  4.57371e-07 -4.58425e-21 -3.29097e-06  6.77765e-20  1.09406e-05 -2.97091e-19 -2.00928e-05  6.37419e-19  2.02899e-05 -6.06093e-19 -8.47664e-06 -3.46742e-19 -2.47578e-06  1.92782e-18  2.78919e-06  -2.9029e-18  6.87649e-07   2.3653e-18 -6.64803e-07 -8.14871e-19 -3.33041e-07 -4.14887e-19  6.68547e-08  6.27943e-19  1.07197e-07 -2.62986e-19  2.96514e-08  5.81334e-22 -1.07312e-08  3.19553e-20 -1.19163e-08 -1.88103e-20 -4.03899e-09  1.63699e-20  1.80171e-10 -2.09803e-21  8.78888e-10 -5.79552e-21  4.75845e-10  7.24596e-22   1.2679e-10  1.62016e-21 -3.14886e-12 -4.02262e-24 -2.15231e-11 -2.90568e-22 -1.22716e-11 -6.27963e-23 -4.26004e-12  2.40821e-23  -9.0098e-13  1.65632e-23 -5.38518e-15  1.79617e-24  9.76698e-14 -5.68324e-25  5.44316e-14 -2.00353e-25  1.99163e-14 -3.01707e-25  5.60282e-15 -2.38658e-25  1.22032e-15  -6.2655e-26  1.79637e-16  2.46637e-26  1.29017e-18  2.22613e-26 -1.07556e-17  8.57204e-27  -4.8259e-18  2.20195e-27 -1.48252e-18  6.59323e-29 -3.72623e-19 -3.07383e-28 -8.08831e-20 -1.57594e-28 -1.54955e-20 -4.31766e-29 -2.64131e-21 -9.73062e-30 -4.00289e-22 -2.86389e-30 -5.34007e-23 -1.25111e-30 -6.11268e-24 -5.47806e-31 -5.62104e-25 -1.81372e-31 -3.24383e-26 -4.44619e-32  1.22696e-27 -8.63493e-33  7.30853e-28 -1.31371e-33  1.38007e-28 -1.10643e-34  1.91157e-29  1.20048e-35  2.18728e-30  6.67418e-36  2.14747e-31  1.46647e-36  1.83436e-32  2.31657e-37  1.36779e-33  2.95197e-38  8.87406e-35  3.08044e-39  4.96714e-36  2.60459e-40  2.36668e-37  1.77827e-41   9.4249e-39  9.74013e-43  3.04938e-40  4.14853e-44  7.65015e-42  1.29697e-45  1.37376e-43  2.70684e-47  1.53928e-45  3.00831e-49  7.05219e-48
-3.05571e-07 -4.58425e-21  4.28491e-06 -3.62653e-20 -2.11587e-05  4.02337e-19  5.49267e-05 -1.46442e-18 -8.12766e-05  2.77511e-18  6.36891e-05 -2.59238e-18 -1.36048e-05 -3.72274e-19 -1.42336e-05  4.62551e-18  5.48119e-06 -6.80352e-18  4.21533e-06  5.24689e-18 -8.31307e-07 -1.68257e-18 -1.33192e-06 -8.38177e-19 -2.22622e-07  1.09959e-18   2.4529e-07 -3.31862e-19  1.61145e-07 -4.84036e-20  2.05972e-08   8.2523e-21 -2.51456e-08 -3.49791e-21 -1.78921e-08  3.71657e-20 -4.90409e-09 -9.01902e-21  6.31499e-10   -1.232e-20  1.26598e-09   1.2875e-21  6.39858e-10  3.35075e-21  1.73825e-10  2.44683e-22  4.91015e-12 -5.28643e-22 -2.22842e-11 -1.78248e-22  -1.3791e-11  1.91649e-23 -5.19335e-12  3.31287e-23 -1.34113e-12  9.63259e-24 -1.81613e-13  1.50936e-24   3.7208e-14 -3.97472e-25  3.71157e-14 -1.16148e-24   1.6106e-14 -8.03881e-25  5.16616e-15 -1.90213e-25  1.34147e-15  6.32153e-26  2.85272e-16  5.98609e-26   4.7207e-17  2.40027e-26  4.65959e-18  6.72104e-27 -4.43165e-19  6.69245e-28 -3.90187e-19 -5.66504e-28 -1.30302e-19 -3.50142e-28 -3.27577e-20 -1.15984e-28 -6.94682e-21  -3.3117e-29 -1.29433e-21 -1.06484e-29 -2.15873e-22 -4.05808e-30 -3.25353e-23 -1.48836e-30 -4.45185e-24 -4.34484e-31 -5.54022e-25 -9.81203e-32   -6.269e-26 -1.79934e-32 -6.43754e-27 -2.64682e-33 -5.97851e-28 -2.41027e-34 -4.99611e-29  9.69059e-36 -3.73134e-30  8.60219e-36 -2.46782e-31  1.89355e-36 -1.42757e-32  2.88077e-37  -7.0996e-34  3.48158e-38 -2.96058e-35  3.40866e-39 -9.96744e-37  2.67738e-40 -2.52122e-38  1.67707e-41 -3.83035e-40   8.2702e-43  9.13846e-43  3.08577e-44  2.01579e-43    8.098e-46  4.24808e-45  1.30016e-47  3.77246e-47  8.26953e-50
 6.86443e-21 -3.29097e-06 -3.62653e-20  2.61077e-05 -1.93922e-19 -9.68274e-05  1.70537e-18  0.000202387 -5.26222e-18 -0.000242785  8.81714e-18  0.000141801 -7.75923e-18  2.92231e-06  3.78067e-19 -4.27727e-05  8.53083e-18   1.9309e-06  -1.2265e-17  1.23424e-05  8.97783e-18  1.76256e-06 -2.61805e-18 -2.84207e-06 -1.46248e-18 -1.44453e-06  1.55203e-18  1.30461e-07 -2.04269e-19  4.08957e-07 -1.68795e-19  1.70484e-07 -7.60619e-20 -2.06567e-09  4.07823e-20 -3.74141e-08  7.30223e-20 -2.07673e-08  -2.0011e-20 -4.84387e-09 -2.27711e-20   9.3572e-10  1.33556e-21   1.3959e-09  5.69581e-21  6.84222e-10  8.86457e-22  1.95757e-10 -7.33663e-22  1.81692e-11 -3.72845e-22 -1.56393e-11 -2.39296e-23 -1.13901e-11   5.1511e-23 -4.69107e-12  2.70781e-23  -1.3947e-12  8.07098e-24 -2.92687e-13 -5.02683e-25 -2.67797e-14 -3.14287e-24  1.11176e-14 -2.06668e-24  7.67655e-15  -4.8751e-25   2.9223e-15  1.16508e-25  8.61684e-16  1.25683e-25  2.12511e-16  5.34721e-26  4.48401e-17  1.62569e-26  8.06045e-18  2.50856e-27   1.1884e-18 -7.06844e-28  1.24959e-19 -6.18454e-28  2.21099e-21 -2.47082e-28 -3.21135e-21 -8.17459e-29 -1.08335e-21 -2.72385e-29 -2.44794e-22 -9.56098e-30 -4.52233e-23  -3.1152e-30 -7.23913e-24 -8.25861e-31 -1.02868e-24 -1.74205e-31 -1.31257e-25 -3.04154e-32 -1.51198e-26  -4.3563e-33 -1.57525e-27 -4.25395e-34 -1.48347e-28 -4.13455e-36 -1.25964e-29  7.93313e-36 -9.60222e-31   1.8409e-36 -6.53022e-32  2.73163e-37 -3.92824e-33  3.14246e-38 -2.06666e-34  2.88477e-39 -9.36674e-36  2.09738e-40 -3.58114e-37  1.19737e-41 -1.12027e-38  5.25988e-43 -2.73976e-40  1.68928e-44 -4.87595e-42  3.59736e-46 -5.47407e-44  4.05872e-48 -2.49183e-46
 1.36706e-06  6.77765e-20 -2.11587e-05 -1.93922e-19  0.000116381 -7.72891e-19 -0.000341369  5.58501e-18  0.000585842  -1.4822e-17 -0.000567956  2.19535e-17  0.000225112  -1.7739e-17  8.15396e-05  2.40231e-18 -8.38966e-05  1.28346e-17 -2.22393e-05 -1.80587e-17  2.19434e-05  1.27181e-17  1.09165e-05 -3.32743e-18 -2.76462e-06 -2.34529e-18 -3.88856e-06  1.93504e-18 -9.30581e-07  1.95076e-19  5.17247e-07  -3.7235e-19  4.78232e-07 -2.36945e-19  1.38799e-07  1.11429e-19 -2.50584e-08    1.275e-19 -4.26359e-08 -3.18607e-20 -2.02174e-08 -3.74177e-20 -4.27004e-09  -9.8448e-23  9.18774e-10  8.28335e-21  1.24822e-09   2.0411e-21  6.11473e-10 -7.92582e-22  1.87375e-10 -6.35691e-22  2.92513e-11  -1.1735e-22  -6.2335e-12  7.03277e-23 -6.93912e-12  5.85096e-23 -3.21601e-12  2.15928e-23  -1.0698e-12 -5.37723e-25 -2.75174e-13 -6.95421e-24 -5.22096e-14 -4.44836e-24 -4.91935e-15 -1.09596e-24  1.28874e-15  1.51713e-25  9.08334e-16  2.16758e-25  3.28071e-16  9.95706e-26   9.1677e-17  3.27122e-26  2.16647e-17   6.4194e-27  4.47342e-18 -4.74213e-28  8.17634e-19 -9.28639e-28   1.3259e-19 -4.45015e-28   1.8941e-20 -1.61802e-28  2.33372e-21 -5.45131e-29   2.3493e-22 -1.80016e-29  1.60893e-23 -5.37123e-30 -1.15757e-25 -1.31842e-30 -2.78645e-25  -2.6251e-31 -6.00102e-26 -4.39127e-32 -9.05033e-27 -6.14287e-33 -1.11482e-27  -6.3117e-34 -1.17464e-28 -2.69605e-35 -1.07706e-29  4.95874e-36 -8.63931e-31  1.38952e-36 -6.05321e-32  2.06441e-37 -3.68107e-33   2.2795e-38 -1.92174e-34  1.96478e-39 -8.47388e-36  1.31838e-40 -3.08086e-37  6.81107e-42 -8.90548e-39  2.63139e-43 -1.93399e-40  7.10624e-45 -2.85864e-42  1.16602e-46 -2.28848e-44  7.55481e-49
-3.73502e-20  1.09406e-05  4.02337e-19 -9.68274e-05 -7.72891e-19  0.000404891 -2.43356e-18 -0.000971114  1.48218e-17   0.00138465 -3.41603e-17  -0.00106877  4.45963e-17  0.000218137 -3.23898e-17  0.000261769  5.45953e-18 -0.000105101  1.61095e-17 -8.07866e-05 -2.23839e-17  1.99837e-05  1.57146e-17  2.78576e-05 -3.72961e-18  3.26628e-06 -3.54104e-18 -6.20212e-06  2.29388e-18 -3.54028e-06  8.62305e-19  -1.6513e-07 -6.46554e-19  7.51777e-07  -4.7407e-19  4.45739e-07  1.94932e-19  9.05836e-08  2.00269e-19 -3.82194e-08 -3.93742e-20 -4.02585e-08  -5.5083e-20  -1.7286e-08 -3.92354e-21 -3.56001e-09  1.04829e-20  6.33608e-10  3.63892e-21  9.23183e-10 -6.49287e-22  4.64184e-10 -9.36662e-22  1.53121e-10 -2.48441e-22  3.22717e-11  9.90354e-23  1.01845e-12  1.10573e-22 -2.82337e-12  4.45102e-23 -1.63226e-12 -8.00391e-25  -6.0944e-13 -1.34209e-23 -1.77972e-13 -8.42653e-24 -4.22848e-14 -2.21705e-24  -7.9784e-15   9.3117e-26 -1.02675e-15  3.10804e-25 -2.10839e-18  1.58193e-25   5.1089e-17  5.60325e-26  2.04798e-17   1.2761e-26  5.68598e-18  2.89661e-28  1.30028e-18  -1.2471e-27  2.58509e-19 -7.03754e-28  4.57408e-20 -2.70742e-28  7.28714e-21 -9.08324e-29  1.05135e-21 -2.84913e-29  1.37687e-22 -7.91979e-30   1.6368e-23 -1.82281e-30  1.76284e-24 -3.45114e-31  1.71357e-25 -5.55284e-32  1.49465e-26 -7.58559e-33  1.16004e-27 -8.03002e-34  7.91467e-29 -5.06476e-35  4.66087e-30  1.11837e-36  2.29871e-31  7.89312e-37  8.95566e-33  1.25131e-37  2.35096e-34  1.35124e-38  9.52077e-37   1.0995e-39  -2.9351e-37  6.79881e-41 -1.80578e-38  3.15449e-42  -6.1725e-40  1.05491e-43 -1.32489e-41  2.31811e-45 -1.65459e-43  2.67911e-47 -7.99032e-46
-3.16505e-06 -2.97091e-19  5.49267e-05  1.70537e-18 -0.000341369 -2.43356e-18   0.00114543 -6.29874e-18  -0.00229879    3.295e-17   0.00273848 -6.63227e-17  -0.00162659  7.57867e-17 -3.07473e-05 -4.82917e-17   0.00053608  8.35601e-18 -4.35931e-05  1.66233e-17 -0.000168117 -2.36623e-17  -1.4497e-05  1.78408e-17  4.52519e-05 -4.05796e-18  1.92745e-05 -5.07701e-18 -4.58044e-06  2.72227e-18 -7.08331e-06  1.72986e-18 -2.34777e-06 -9.57431e-19  4.51813e-07 -7.70989e-19  7.84071e-07  2.71646e-19  3.53569e-07  2.86161e-19  4.84252e-08 -3.72499e-20  -3.9324e-08 -7.30362e-20 -3.28005e-08 -1.03997e-20 -1.33242e-08  1.15987e-20 -2.86756e-09  5.32326e-21  2.62619e-10 -4.00251e-22  5.60774e-10 -1.25233e-21  2.98434e-10 -3.74315e-22  1.05967e-10  1.65077e-22  2.69897e-11  1.95227e-22  4.06189e-12  8.00692e-23 -3.67841e-13  -1.5086e-24 -5.46571e-13 -2.32511e-23 -2.47562e-13 -1.44454e-23 -8.11945e-14 -4.09876e-24 -2.17774e-14  -1.8211e-25 -4.94735e-15  3.60669e-25 -9.53606e-16  2.14791e-25  -1.5103e-16  8.23795e-26 -1.73916e-17  2.06825e-26 -5.47939e-19  1.42773e-27  4.16004e-19 -1.57823e-27  1.56025e-19 -1.00358e-27   3.7681e-20 -3.95872e-28  7.37367e-21 -1.30716e-28  1.24604e-21 -3.91065e-29  1.86647e-22 -1.02284e-29   2.5094e-23 -2.22518e-30  3.04648e-24 -4.02442e-31  3.34772e-25 -6.23901e-32  3.32975e-26 -8.30354e-33  2.99197e-27 -8.88487e-34  2.42002e-28 -6.64386e-35  1.75254e-29 -2.03658e-36  1.12801e-30  2.77398e-37  6.38995e-32  5.87022e-38  3.14439e-33  6.49838e-39  1.32034e-34   5.0665e-40  4.61446e-36  2.89262e-41  1.29489e-37   1.1961e-42  2.75814e-39    3.392e-44   4.0326e-41  5.76938e-46  3.20953e-43  3.84279e-48
 9.07612e-20 -2.00928e-05 -1.46442e-18  0.000202387  5.58501e-18 -0.000971114 -6.29874e-18   0.00271141 -1.38071e-17  -0.00462957  6.29351e-17   0.00460519 -1.10839e-16  -0.00195561   1.0941e-16 -0.000655152  -5.8999e-17  0.000806788  9.62797e-18  0.000164818  1.27626e-17 -0.000242609 -2.12566e-17 -9.68237e-05  1.96603e-17  4.48122e-05 -4.68126e-18  4.36269e-05 -6.92584e-18  5.82462e-06   3.2763e-18 -8.79483e-06  2.69841e-18 -5.92616e-06 -1.25916e-18 -1.08061e-06 -1.09975e-18  7.45919e-07  3.22054e-19  6.71501e-07  3.75998e-19  2.49615e-07 -2.18819e-20  2.19906e-08 -8.73592e-20 -3.20269e-08 -1.86456e-20 -2.35384e-08  1.11213e-20 -9.36131e-09  6.43456e-21 -2.20136e-09 -3.57753e-22 -2.69362e-11 -1.60228e-21  2.68076e-10 -4.32788e-22  1.59312e-10  3.13727e-22  6.10809e-11  3.31838e-22  1.76766e-11  1.33866e-22  3.82022e-12 -1.85616e-24  4.82826e-13 -3.65538e-23 -5.43205e-14 -2.27345e-23 -6.04049e-14 -6.97493e-24 -2.45622e-14 -8.23976e-25  -7.4184e-15  2.98323e-25 -1.86701e-15   2.4392e-25 -4.07251e-16  1.03362e-25  -7.8166e-17  2.77361e-26 -1.32334e-17  2.36018e-27 -1.95858e-18 -1.98411e-27  -2.4662e-19  -1.3173e-27 -2.45076e-20 -5.17698e-28  -1.4006e-21 -1.66497e-28  1.13764e-22 -4.75506e-29  5.29924e-23 -1.17666e-29  1.06706e-23 -2.43097e-30  1.62462e-24 -4.20968e-31  2.06792e-25 -6.28794e-32  2.27733e-26 -8.12376e-33  2.19915e-27 -8.64711e-34   1.8697e-28 -6.98226e-35  1.39744e-29 -3.67575e-36  9.13033e-31 -3.32895e-38  5.16497e-32  1.81445e-38  2.49415e-33   2.4217e-39  1.00743e-34  1.88676e-40  3.30501e-36  1.00568e-41  8.42339e-38  3.68283e-43  1.54976e-39  8.61537e-45  1.77992e-41  1.04008e-46  8.23532e-44
  4.0527e-06  6.37419e-19 -8.12766e-05 -5.26222e-18  0.000585842  1.48218e-17  -0.00229879 -1.38071e-17   0.00548667 -2.62562e-17    -0.008068  1.05449e-16   0.00664852 -1.62177e-16  -0.00167429  1.35143e-16  -0.00165822 -5.76175e-17  0.000890885  8.69768e-18  0.000533279   3.5768e-18 -0.000231144  -1.5733e-17 -0.000217253  2.19577e-17  4.12344e-06 -5.80231e-18  6.48146e-05 -8.96949e-18  2.69529e-05  3.92397e-18 -4.34547e-06  3.66093e-18 -9.14421e-06 -1.50793e-18 -3.99599e-06  -1.4285e-18 -1.96384e-07  3.31384e-19   7.5597e-07  4.58338e-19  5.00994e-07  7.74573e-21  1.62657e-07 -9.34605e-20  9.83419e-09 -2.64363e-20 -2.16404e-08  8.93018e-21 -1.49771e-08  6.09775e-21 -5.98381e-09 -1.04075e-21 -1.56034e-09 -2.07733e-21 -1.65184e-10 -3.67649e-22  8.74222e-11  5.97787e-22  6.74695e-11  5.45769e-22  2.85081e-11  2.14925e-22  9.09127e-12  1.12938e-24  2.32489e-12 -5.22154e-23  4.68914e-13  -3.3041e-23  6.45407e-14 -1.09462e-23   4.2688e-16 -1.95887e-24 -3.43798e-15  5.25654e-26 -1.46089e-15  2.14607e-25 -4.26297e-16  1.07545e-25 -1.02106e-16  3.03215e-26 -2.12105e-17   2.2229e-27  -3.9131e-18 -2.56122e-27 -6.48629e-19 -1.61681e-27 -9.71362e-20 -6.16229e-28 -1.31666e-20 -1.91083e-28 -1.61391e-21 -5.20261e-29 -1.78274e-22 -1.22099e-29 -1.76324e-23 -2.40102e-30 -1.54513e-24  -3.9833e-31 -1.17871e-25 -5.72482e-32  -7.5797e-27 -7.14915e-33 -3.82378e-28 -7.47203e-34 -1.17906e-29 -6.19751e-35  2.13914e-31 -3.84965e-36  6.41222e-32  -1.5369e-37   5.5391e-33 -1.09298e-40  3.24027e-34  5.82978e-40  1.41619e-35  5.32866e-41  4.65207e-37  2.76338e-42  1.10679e-38  8.97017e-44  1.74369e-40  1.66421e-45   1.4531e-42   1.1739e-47
 -8.0113e-20  2.02899e-05  2.77511e-18 -0.000242785  -1.4822e-17   0.00138465    3.295e-17  -0.00462957 -2.62562e-17   0.00965301 -4.42093e-17   -0.0123342  1.57788e-16   0.00826549 -2.10709e-16 -0.000482453  1.42415e-16  -0.00283799 -4.04094e-17  0.000593118  6.48545e-18  0.000982408 -1.06211e-17  -6.2413e-05 -8.58069e-18 -0.000330537  2.50979e-17 -8.82078e-05 -7.29971e-18  6.32436e-05 -1.09751e-17  5.36118e-05  4.57029e-18  9.55409e-06  4.51985e-18 -8.73032e-06 -1.67486e-18 -7.28485e-06 -1.73043e-18 -2.26202e-06  2.90322e-19  2.28256e-07  5.20894e-19  6.09146e-07  5.01731e-20  3.36709e-07 -8.65354e-20  1.00758e-07 -3.03791e-20  6.01157e-09   5.3778e-21 -1.22004e-08  3.40442e-21 -8.40319e-09 -3.07875e-21 -3.43704e-09 -2.84191e-21 -9.87812e-10 -1.57742e-22 -1.75957e-10  1.05955e-21  5.50937e-12  8.62351e-22  2.01494e-11   3.3501e-22  1.02027e-11  1.31682e-23  3.59129e-12 -6.74386e-23  1.01828e-12 -4.43694e-23  2.41986e-13 -1.58334e-23  4.82001e-14 -3.61843e-24  7.70906e-15 -4.21623e-25  8.27328e-16  1.01564e-25  -1.2203e-17  8.44624e-26  -3.6706e-17  2.50325e-26 -1.24688e-17  2.45463e-28 -3.00841e-18 -3.37676e-27 -6.01731e-19 -1.87568e-27 -1.04862e-19  -6.7682e-28 -1.62717e-20 -2.00329e-28 -2.27257e-21  -5.1846e-29 -2.87204e-22 -1.15431e-29 -3.29154e-23 -2.16142e-30 -3.42106e-24 -3.43252e-31 -3.21934e-25 -4.73564e-32 -2.73436e-26 -5.69016e-33 -2.08645e-27 -5.77745e-34 -1.42122e-28 -4.77471e-35 -8.56906e-30 -3.12645e-36 -4.52223e-31 -1.55709e-37  -2.0577e-32 -5.04747e-39 -7.90765e-34 -1.93716e-41 -2.49231e-35  8.82907e-42 -6.16282e-37  5.44804e-43 -1.11034e-38  1.62393e-44 -1.25981e-40  2.24972e-46 -5.81162e-43
-2.52107e-06 -6.06093e-19  6.36891e-05  8.81714e-18 -0.000567956 -3.41603e-17   0.00273848  6.29351e-17    -0.008068 -4.42093e-17    0.0149773  -6.7087e-17   -0.0167338    2.142e-16   0.00879077 -2.46092e-16   0.00164999  1.25395e-16  -0.00382042  -9.1259e-18 -0.000185253  4.87842e-18   0.00134653 -2.79103e-17  0.000286548 -1.56947e-18 -0.000366896   2.8671e-17 -0.000218064 -8.83622e-18  2.04577e-05  -1.2626e-17   7.2604e-05  5.13325e-18  3.17664e-05  5.20934e-18 -1.47621e-06 -1.74947e-18 -8.72862e-06 -1.99081e-18 -4.90451e-06  1.92023e-19 -1.10084e-06   5.5094e-19  3.26235e-07  1.02046e-19  4.20617e-07 -6.21048e-20  2.07849e-07 -2.65043e-20  6.03647e-08   1.2281e-21  5.20132e-09 -2.35281e-21 -5.56628e-09  -7.0481e-21 -4.08121e-09  -4.1018e-21 -1.73701e-09  1.64277e-22 -5.42463e-10  1.71202e-21 -1.24444e-10  1.29759e-21 -1.62204e-11  5.05619e-22  2.25423e-12  4.20679e-23  2.42282e-12 -7.78144e-23  1.01963e-12 -5.48936e-23  3.19624e-13 -2.10766e-23  8.33034e-14 -5.67781e-24   1.8736e-14 -1.11259e-24  3.68278e-15 -1.01516e-25  6.31365e-16  2.97298e-26  9.26267e-17   1.0365e-26  1.09978e-17 -3.80957e-27  8.62396e-19 -4.39968e-27 -1.91312e-20 -2.06804e-27 -2.47134e-20 -6.93048e-28 -6.19006e-21 -1.93946e-28 -1.11374e-21 -4.75202e-29 -1.65625e-22 -1.00237e-29 -2.12881e-23 -1.78546e-30 -2.40834e-24 -2.70917e-31 -2.41566e-25 -3.57702e-32 -2.15153e-26 -4.11588e-33 -1.69757e-27 -4.02336e-34 -1.17997e-28 -3.24601e-35 -7.16262e-30 -2.12697e-36 -3.74971e-31 -1.11361e-37 -1.66366e-32 -4.43202e-39 -6.10355e-34 -1.16621e-40 -1.78615e-35 -1.06446e-42 -3.93978e-37  4.81584e-44 -5.92178e-39  1.82564e-45 -4.81562e-41  1.70961e-47
-1.33932e-19 -8.47664e-06 -2.59238e-18  0.000141801  2.19535e-17  -0.00106877 -6.63227e-17   0.00460519  1.05449e-16   -0.0123342  -6.7087e-17    0.0207556 -9.31462e-17   -0.0203561  2.67427e-16   0.00778556 -2.61254e-16   0.00440834    8.603e-17  -0.00420032  2.94164e-17  -0.00136959  5.46814e-18   0.00143439 -4.50298e-17  0.000760352  3.94326e-18 -0.000262588  3.16264e-17 -0.000342971 -1.01316e-17 -6.85613e-05 -1.36267e-17  6.72361e-05  5.60647e-18   5.4961e-05   5.7225e-18  1.33729e-05 -1.72872e-18 -5.80949e-06 -2.20767e-18 -6.72299e-06  2.86272e-20 -2.93666e-06  5.35405e-19 -4.74297e-07  1.58634e-19  2.66119e-07 -1.68992e-20  2.56498e-07   -1.126e-20  1.18778e-07 -2.56672e-21  3.49311e-08 -1.14721e-20  4.58481e-09  -1.3293e-20 -1.84222e-09 -6.04436e-21 -1.65257e-09  5.13532e-22 -7.49292e-10  2.52727e-21 -2.51299e-10  1.84897e-21 -6.64755e-11  7.33333e-22 -1.34772e-11  9.56712e-23 -1.67259e-12 -7.81386e-23  1.28767e-13 -6.21868e-23  1.63958e-13 -2.57631e-23  6.48899e-14  -7.8401e-24  1.89154e-14 -1.93605e-24  4.60281e-15 -3.73169e-25  9.76482e-16 -5.13423e-26   1.8414e-16 -1.21349e-26  3.11476e-17 -9.40101e-27  4.74199e-18 -5.47353e-27  6.49276e-19 -2.16831e-27  7.95673e-20 -6.66401e-28  8.63846e-21 -1.74863e-28  8.14708e-22 -4.03791e-29  6.40637e-23 -8.05024e-30  3.76327e-24 -1.36127e-30  8.99922e-26 -1.96821e-31 -1.43751e-26 -2.47807e-32 -2.75512e-27 -2.71734e-33 -2.99106e-28 -2.53724e-34 -2.46229e-29 -1.96865e-35 -1.63638e-30  -1.2529e-36 -8.90465e-32 -6.46589e-38   -3.942e-33 -2.62542e-39 -1.38917e-34 -7.85891e-41 -3.74467e-36 -1.52792e-42 -7.19242e-38 -1.40427e-44 -8.52602e-40  1.95895e-47 -4.03164e-42
 7.70689e-08 -3.46742e-19 -1.36048e-05 -7.75923e-18  0.000225112  4.45963e-17  -0.00162659 -1.10839e-16   0.00664852  1.57788e-16   -0.0167338 -9.31462e-17    0.0260024 -1.19767e-16   -0.0224194  3.10543e-16   0.00524203 -2.54746e-16   0.00723045  3.33747e-17  -0.00371273  6.61109e-17  -0.00271802  8.54126e-18   0.00111273 -5.82886e-17   0.00123321  7.46779e-18  6.18351e-06  3.27745e-17 -0.000405213 -1.11889e-17 -0.000187549 -1.38458e-17  2.56261e-05  6.05772e-18  6.72745e-05  6.12568e-18  3.24009e-05 -1.59772e-18  2.73397e-06 -2.38459e-18 -5.97897e-06 -2.08295e-19 -4.43329e-06  4.62421e-19 -1.62363e-06   2.1435e-19 -1.94535e-07  4.99399e-20  1.66575e-07   1.7254e-20  1.39425e-07 -5.23406e-21  6.26262e-08 -2.37507e-20  1.91461e-08 -2.17993e-20  3.47128e-09 -8.77301e-21 -2.33455e-10  7.74941e-22 -5.14205e-10  3.43687e-21 -2.63287e-10  2.49005e-21 -9.49696e-11   1.0152e-21 -2.74999e-11  1.78959e-22  -6.5962e-12 -6.38568e-23 -1.29168e-12 -6.37934e-23 -1.88475e-13 -2.88184e-23 -1.16016e-14 -9.68962e-24  4.36302e-15  -2.7461e-24  2.20569e-15 -6.65707e-25  6.47488e-16 -1.43921e-25  1.50827e-16 -3.80129e-26  3.01103e-17 -1.53236e-26  5.31239e-18 -6.35679e-27  8.40718e-19 -2.15575e-27  1.20263e-19 -6.04208e-28  1.56096e-20 -1.47735e-28  1.84094e-21 -3.20105e-29  1.97214e-22  -6.0137e-30  1.91583e-23 -9.62695e-31  1.68275e-24 -1.32196e-31   1.3308e-25  -1.5808e-32  9.42339e-27 -1.64378e-33  5.93125e-28 -1.45556e-34  3.28715e-29 -1.07327e-35   1.5842e-30 -6.50251e-37  6.52823e-32  -3.1963e-38  2.24659e-33 -1.23962e-39  6.23497e-35  -3.5871e-41  1.32005e-36 -7.02071e-43  1.92941e-38 -7.75816e-45  1.54729e-40 -2.97048e-47
 5.32353e-19 -2.47578e-06 -3.72274e-19  2.92231e-06  -1.7739e-17  0.000218137  7.57867e-17  -0.00195561 -1.62177e-16   0.00826549    2.142e-16   -0.0203561 -1.19767e-16    0.0298127 -1.43848e-16   -0.0225713  3.38269e-16   0.00158333 -2.30412e-16   0.00952058  -2.0236e-17  -0.00233794  9.29308e-17  -0.00390723  1.29716e-17   0.00036611 -6.47149e-17    0.0015521  9.45632e-18  0.000405217  3.13467e-17 -0.000355093 -1.23237e-17 -0.000300965 -1.34185e-17 -5.15814e-05  6.56297e-18  5.71494e-05  6.53993e-18  4.83132e-05 -1.31799e-18   1.5585e-05 -2.51934e-18 -1.55732e-06 -5.21243e-19  -4.4933e-06  3.25787e-19 -2.62494e-06  2.63965e-19 -8.55464e-07  1.35909e-19 -8.86196e-08  5.82319e-20  8.43477e-08 -6.58737e-21  6.71666e-08  -3.8554e-20   3.0038e-08  -3.2173e-20  9.64176e-09 -1.22627e-20  2.17498e-09  8.35866e-22   2.1421e-10  4.34372e-21 -9.32086e-11  3.17109e-21  -6.8657e-11  1.33598e-21 -2.77405e-11  2.91339e-22 -8.67213e-12 -3.26951e-23 -2.27032e-12 -5.79914e-23 -5.11052e-13 -2.93174e-23 -9.92639e-14 -1.08056e-23  -1.6348e-14 -3.37403e-24 -2.15023e-15 -9.18322e-25 -1.77983e-16 -2.28079e-25  8.97682e-18 -6.13879e-26  7.94137e-18 -2.01459e-26  2.15958e-18 -6.81481e-27  4.33252e-19  -2.0231e-27  7.25636e-20 -5.17284e-28  1.05788e-20 -1.17426e-28  1.36671e-21 -2.37866e-29  1.57733e-22 -4.19779e-30  1.63078e-23 -6.34165e-31  1.50957e-24 -8.24002e-32  1.24722e-25 -9.31816e-33  9.14667e-27 -9.14167e-34  5.90615e-28 -7.62464e-35  3.32069e-29 -5.28855e-36  1.60118e-30 -3.00364e-37  6.48416e-32 -1.37427e-38  2.14063e-33 -4.90702e-40  5.50846e-35 -1.28498e-41  1.02588e-36 -2.20143e-43  1.19543e-38 -1.93647e-45  5.62833e-41
 6.77998e-07  1.92782e-18 -1.42336e-05  3.78067e-19  8.15396e-05 -3.23898e-17 -3.07473e-05   1.0941e-16  -0.00167429 -2.10709e-16   0.00879077  2.67427e-16   -0.0224194 -1.43848e-16    0.0316962 -1.62237e-16   -0.0209798   3.4764e-16  -0.00252621  -1.9498e-16    0.0108567  -6.3906e-17 -0.000291885  1.05175e-16  -0.00464737  1.68851e-17 -0.000695973 -6.29033e-17   0.00159188   1.1034e-17  0.000849337  2.73427e-17 -0.000172559 -1.39958e-17 -0.000365539 -1.27422e-17 -0.000148431  7.12153e-18  1.90854e-05  7.08697e-18  5.24738e-05 -8.38084e-19   2.8652e-05 -2.59658e-18   6.1403e-06 -8.96902e-19 -2.34143e-06  1.31705e-19 -2.83467e-06  3.04987e-19 -1.43201e-06   2.3528e-19 -4.39136e-07   1.0787e-19 -5.06855e-08 -7.25121e-21  3.37996e-08 -5.49971e-20  2.80825e-08 -4.37221e-20   1.2795e-08 -1.63514e-20  4.31139e-09  6.16494e-22  1.11915e-09  5.14089e-21  2.05944e-10   3.8258e-21  1.27078e-11  1.66853e-21 -9.53477e-12  4.25197e-22 -5.51391e-12  1.41337e-23 -1.95499e-12 -4.44654e-23 -5.52131e-13 -2.68019e-23 -1.33161e-13 -1.08962e-23 -2.81979e-14 -3.68133e-24 -5.30673e-15 -1.07687e-24 -8.90906e-16 -2.85616e-25 -1.33055e-16 -7.70771e-26 -1.74928e-17 -2.27504e-26 -1.97614e-18 -6.71507e-27 -1.80904e-19 -1.78363e-27 -1.09896e-20 -4.17881e-28  1.50523e-22 -8.79762e-29  1.72572e-22 -1.66194e-29  3.24122e-23 -2.74739e-30  4.28062e-24 -3.90417e-31  4.57667e-25  -4.7815e-32  4.12867e-26 -5.09049e-33  3.18467e-27 -4.68734e-34  2.10224e-28 -3.65779e-35  1.17921e-29 -2.36426e-36  5.54184e-31 -1.24225e-37  2.13359e-32 -5.19283e-39   6.5002e-34 -1.66028e-40  1.48221e-35 -3.75779e-42  2.28864e-37 -5.15508e-44  1.90121e-39 -2.75276e-46
-8.22684e-19  2.78919e-06  4.62551e-18 -4.27727e-05  2.40231e-18  0.000261769 -4.82917e-17 -0.000655152  1.35143e-16 -0.000482453 -2.46092e-16   0.00778556  3.10543e-16   -0.0225713 -1.62237e-16    0.0317046 -1.72305e-16   -0.0181927  3.38305e-16  -0.00643684 -1.55136e-16    0.0110916 -9.14556e-17   0.00207355  1.01927e-16  -0.00476779  1.84951e-17  -0.00188051 -5.32478e-17   0.00129595  1.35469e-17   0.00122942  2.15522e-17  0.000122821 -1.65496e-17 -0.000345921 -1.23525e-17 -0.000237456  7.60899e-18 -4.25835e-05  7.81962e-18  3.86296e-05 -1.27966e-19  3.63156e-05 -2.59187e-18  1.49258e-05 -1.29932e-18   1.9258e-06 -9.53882e-20 -1.79512e-06  3.40737e-19 -1.57371e-06  3.40786e-19 -7.28059e-07  1.60271e-19 -2.20515e-07  -8.4625e-21 -3.29458e-08 -7.20989e-20  9.37503e-09 -5.55831e-20  9.75976e-09 -2.07607e-20  4.67361e-09  9.04202e-23  1.65147e-09  5.73218e-21  4.68669e-10  4.38262e-21  1.07519e-10  1.97756e-21  1.86614e-11  5.66437e-22   1.6727e-12   7.1672e-23  -3.6618e-13 -2.46037e-23 -2.49242e-13 -2.14712e-23 -8.48829e-14 -9.89778e-24 -2.23781e-14 -3.60497e-24 -5.00948e-15 -1.11167e-24 -9.86488e-16  -3.0614e-25 -1.73793e-16 -8.23419e-26 -2.76318e-17 -2.27112e-26 -3.98253e-18 -6.07635e-27 -5.21285e-19 -1.47108e-27 -6.19658e-20 -3.17871e-28 -6.67968e-21 -6.21336e-29 -6.51182e-22 -1.09341e-29 -5.71845e-23 -1.68951e-30 -4.50008e-24 -2.25155e-31 -3.15254e-25 -2.58911e-32 -1.95001e-26 -2.58325e-33 -1.05429e-27 -2.22074e-34 -4.92062e-29 -1.61051e-35 -1.95214e-30 -9.61239e-37 -6.45629e-32 -4.61438e-38 -1.73526e-33 -1.73178e-39 -3.65615e-35 -4.82852e-41 -5.69385e-37 -9.02033e-43 -5.79331e-39 -8.89368e-45 -2.54686e-41
-4.99692e-08  -2.9029e-18  5.48119e-06  8.53083e-18 -8.38966e-05  5.45953e-18   0.00053608  -5.8999e-17  -0.00165822  1.42415e-16   0.00164999 -2.61254e-16   0.00524203  3.38269e-16   -0.0209798 -1.72305e-16    0.0303129 -1.72692e-16   -0.0148764  3.12633e-16  -0.00970073 -1.15466e-16    0.0103285 -1.02145e-16   0.00439513  8.51639e-17  -0.00424387  1.66063e-17  -0.00297395 -3.76112e-17  0.000688131  1.81091e-17   0.00144567  1.52992e-17  0.000476632 -2.00005e-17 -0.000227576 -1.27246e-17 -0.000288378  7.79914e-18 -0.000113744  8.66882e-18  6.09059e-06  7.77074e-19  3.36587e-05 -2.48783e-18  2.14339e-05 -1.67246e-18  7.14412e-06 -3.12237e-19  4.55756e-07  3.82419e-19 -1.04953e-06    4.464e-19 -7.81021e-07  2.09447e-19  -3.4431e-07 -1.13635e-20  -1.0642e-07 -8.87769e-20 -2.04615e-08 -6.68114e-20  5.28047e-10 -2.51213e-20  2.55711e-09 -7.03793e-22  1.38587e-09  6.05108e-21  5.19237e-10  4.77814e-21  1.56729e-10  2.22622e-21  3.98155e-11  6.97066e-22  8.57596e-12  1.32112e-22   1.5307e-12 -1.26342e-24   2.0692e-13 -1.41611e-23  1.28573e-14 -7.99828e-24 -3.55664e-15 -3.17571e-24 -1.74164e-15 -1.02568e-24 -4.75395e-16 -2.89746e-25 -1.02167e-16 -7.75071e-26 -1.87407e-17 -2.03537e-26 -3.02744e-18 -5.05151e-27 -4.37046e-19 -1.13123e-27 -5.67846e-20  -2.2704e-28 -6.66018e-21 -4.13128e-29 -7.05403e-22 -6.77377e-30 -6.73519e-23 -9.76996e-31  -5.7771e-24 -1.21785e-31 -4.42808e-25 -1.31013e-32 -3.01076e-26 -1.21954e-33 -1.79806e-27  -9.7353e-35 -9.30841e-29  -6.5161e-36  -4.1033e-30 -3.55798e-37  -1.5024e-31 -1.54063e-38  -4.4066e-33  -5.0963e-40 -9.78195e-35 -1.20276e-41 -1.48579e-36 -1.74716e-43 -1.22624e-38 -1.00156e-45
  7.0691e-19  6.87649e-07 -6.80352e-18   1.9309e-06  1.28346e-17 -0.000105101  8.35601e-18  0.000806788 -5.76175e-17  -0.00283799  1.25395e-16   0.00440834 -2.54746e-16   0.00158333   3.4764e-16   -0.0181927 -1.72692e-16    0.0281637 -1.63983e-16   -0.0115869   2.7541e-16   -0.0121294  -7.7843e-17   0.00881909 -9.92219e-17   0.00638999  5.83843e-17  -0.00317137  1.06874e-17  -0.00379731 -1.87005e-17 -0.000142039  2.52737e-17   0.00143372  1.00492e-17  0.000815304 -2.39503e-17 -2.22219e-05 -1.40786e-17 -0.000278036  7.44612e-18 -0.000174396  9.43376e-18 -3.90917e-05  1.74644e-18  1.86958e-05 -2.29552e-18  2.24092e-05 -1.95411e-18  1.14023e-05 -4.64263e-19  3.28268e-06  4.48207e-19  9.50301e-08   5.4989e-19 -5.02582e-07  2.51716e-19 -3.45545e-07 -1.60011e-20  -1.4928e-07 -1.03658e-19 -4.77542e-08 -7.63871e-20 -1.10602e-08 -2.89838e-20 -1.30081e-09 -1.65603e-21  3.44282e-10  6.07605e-21  2.97538e-10  4.97018e-21   1.2528e-10  2.38378e-21  4.02738e-11  7.99194e-22  1.08521e-11  1.86619e-22  2.53528e-12  2.19387e-23   5.2016e-13 -6.11438e-24  9.38046e-14 -5.57563e-24  1.47059e-14 -2.50285e-24  1.94136e-15 -8.50249e-25  1.96905e-16 -2.45532e-25  9.71801e-18 -6.53472e-26 -1.69289e-18 -1.65199e-26 -6.43548e-19 -3.86072e-27 -1.30771e-19 -8.08838e-28 -2.06261e-20 -1.51801e-28 -2.74016e-21 -2.58022e-29 -3.15735e-22  -3.9465e-30 -3.19207e-23  -5.3102e-31 -2.84057e-24  -6.1787e-32 -2.22072e-25 -6.19753e-33 -1.51629e-26 -5.35897e-34 -8.95436e-28  -3.9507e-35 -4.50874e-29 -2.42301e-36 -1.89683e-30 -1.19849e-37 -6.47449e-32 -4.61618e-39 -1.71495e-33 -1.31751e-40 -3.27393e-35  -2.5333e-42 -3.89536e-37 -2.60029e-44 -1.86568e-39
 -1.8555e-07   2.3653e-18  4.21533e-06  -1.2265e-17 -2.22393e-05  1.61095e-17 -4.35931e-05  9.62797e-18  0.000890885 -4.04094e-17  -0.00382042    8.603e-17   0.00723045 -2.30412e-16  -0.00252621  3.38305e-16   -0.0148764 -1.63983e-16    0.0258267 -1.48888e-16  -0.00865996   2.3292e-16   -0.0137439 -4.20194e-17   0.00685283 -8.75467e-17   0.00789201  2.54768e-17  -0.00171508  7.14599e-19  -0.00423716      5.7e-19   -0.0010685  3.48813e-17   0.00117673  7.02536e-18   0.00106559 -2.76455e-17  0.000235096 -1.62586e-17 -0.000197871  6.38928e-18 -0.000204785  9.82367e-18 -8.54749e-05  2.55778e-18 -6.38861e-06 -2.06967e-18  1.61176e-05 -2.09673e-18  1.27772e-05 -5.00288e-19  5.64472e-06  5.58415e-19  1.50529e-06   6.5367e-19   5.5656e-08  2.87378e-19  -1.9665e-07 -2.05126e-20 -1.33776e-07  -1.1485e-19 -5.78508e-08 -8.31732e-20 -1.91729e-08 -3.18205e-20  -5.0104e-09 -2.58413e-21 -9.68422e-10  5.83929e-21 -8.93593e-11  4.94726e-21  2.81663e-11  2.43264e-21  1.96037e-11  8.59264e-22  7.26376e-12  2.27507e-22  2.09638e-12  4.15626e-23  5.13793e-13  1.36774e-24  1.10596e-13 -3.07871e-24   2.1245e-14 -1.73426e-24  3.67081e-15 -6.31691e-25  5.72397e-16 -1.87219e-25  8.05572e-17 -4.97303e-26  1.02044e-17 -1.22005e-26  1.15653e-18 -2.71319e-27  1.16053e-19  -5.3647e-28  1.01227e-20 -9.47134e-29  7.40773e-22 -1.50937e-29  4.17629e-23  -2.1575e-30  1.27859e-24 -2.70845e-31 -6.66611e-26 -2.93705e-32 -1.49708e-26  -2.7387e-33 -1.47185e-27 -2.19061e-34 -1.03599e-28  -1.4831e-35 -5.65384e-30 -8.27124e-37 -2.41935e-31 -3.66608e-38 -7.96356e-33   -1.236e-39 -1.92274e-34 -2.96364e-41 -3.09523e-36  -4.3928e-43 -2.64694e-38 -2.59341e-45
-2.54417e-19 -6.64803e-07  5.24689e-18  1.23424e-05 -1.80587e-17 -8.07866e-05  1.66233e-17  0.000164818  8.69768e-18  0.000593118  -9.1259e-18  -0.00420032  3.33747e-17   0.00952058  -1.9498e-16  -0.00643684  3.12633e-16   -0.0115869 -1.48888e-16    0.0236723 -1.31674e-16  -0.00621871  1.91514e-16   -0.0146807  -6.7873e-18   0.00468083 -7.15282e-17   0.00884279 -9.93132e-18 -5.83565e-05 -1.29859e-17  -0.00425137  1.75634e-17  -0.00195919  4.60799e-17  0.000703573  6.94326e-18   0.00117127 -3.01366e-17  0.000495106 -1.87266e-17 -5.67859e-05  4.63661e-18 -0.000191524  9.53961e-18  -0.00011958  2.94016e-18 -3.55372e-05 -1.90751e-18  3.25875e-06  -2.0867e-18  1.01655e-05 -3.89638e-19  6.51293e-06  7.27854e-19  2.64223e-06  7.63235e-19  6.98762e-07  3.20809e-19  5.86926e-08 -2.10119e-20 -5.88237e-08 -1.19905e-19  -4.3641e-08 -8.59209e-20 -1.93354e-08 -3.30492e-20 -6.62117e-09 -3.24869e-21 -1.86142e-09  5.42458e-21 -4.32287e-10  4.73173e-21 -7.93942e-11  2.37228e-21 -9.43514e-12   8.7115e-22  3.65454e-13  2.50015e-22  6.41563e-13  5.51744e-23  2.41287e-13  7.26091e-24  6.56276e-14 -9.00499e-25  1.48509e-14 -1.00997e-24  2.93049e-15 -4.15417e-25  5.15027e-16 -1.28189e-25  8.14889e-17 -3.42279e-26   1.1673e-17 -8.21143e-27  1.51782e-18 -1.75209e-27  1.79256e-19 -3.29266e-28  1.92108e-20 -5.49688e-29   1.8641e-21 -8.24263e-30  1.63204e-22 -1.10344e-30    1.283e-23 -1.29301e-31  8.99836e-25 -1.30524e-32  5.58313e-26 -1.12842e-33  3.03079e-27 -8.31517e-35  1.41827e-28 -5.14016e-36   5.6059e-30 -2.58508e-37  1.81789e-31 -1.01413e-38  4.62747e-33 -2.93476e-40   8.5908e-35 -5.70218e-42  1.00603e-36 -5.93671e-44   4.7995e-39
-2.47012e-08 -8.14871e-19 -8.31307e-07  8.97783e-18  2.19434e-05 -2.23839e-17 -0.000168117  1.27626e-17  0.000533279  6.48545e-18 -0.000185253  2.94164e-17  -0.00371273  -2.0236e-17    0.0108567 -1.55136e-16  -0.00970073   2.7541e-16  -0.00865996 -1.31674e-16    0.0218644 -1.16994e-16  -0.00424485  1.56166e-16   -0.0151079  2.89261e-17   0.00248496 -5.40442e-17   0.00926017 -4.47205e-17   0.00163195  -2.9804e-17  -0.00385786  3.01996e-17  -0.00269943  5.74799e-17  7.76318e-05   9.9066e-18   0.00110344 -3.04812e-17  0.000706031 -2.06709e-17  0.000120911  2.39617e-18 -0.000131754  8.36983e-18  -0.00013003  2.64619e-18 -6.05638e-05 -1.92769e-18 -1.30278e-05 -1.95269e-18  3.83698e-06 -1.34749e-19  5.32589e-06  9.58337e-19  3.01297e-06  8.83754e-19  1.16852e-06  3.58778e-19  3.20783e-07 -1.24259e-20  4.69781e-08 -1.16169e-19 -1.01238e-08 -8.34185e-20 -1.11128e-08 -3.21144e-20 -5.29105e-09 -3.39354e-21 -1.88217e-09  4.95028e-21 -5.53687e-10  4.37421e-21 -1.39311e-10   2.2188e-21 -3.02253e-11  8.37127e-22 -5.59108e-12  2.53152e-22 -8.43592e-13  6.18001e-23 -8.87422e-14  1.10256e-23 -5.66868e-16   7.1098e-25  2.78101e-15 -4.27374e-25  9.21473e-16 -2.34052e-25  2.09094e-16 -7.79507e-26  3.88278e-17 -2.12306e-26  6.22536e-18 -5.02821e-27  8.81172e-19 -1.03745e-27  1.11232e-19 -1.86448e-28  1.25733e-20 -2.95698e-29  1.27329e-21 -4.18653e-30  1.15266e-22 -5.26044e-31  9.28547e-24 -5.75801e-32  6.61052e-25 -5.40567e-33  4.11922e-26   -4.322e-34  2.21747e-27 -2.92199e-35  1.01302e-28 -1.63907e-36  3.83084e-30 -7.36424e-38  1.15648e-31 -2.51979e-39  2.63314e-33 -6.10301e-41  4.08795e-35 -9.10635e-43  3.43639e-37 -5.43066e-45
-1.50665e-19 -3.33041e-07 -1.68257e-18  1.76256e-06  1.27181e-17  1.99837e-05 -2.36623e-17 -0.000242609   3.5768e-18  0.000982408  4.87842e-18  -0.00136959  6.61109e-17  -0.00233794  -6.3906e-17    0.0110916 -1.15466e-16   -0.0121294   2.3292e-16  -0.00621871 -1.16994e-16     0.020422 -1.08606e-16   -0.0026561  1.29574e-16   -0.0151758   6.5409e-17  0.000379137 -3.63417e-17   0.00920455 -7.63201e-17   0.00322265 -4.88655e-17   -0.0031163  3.70527e-17  -0.00320519  6.73927e-17 -0.000618234  1.54527e-17  0.000863522 -2.79414e-17  0.000824592 -2.11955e-17  0.000301306  4.63699e-20 -3.42513e-05  6.26833e-18 -0.000111091  1.53046e-18 -7.37125e-05 -2.23411e-18 -2.80921e-05 -1.75837e-18 -4.54484e-06  2.26528e-19  2.27011e-06  1.23485e-18  2.39659e-06  1.01641e-18  1.26134e-06  4.07657e-19  4.80059e-07  9.91929e-21  1.38807e-07 -1.01488e-19  2.79378e-08 -7.48005e-20  1.61186e-09 -2.86298e-20 -1.75565e-09 -2.81181e-21 -1.07464e-09  4.53888e-21 -4.12978e-10  3.94031e-21  -1.2675e-10  2.00012e-21 -3.32039e-11  7.66479e-22 -7.62714e-12  2.39394e-22 -1.55451e-12  6.19037e-23 -2.82102e-13  1.26392e-23 -4.54389e-14  1.68031e-24 -6.42223e-15 -2.78334e-26 -7.75524e-16 -1.02783e-25  -7.4822e-17  -4.0911e-26 -4.48962e-18 -1.17315e-26  1.83131e-19 -2.78455e-27  1.10035e-19 -5.60726e-28    2.124e-20 -9.69854e-29  2.98814e-21 -1.46795e-29  3.44362e-22 -1.96905e-30  3.37186e-23 -2.32752e-31  2.83985e-24  -2.3817e-32  2.05981e-25  -2.0777e-33  1.27924e-26 -1.53243e-34  6.72215e-28 -9.46427e-36  2.93316e-29 -4.78454e-37  1.03306e-30  -1.8996e-38   2.8109e-32 -5.56652e-40  5.49053e-34 -1.08977e-41  6.65996e-36 -1.13931e-43  3.24092e-38
 3.97858e-08 -4.14887e-19 -1.33192e-06 -2.61805e-18  1.09165e-05  1.57146e-17  -1.4497e-05 -2.12566e-17 -0.000231144 -1.06211e-17   0.00134653  5.46814e-18  -0.00271802  9.29308e-17 -0.000291885 -9.14556e-17    0.0103285  -7.7843e-17   -0.0137439  1.91514e-16  -0.00424485 -1.08606e-16    0.0192931 -1.08493e-16  -0.00135953   1.1205e-16   -0.0149984  1.02041e-16  -0.00157464 -1.85147e-17   0.00875316 -1.02689e-16   0.00461798  -6.9087e-17  -0.00210991  3.73223e-17  -0.00342765  7.41028e-17   -0.0012964  2.26968e-17  0.000480411 -2.21454e-17  0.000824048 -1.95419e-17  0.000448527 -1.94516e-18  8.25529e-05  3.39083e-18 -6.45538e-05 -3.92544e-19  -7.0145e-05 -2.87683e-18 -3.72963e-05 -1.58105e-18 -1.24596e-05  6.30748e-19 -1.74866e-06  1.52758e-18  9.54889e-07  1.15637e-18   9.2391e-07  4.70696e-19  4.69571e-07  4.85427e-20  1.77994e-07  -7.5056e-20  5.38302e-08 -5.99233e-20  1.28781e-08 -2.25432e-20    2.172e-09 -1.41969e-21  8.72742e-11  4.28125e-21 -1.15057e-10  3.49332e-21  -6.0299e-11  1.74831e-21 -2.04713e-11  6.72417e-22 -5.61785e-12  2.13507e-22 -1.32794e-12   5.6979e-23 -2.77777e-13  1.24772e-23 -5.21206e-14  2.07606e-24 -8.83561e-15  1.96515e-25 -1.35813e-15 -2.14066e-26 -1.89529e-16 -1.71174e-26 -2.40022e-17 -5.61587e-27 -2.75324e-18 -1.37574e-27 -2.85135e-19 -2.74231e-28 -2.65369e-20  -4.6026e-29 -2.20565e-21 -6.68468e-30  -1.6239e-22 -8.52798e-31 -1.04781e-23 -9.50685e-32 -5.84213e-25  -9.1026e-33 -2.76097e-26 -7.37243e-34 -1.07593e-27 -5.00283e-35 -3.31241e-29 -2.80906e-36 -7.45872e-31 -1.26973e-37 -1.01631e-32 -4.39599e-39 -1.63903e-35 -1.07705e-40  2.06517e-36 -1.61709e-42  2.84092e-38 -9.67094e-45
 2.45181e-19  6.68547e-08 -8.38177e-19 -2.84207e-06 -3.32743e-18  2.78576e-05  1.78408e-17 -9.68237e-05  -1.5733e-17  -6.2413e-05 -2.79103e-17   0.00143439  8.54126e-18  -0.00390723  1.05175e-16   0.00207355 -1.02145e-16   0.00881909 -4.20194e-17   -0.0146807  1.56166e-16   -0.0026561 -1.08493e-16    0.0184072 -1.16665e-16 -0.000276623  1.02097e-16    -0.014655  1.37564e-16  -0.00334835 -9.71823e-20   0.00798432 -1.22295e-16   0.00575581  -8.9297e-17 -0.000931023  3.07497e-17  -0.00335162  7.61318e-17  -0.00187641  3.05141e-17  3.67647e-06 -1.31967e-17  0.000698313 -1.52905e-17  0.000532347 -3.13257e-18  0.000194914  7.48315e-20  5.32789e-07 -2.93174e-18 -4.95358e-05 -3.82443e-18 -3.75742e-05 -1.48425e-18 -1.74145e-05  1.00762e-18 -5.43559e-06  1.79961e-18 -8.25737e-07  1.29324e-18  2.78515e-07  5.46464e-19  2.95891e-07  1.02577e-19  1.50664e-07 -3.80432e-20  5.74269e-08 -3.96423e-20  1.79114e-08 -1.42515e-20  4.68178e-09  6.91996e-22  1.01476e-09  4.20891e-21  1.71005e-10  3.07898e-21  1.65612e-11  1.49192e-21 -2.12027e-12  5.68521e-22 -1.68549e-12  1.81021e-22   -5.683e-13  4.89659e-23 -1.45426e-13  1.11184e-23 -3.13906e-14  2.05041e-24 -5.93993e-15  2.84061e-25 -1.00309e-15  1.98793e-26 -1.52551e-16 -3.99962e-27 -2.09882e-17 -2.16047e-27 -2.61682e-18 -5.88162e-28 -2.95609e-19 -1.19282e-28  -3.0201e-20 -1.96903e-29 -2.78139e-21 -2.76627e-30 -2.29802e-22 -3.37431e-31 -1.69221e-23 -3.55923e-32 -1.10101e-24 -3.19277e-33 -6.25714e-26 -2.39893e-34 -3.05879e-27 -1.49341e-35 -1.25953e-28 -7.58222e-37 -4.24053e-30 -3.03551e-38 -1.11618e-31 -9.01056e-40 -2.13285e-33 -1.78476e-41 -2.55792e-35 -1.87704e-43 -1.24323e-37
