 1.28211e-06  2.48054e-08  1.23318e-05   1.3833e-07  4.86167e-05  4.20427e-07    0.0001195  8.60495e-07  0.000207396  1.27985e-06  0.000265504  1.40722e-06  0.000248082  1.09011e-06  0.000150831  4.50715e-07   2.1233e-05 -1.80528e-07 -7.45751e-05 -5.04841e-07 -9.89456e-05 -4.53001e-07 -6.29636e-05 -1.84129e-07 -7.90864e-06  7.50872e-08  2.91727e-05   1.8995e-07  3.61128e-05  1.62262e-07  2.26527e-05  7.09062e-08  5.02705e-06 -9.10274e-09 -6.35427e-06 -4.66692e-08 -9.66731e-06 -4.83534e-08 -7.99046e-06 -3.39191e-08 -4.90622e-06 -1.85496e-08 -2.41479e-06 -8.26911e-09 -9.78564e-07 -3.05157e-09 -3.28958e-07 -9.33573e-10 -9.13952e-08 -2.34785e-10 -2.07119e-08   -4.766e-11  -3.7372e-09 -7.56846e-12 -5.15605e-10 -8.91777e-13 -5.06832e-11 -7.07133e-14 -3.07807e-12 -3.00483e-15 -7.47753e-14
 2.48054e-08  1.73998e-05   2.3899e-07  9.71671e-05  9.43233e-07  0.000295561  2.31963e-06   0.00060501  4.02457e-06  0.000899103  5.14413e-06  0.000986011  4.78629e-06  0.000758415   2.8721e-06  0.000304104  3.37189e-07 -0.000141617 -1.52058e-06  -0.00036689 -1.96805e-06 -0.000324073 -1.23266e-06 -0.000128224 -1.33616e-07  5.82358e-05  5.98598e-07  0.000139573  7.28465e-07  0.000118131  4.53905e-07  5.12718e-05  9.93353e-08 -6.86993e-06  -1.2849e-07 -3.40406e-05 -1.94315e-07 -3.51681e-05 -1.60328e-07   -2.464e-05 -9.83559e-08  -1.3466e-05 -4.83841e-08 -6.00037e-06 -1.96003e-08  -2.2137e-06 -6.58731e-09 -6.77101e-07 -1.82984e-09 -1.70258e-07 -4.14618e-10 -3.45568e-08 -7.48032e-11   -5.487e-09 -1.03191e-11 -6.46445e-10 -1.01422e-12 -5.12533e-11 -6.15874e-14 -2.17761e-12 -1.49592e-15
 1.23318e-05   2.3899e-07   0.00011898  1.33618e-06  0.000470024  4.06718e-06    0.0011564  8.32666e-06   0.00200595  1.23663e-05   0.00256083  1.35336e-05    0.0023746  1.03497e-05   0.00140955  4.04291e-06   0.00013762 -2.11557e-06 -0.000788428 -5.18915e-06  -0.00100187 -4.53169e-06 -0.000620626 -1.76034e-06 -6.01175e-05  8.56124e-07  0.000310817  1.98739e-06  0.000374661  1.67542e-06  0.000233234  7.29064e-07  5.17866e-05 -9.16531e-08 -6.46867e-05 -4.75423e-07 -9.84752e-05 -4.92436e-07 -8.13548e-05  -3.4526e-07 -4.99283e-05 -1.88729e-07 -2.45639e-05 -8.40996e-08 -9.95054e-06 -3.10246e-08 -3.34388e-06 -9.48827e-09 -9.28732e-07 -2.38542e-09 -2.10397e-07 -4.84057e-10 -3.79497e-08 -7.68398e-11 -5.23368e-09 -9.05009e-12 -5.14236e-10 -7.17291e-13 -3.12149e-11 -3.04639e-14 -7.57879e-13
  1.3833e-07  9.71671e-05  1.33618e-06  0.000543777  5.28258e-06   0.00165617  1.30018e-05   0.00339125  2.25519e-05   0.00503448  2.87662e-05   0.00550166  2.66088e-05   0.00418953  1.56666e-05   0.00160369  1.28932e-06 -0.000913799 -9.13496e-06   -0.0021601 -1.14673e-05  -0.00187368 -7.06445e-06 -0.000722067 -6.51204e-07  0.000360925  3.58467e-06   0.00082877  4.31424e-06  0.000700025  2.70103e-06   0.00030876  6.28224e-07 -3.13024e-05 -7.07171e-07 -0.000191419 -1.10144e-06 -0.000200145 -9.14559e-07 -0.000140757 -5.62385e-07 -7.70436e-05 -2.76931e-07 -3.43517e-05 -1.12223e-07  -1.2675e-05 -3.77153e-08 -3.87627e-06 -1.04737e-08 -9.74321e-07  -2.3721e-09 -1.97647e-07 -4.27695e-10  -3.1361e-08 -5.89551e-11 -3.69169e-09  -5.7893e-12 -2.92414e-10 -3.51186e-13 -1.24103e-11 -8.52022e-15
 4.86167e-05  9.43233e-07  0.000470024  5.28258e-06   0.00185939  1.60971e-05   0.00457815  3.29687e-05   0.00794151  4.89382e-05    0.0101261  5.34398e-05   0.00935406  4.05949e-05   0.00548041  1.53408e-05  0.000396741 -9.22167e-06  -0.00328438 -2.13488e-05  -0.00409903 -1.84864e-05  -0.00252727 -7.15682e-06  -0.00024181  3.50923e-06   0.00127306  8.15671e-06    0.0015438   6.9506e-06  0.000979633  3.14649e-06  0.000246592 -1.86781e-07 -0.000230037 -1.77914e-06  -0.00037553   -1.896e-06 -0.000315017 -1.34176e-06 -0.000194505 -7.36459e-07 -9.59629e-05 -3.28801e-07 -3.89222e-05 -1.21387e-07 -1.30845e-05 -3.71253e-08 -3.63327e-06 -9.32934e-09 -8.22557e-07 -1.89159e-09 -1.48221e-07 -2.99935e-10 -2.04155e-08 -3.52771e-11 -2.00291e-09 -2.79145e-12 -1.21369e-10 -1.18336e-13 -2.94099e-12
 4.20427e-07  0.000295561  4.06718e-06   0.00165617  1.60971e-05   0.00504874   3.9648e-05    0.0103437  6.87948e-05    0.0153577  8.77357e-05    0.0167723  8.10446e-05    0.0127369  4.74338e-05   0.00479602  3.27787e-06  -0.00293818 -2.87624e-05  -0.00677118 -3.59394e-05  -0.00588752 -2.23423e-05  -0.00232353 -2.43205e-06   0.00105529  1.08989e-05   0.00255686  1.34686e-05   0.00221669  8.74348e-06   0.00104459  2.45505e-06  1.19509e-06 -1.70094e-06 -0.000509276 -3.03631e-06 -0.000561657 -2.59355e-06 -0.000401861 -1.61292e-06 -0.000221655 -7.98475e-07  -9.9195e-05  -3.2438e-07 -3.66589e-05 -1.09111e-07 -1.12144e-05 -3.02958e-08 -2.81721e-06 -6.85516e-09 -5.70795e-07 -1.23416e-09 -9.04122e-08 -1.69789e-10 -1.06199e-08 -1.66335e-11 -8.39034e-10 -1.00624e-12 -3.55051e-11 -2.43369e-14
   0.0001195  2.31963e-06    0.0011564  1.30018e-05   0.00457815   3.9648e-05    0.0112804  8.12652e-05    0.0195835  0.000120739    0.0249971  0.000132012     0.023127  0.000100477    0.0135853  3.81246e-05   0.00100267 -2.28662e-05  -0.00818411 -5.34427e-05   -0.0103234 -4.69859e-05  -0.00652825 -1.92206e-05 -0.000870292   7.4823e-06   0.00298715  1.97443e-05   0.00381981   1.7606e-05   0.00256594  8.77404e-06  0.000824429  7.01143e-07 -0.000356556 -3.39184e-06 -0.000764173 -3.98189e-06 -0.000673773 -2.90334e-06 -0.000424175 -1.61475e-06 -0.000211202 -7.25541e-07 -8.60372e-05 -2.68618e-07  -2.8971e-05 -8.22122e-08 -8.04392e-06 -2.06439e-08 -1.81871e-06 -4.17811e-09 -3.26984e-07 -6.60734e-10 -4.49018e-08  -7.7451e-11 -4.38894e-09 -6.10413e-12  -2.6481e-10 -2.57581e-13 -6.38554e-12
 8.60495e-07   0.00060501  8.32666e-06   0.00339125  3.29687e-05    0.0103437  8.12652e-05    0.0212138  0.000141204    0.0315567  0.000180547     0.034587  0.000167631     0.026468  9.93911e-05    0.0102554  8.75274e-06  -0.00572889 -5.81722e-05   -0.0139108  -7.4852e-05   -0.0124735 -4.86618e-05  -0.00538734 -8.30929e-06   0.00159316  1.99882e-05   0.00495619  2.70583e-05   0.00461401  1.90817e-05   0.00247503  7.15576e-06  0.000434896 -1.25477e-06 -0.000653816 -4.44549e-06 -0.000872104 -4.16126e-06 -0.000658083 -2.67736e-06 -0.000371381 -1.34656e-06 -0.000168039 -5.51185e-07 -6.24107e-05 -1.85952e-07 -1.91183e-05 -5.16343e-08 -4.79776e-06 -1.16603e-08 -9.69338e-07  -2.0918e-09 -1.52893e-07 -2.86388e-10  -1.7862e-08 -2.78896e-11 -1.40209e-09 -1.67543e-12 -5.88893e-11    -4.02e-14
 0.000207396  4.02457e-06   0.00200595  2.25519e-05   0.00794151  6.87948e-05    0.0195835  0.000141204    0.0340717  0.000210455    0.0436874  0.000231602    0.0408059  0.000178896    0.0245891  7.18771e-05   0.00279434 -3.49731e-05   -0.0135846 -9.14453e-05   -0.0180854 -8.45692e-05   -0.0122442 -3.93387e-05  -0.00273024  6.91925e-06   0.00422352  3.07252e-05   0.00628969  3.05348e-05   0.00474687  1.79881e-05    0.0021084  5.15611e-06  0.000132925 -2.20879e-06 -0.000712998 -4.23404e-06 -0.000766148 -3.43616e-06 -0.000515174 -1.99576e-06 -0.000264207 -9.15234e-07 -0.000109145 -3.41992e-07 -3.69585e-05 -1.04953e-07 -1.02654e-05  -2.6312e-08 -2.31334e-06  -5.2999e-09 -4.13383e-07 -8.32031e-10 -5.62897e-08 -9.66098e-11 -5.44461e-09 -7.52722e-12 -3.24444e-10 -3.13407e-13 -7.71207e-12
 1.27985e-06  0.000899103  1.23663e-05   0.00503448  4.89382e-05    0.0153577  0.000120739    0.0315567  0.000210455    0.0471683  0.000270995    0.0522302  0.000255453    0.0409235   0.00015776    0.0173466  2.40608e-05  -0.00664358 -7.90569e-05   -0.0199144 -0.000111212   -0.0192878 -7.96895e-05  -0.00987009 -2.32654e-05  0.000336894   2.0511e-05   0.00607138  3.63166e-05   0.00668454  3.01554e-05   0.00443004  1.60467e-05   0.00181973  4.42336e-06  0.000155077  -1.3804e-06 -0.000465301 -2.71562e-06 -0.000477145 -2.06822e-06 -0.000298901 -1.11404e-06 -0.000141653 -4.70508e-07 -5.37047e-05 -1.60741e-07 -1.65554e-05 -4.46892e-08 -4.14226e-06 -1.00256e-08 -8.28747e-07 -1.77588e-09 -1.28726e-07 -2.38826e-10 -1.47361e-08 -2.27354e-11 -1.12804e-09 -1.32872e-12 -4.59786e-11 -3.08593e-14
 0.000265504  5.14413e-06   0.00256083  2.87662e-05    0.0101261  8.77357e-05    0.0249971  0.000180547    0.0436874  0.000270995    0.0566048  0.000302812     0.054079  0.000242215    0.0345841  0.000110397    0.0071562 -2.75464e-05   -0.0148005 -0.000108773   -0.0227836  -0.00011285   -0.0176485 -6.49963e-05  -0.00670716 -8.07457e-06   0.00255371  2.78141e-05   0.00669087  3.65331e-05   0.00639481  2.81258e-05   0.00412413  1.53932e-05   0.00190607  5.85178e-06  0.000556062  1.05845e-06   2.6144e-06 -4.68107e-07 -0.000115288 -5.62572e-07 -8.49612e-05 -3.19311e-07 -4.01002e-05 -1.29743e-07 -1.42766e-05 -4.08432e-08  -3.9901e-06 -1.01412e-08 -8.78381e-07  -1.9706e-09 -1.49634e-07 -2.91473e-10 -1.89667e-08 -3.11029e-11  -1.6625e-09 -2.16167e-12 -8.67703e-11 -7.71348e-14 -1.72109e-12
 1.40722e-06  0.000986011  1.35336e-05   0.00550166  5.34398e-05    0.0167723  0.000132012     0.034587  0.000231602    0.0522302  0.000302812     0.059138   0.00029495    0.0487104  0.000197897    0.0243733  5.53114e-05  -0.00218922 -6.51019e-05   -0.0192038 -0.000117476   -0.0221467 -0.000101342   -0.0147323 -4.97276e-05   -0.0043357  1.92068e-07   0.00330801  2.83006e-05    0.0063724  3.40829e-05   0.00599655  2.71102e-05   0.00418878  1.70022e-05   0.00239283  8.93916e-06   0.00116738  4.07462e-06  0.000500185  1.65011e-06  0.000192381  6.05148e-07   6.7453e-05  2.03074e-07  2.16446e-05  6.21214e-08  6.27994e-06   1.6976e-08  1.60265e-06  4.00631e-09  3.45943e-07  7.81368e-10  6.01232e-08  1.19064e-10    7.875e-09  1.30666e-11  6.98986e-10  8.89457e-13  3.33029e-11  2.42172e-14
 0.000248082  4.78629e-06    0.0023746  2.66088e-05   0.00935406  8.10446e-05     0.023127  0.000167631    0.0408059  0.000255453     0.054079   0.00029495    0.0541806  0.000253259    0.0387995  0.000142348    0.0144955  1.29916e-05  -0.00771697 -7.98664e-05   -0.0195823 -0.000110008   -0.0197177 -8.73165e-05   -0.0124209 -4.13157e-05  -0.00354452  6.47292e-07   0.00292002   2.5184e-05   0.00581333   3.2197e-05   0.00591637  2.81546e-05   0.00461141   1.9964e-05   0.00301152  1.20993e-05   0.00170171  6.39152e-06  0.000841397   2.9583e-06  0.000364285  1.19635e-06   0.00013732  4.19266e-07  4.45988e-05  1.25717e-07   1.2292e-05  3.16837e-08  2.81541e-06  6.54715e-09  5.20254e-07  1.07016e-09   7.4194e-08  1.30803e-10  7.58776e-09  1.08173e-11  4.81574e-10  4.81162e-13  1.22625e-11
 1.09011e-06  0.000758415  1.03497e-05   0.00418953  4.05949e-05    0.0127369  0.000100477     0.026468  0.000178896    0.0409235  0.000242215    0.0487104  0.000253259    0.0444349  0.000198252     0.028807  9.79612e-05   0.00832711 -5.93288e-06  -0.00891598 -7.62749e-05   -0.0177343 -9.80705e-05   -0.0176368  -7.9478e-05   -0.0116741 -4.10288e-05  -0.00399003 -3.01033e-06   0.00220878  2.22803e-05   0.00551136  3.20056e-05   0.00610325  2.99263e-05   0.00501957  2.21236e-05   0.00337786  1.36565e-05   0.00192168   7.1805e-06  0.000935222  3.23604e-06  0.000390176  1.24855e-06   0.00013899  4.09703e-07  4.18896e-05  1.12994e-07  1.05241e-05  2.57169e-08  2.15519e-06    4.699e-09   3.4769e-07  6.60408e-10  4.18292e-08  6.64122e-11  3.39885e-09  4.13883e-12  1.48381e-10  1.03398e-13
 0.000150831   2.8721e-06   0.00140955  1.56666e-05   0.00548041  4.74338e-05    0.0135853  9.93911e-05    0.0245891   0.00015776    0.0345841  0.000197897    0.0387995  0.000198252    0.0344479  0.000153318    0.0223705  7.67931e-05    0.0065912 -5.36944e-06  -0.00761344 -6.67585e-05   -0.0159998 -9.14256e-05   -0.0170136 -7.94486e-05   -0.0121299 -4.47272e-05  -0.00473906 -6.40414e-06   0.00174171  2.08113e-05   0.00538094  3.17878e-05   0.00609087  2.97781e-05   0.00495152  2.15342e-05   0.00323131  1.27939e-05   0.00175747  6.39175e-06  0.000808044  2.70665e-06  0.000315097  9.71003e-07  0.000103816  2.93082e-07  2.86121e-05  7.34453e-08  6.48514e-06  1.49581e-08  1.17708e-06  2.39465e-09  1.64016e-07  2.85408e-10  1.63293e-08  2.29458e-11  1.00635e-09  9.90133e-13  2.48393e-11
 4.50715e-07  0.000304104  4.04291e-06   0.00160369  1.53408e-05   0.00479602  3.81246e-05    0.0102554  7.18771e-05    0.0173466  0.000110397    0.0243733  0.000142348     0.028807  0.000153318    0.0279478  0.000131279    0.0203583  7.54162e-05   0.00746649  1.83249e-06  -0.00628598 -6.18582e-05   -0.0156036 -9.19693e-05   -0.0174676 -8.27011e-05    -0.012755 -4.75468e-05  -0.00516523 -8.25049e-06   0.00139943  1.87116e-05   0.00487877  2.85403e-05   0.00537484  2.57134e-05   0.00417089  1.76511e-05   0.00257191  9.86924e-06   0.00131154   4.6064e-06  0.000561363  1.80926e-06  0.000202263  5.97266e-07  6.10458e-05  1.64314e-07  1.52476e-05  3.70723e-08  3.08759e-06  6.68338e-09  4.90502e-07  9.23343e-10  5.79178e-08   9.1006e-11  4.60654e-09  5.54485e-12  1.96391e-10  1.35133e-13
  2.1233e-05  3.37189e-07   0.00013762  1.28932e-06  0.000396741  3.27787e-06   0.00100267  8.75274e-06   0.00279434  2.40608e-05    0.0071562  5.53114e-05    0.0144955  9.79612e-05    0.0223705  0.000131279    0.0258544  0.000128989     0.020966  8.07882e-05   0.00839612  4.63362e-06  -0.00623361 -6.36272e-05   -0.0161419 -9.48277e-05   -0.0178819 -8.39854e-05   -0.0128829   -4.822e-05  -0.00542967 -1.09513e-05  0.000574709  1.27568e-05   0.00349575  2.04725e-05   0.00379895  1.77731e-05   0.00280666  1.15277e-05   0.00162622  6.02912e-06  0.000772612  2.61172e-06  0.000305744  9.44664e-07  0.000101017  2.84629e-07  2.76826e-05  7.06791e-08  6.19856e-06  1.41815e-08  1.10562e-06  2.22589e-09  1.50712e-07  2.58985e-10  1.46178e-08  2.02438e-11  8.74128e-10  8.45885e-13  2.08494e-11
-1.80528e-07 -0.000141617 -2.11557e-06 -0.000913799 -9.22167e-06  -0.00293818 -2.28662e-05  -0.00572889 -3.49731e-05  -0.00664358 -2.75464e-05  -0.00218922  1.29916e-05   0.00832711  7.67931e-05    0.0203583  0.000128989    0.0263713  0.000133343    0.0215982  8.16036e-05   0.00804086  9.41009e-07  -0.00702091 -6.68661e-05   -0.0164263 -9.44589e-05   -0.0175697 -8.21508e-05   -0.0127319 -4.95285e-05  -0.00620167 -1.78777e-05  -0.00121895  1.56917e-06    0.0012048  8.49586e-06   0.00167642  7.97903e-06   0.00125474  5.06874e-06  0.000697558  2.50783e-06  0.000310144  1.00759e-06  0.000112927  3.32792e-07  3.38128e-05  9.01573e-08  8.26119e-06  1.97741e-08  1.61663e-06   3.4252e-09  2.45341e-07  4.49399e-10  2.73434e-08  4.15353e-11  2.02505e-09  2.33829e-12  7.90855e-11  5.16943e-14
-7.45751e-05 -1.52058e-06 -0.000788428 -9.13496e-06  -0.00328438 -2.87624e-05  -0.00818411 -5.81722e-05   -0.0135846 -7.90569e-05   -0.0148005 -6.51019e-05  -0.00771697 -5.93288e-06    0.0065912  7.54162e-05     0.020966  0.000133343    0.0268923  0.000132927    0.0209006  7.58041e-05   0.00687177 -3.73903e-06  -0.00739681  -6.5802e-05   -0.0157633 -8.99065e-05   -0.0168209 -8.04272e-05   -0.0130416 -5.49952e-05  -0.00793655 -2.98961e-05  -0.00385197 -1.28932e-05  -0.00146129 -4.22402e-06   -0.0003996 -8.98383e-07 -5.45653e-05 -1.86895e-08  1.32736e-05  7.75844e-08  1.10383e-05  3.54215e-08  3.50365e-06   8.0376e-09  5.14229e-07  4.23619e-10 -5.76312e-08 -3.85104e-10 -5.25098e-08 -1.56418e-10 -1.43919e-08 -3.19054e-11  -2.2431e-09 -3.77285e-12 -1.94144e-10 -2.20628e-13 -6.31256e-12
-5.04841e-07  -0.00036689 -5.18915e-06   -0.0021601 -2.13488e-05  -0.00677118 -5.34427e-05   -0.0139108 -9.14453e-05   -0.0199144 -0.000108773   -0.0192038 -7.98664e-05  -0.00891598 -5.36944e-06   0.00746649  8.07882e-05    0.0215982  0.000132927    0.0260599  0.000125727    0.0193735  6.91513e-05   0.00619355 -3.43614e-06  -0.00666514  -5.9692e-05   -0.0145205 -8.48918e-05   -0.0164565 -8.25452e-05   -0.0142447 -6.49984e-05    -0.010348 -4.39833e-05  -0.00656736 -2.63063e-05  -0.00371358 -1.40899e-05  -0.00188538 -6.77866e-06 -0.000858524 -2.91586e-06 -0.000347944 -1.10987e-06 -0.000123925 -3.68335e-07 -3.81428e-05 -1.04594e-07 -9.93377e-06 -2.48151e-08 -2.13025e-06 -4.76548e-09  -3.6225e-07 -7.07587e-10 -4.61249e-08 -7.54134e-11 -3.97618e-09 -4.98978e-12 -1.84393e-10 -1.32466e-13
-9.89456e-05 -1.96805e-06  -0.00100187 -1.14673e-05  -0.00409903 -3.59394e-05   -0.0103234  -7.4852e-05   -0.0180854 -0.000111212   -0.0227836 -0.000117476   -0.0195823 -7.62749e-05  -0.00761344  1.83249e-06   0.00839612  8.16036e-05    0.0209006  0.000125727    0.0243857  0.000117652    0.0183597  6.77765e-05    0.0067069  2.41792e-06  -0.00526276 -5.27273e-05   -0.0136019 -8.34043e-05   -0.0169019 -8.84981e-05   -0.0159201  -7.5574e-05   -0.0124806 -5.48107e-05  -0.00841437 -3.44522e-05  -0.00493907 -1.88977e-05  -0.00253156 -9.04562e-06  -0.00113038 -3.76187e-06 -0.000436972 -1.34845e-06 -0.000144815 -4.11732e-07 -4.05713e-05 -1.05321e-07 -9.42053e-06 -2.20425e-08 -1.76183e-06 -3.64458e-09 -2.54073e-07 -4.50375e-10 -2.62687e-08  -3.7656e-11  -1.6858e-09 -1.69403e-12  -4.3427e-11
-4.53001e-07 -0.000324073 -4.53169e-06  -0.00187368 -1.84864e-05  -0.00588752 -4.69859e-05   -0.0124735 -8.45692e-05   -0.0192878  -0.00011285   -0.0221467 -0.000110008   -0.0177343 -6.67585e-05  -0.00628598  4.63362e-06   0.00804086  7.58041e-05    0.0193735  0.000117652    0.0232265  0.000114929    0.0185656  7.21399e-05   0.00792391  9.25162e-06  -0.00416735 -4.91594e-05   -0.0134383 -8.51719e-05   -0.0176327 -9.35864e-05   -0.0169596 -8.06622e-05   -0.0132802 -5.78775e-05  -0.00877974   -3.538e-05  -0.00497332 -1.85933e-05  -0.00242582 -8.41554e-06  -0.00101801  -3.2701e-06 -0.000365596 -1.08273e-06 -0.000111261 -3.01727e-07 -2.82614e-05 -6.94695e-08 -5.85786e-06 -1.28542e-08 -9.57469e-07 -1.83121e-09 -1.16814e-07 -1.86833e-10 -9.63436e-09 -1.18235e-11 -4.27287e-10 -3.00206e-13
-6.29636e-05 -1.23266e-06 -0.000620626 -7.06445e-06  -0.00252727 -2.23423e-05  -0.00652825 -4.86618e-05   -0.0122442 -7.96895e-05   -0.0176485 -0.000101342   -0.0197177 -9.80705e-05   -0.0159998 -6.18582e-05  -0.00623361  9.41009e-07   0.00687177  6.91513e-05    0.0183597  0.000114929    0.0232914   0.00011797    0.0194738  7.74172e-05   0.00881302  1.26014e-05  -0.00381798 -4.85388e-05    -0.013431 -8.49673e-05   -0.0174372 -9.13204e-05    -0.016271 -7.58607e-05   -0.0122116 -5.19147e-05  -0.00766576 -3.00101e-05   -0.0040905 -1.48018e-05  -0.00186578 -6.24217e-06  -0.00072683 -2.24286e-06 -0.000240361 -6.80736e-07 -6.67178e-05 -1.72044e-07 -1.52694e-05 -3.54181e-08 -2.80414e-06 -5.74193e-09 -3.95995e-07 -6.94075e-10 -4.00113e-08 -5.66663e-11 -2.50552e-09 -2.48591e-12 -6.29045e-11
-1.84129e-07 -0.000128224 -1.76034e-06 -0.000722067 -7.15682e-06  -0.00232353 -1.92206e-05  -0.00538734 -3.93387e-05  -0.00987009 -6.49963e-05   -0.0147323 -8.73165e-05   -0.0176368 -9.14256e-05   -0.0156036 -6.36272e-05  -0.00702091 -3.73903e-06   0.00619355  6.77765e-05    0.0185656   0.00011797    0.0240536   0.00012183    0.0200216  7.90098e-05   0.00892994  1.30467e-05  -0.00356241 -4.52702e-05   -0.0123035  -7.6118e-05   -0.0152395 -7.77211e-05   -0.0134651  -6.0961e-05  -0.00951712 -3.91924e-05   -0.0055992 -2.11822e-05  -0.00278656 -9.71893e-06  -0.00117911  -3.7909e-06 -0.000423449  -1.2511e-06 -0.000128091 -3.45705e-07 -3.21937e-05 -7.86094e-08 -6.57932e-06   -1.432e-08 -1.05728e-06 -2.00316e-09 -1.26516e-07 -2.00236e-10 -1.02125e-08 -1.23899e-11 -4.42427e-10 -3.06999e-13
-7.90864e-06 -1.33616e-07 -6.01175e-05 -6.51204e-07  -0.00024181 -2.43205e-06 -0.000870292 -8.30929e-06  -0.00273024 -2.32654e-05  -0.00670716 -4.97276e-05   -0.0124209  -7.9478e-05   -0.0170136 -9.19693e-05   -0.0161419 -6.68661e-05  -0.00739681 -3.43614e-06    0.0067069  7.21399e-05    0.0194738   0.00012183    0.0244405   0.00012185    0.0197636  7.75961e-05   0.00896635   1.6444e-05  -0.00208381 -3.26455e-05  -0.00902825 -5.52575e-05    -0.010837 -5.38748e-05  -0.00907111 -3.98274e-05   -0.0060196  -2.3963e-05  -0.00330466 -1.20509e-05  -0.00152592 -5.11475e-06 -0.000595354 -1.83304e-06 -0.000195678  -5.5122e-07 -5.36643e-05 -1.37296e-07 -1.20762e-05  -2.7731e-08 -2.17139e-06 -4.39309e-09 -2.99062e-07 -5.16918e-10 -2.93578e-08 -4.09229e-11  -1.7791e-09 -1.73375e-12 -4.30424e-11
 7.50872e-08  5.82358e-05  8.56124e-07  0.000360925  3.50923e-06   0.00105529   7.4823e-06   0.00159316  6.91925e-06  0.000336894 -8.07457e-06   -0.0043357 -4.13157e-05   -0.0116741 -7.94486e-05   -0.0174676 -9.48277e-05   -0.0164263  -6.5802e-05  -0.00666514  2.41792e-06   0.00792391  7.74172e-05    0.0200216   0.00012185    0.0240069  0.000118764    0.0194173  7.92131e-05    0.0102657  2.94825e-05   0.00158968 -7.94282e-06  -0.00359567   -2.481e-05  -0.00505586 -2.52945e-05  -0.00421702 -1.81561e-05  -0.00267346 -1.03183e-05  -0.00137421 -4.82314e-06 -0.000585944 -1.87858e-06 -0.000208502 -6.10125e-07 -6.16845e-05 -1.63934e-07 -1.49919e-05 -3.58516e-08  -2.9307e-06 -6.21232e-09 -4.45374e-07 -8.16723e-10 -4.97518e-08 -7.56534e-11 -3.69106e-09 -4.26249e-12 -1.44053e-10 -9.39662e-14
 2.91727e-05  5.98598e-07  0.000310817  3.58467e-06   0.00127306  1.08989e-05   0.00298715  1.99882e-05   0.00422352   2.0511e-05   0.00255371  1.92068e-07  -0.00354452 -4.10288e-05   -0.0121299 -8.27011e-05   -0.0178819 -9.44589e-05   -0.0157633  -5.9692e-05  -0.00526276  9.25162e-06   0.00881302  7.90098e-05    0.0197636  0.000118764    0.0234794  0.000118706    0.0203428  9.05296e-05    0.0137539  5.43355e-05   0.00729807  2.52127e-05   0.00289767  8.19986e-06  0.000697438  1.02685e-06 -5.63292e-05  -7.9793e-07 -0.000161868 -7.02798e-07  -9.5524e-05 -3.20819e-07 -3.53199e-05 -9.68987e-08 -8.54392e-06 -1.76187e-08 -9.61936e-07 -2.27273e-10  2.02711e-07  1.03655e-09  1.30581e-07  3.73885e-10  3.36052e-08  7.34174e-11  5.11505e-09  8.55907e-12  4.39444e-10  4.99404e-13  1.43157e-11
  1.8995e-07  0.000139573  1.98739e-06   0.00082877  8.15671e-06   0.00255686  1.97443e-05   0.00495619  3.07252e-05   0.00607138  2.78141e-05   0.00330801  6.47292e-07  -0.00399003 -4.47272e-05    -0.012755 -8.39854e-05   -0.0175697 -8.99065e-05   -0.0145205 -5.27273e-05  -0.00416735  1.26014e-05   0.00892994  7.75961e-05    0.0194173  0.000118706    0.0242241  0.000128337     0.023438  0.000113338    0.0191444  8.64361e-05    0.0137268  5.85635e-05   0.00881974  3.57652e-05   0.00512538  1.97792e-05   0.00269526  9.87468e-06   0.00127463  4.41135e-06  0.000536172  1.74105e-06   0.00019777  5.97619e-07  6.28782e-05  1.75085e-07   1.6877e-05  4.27709e-08  3.72361e-06  8.44546e-09  6.50759e-07  1.28833e-09  8.51108e-08  1.41022e-10   7.5353e-09  9.58378e-12  3.58972e-10  2.61417e-13
 3.61128e-05  7.28465e-07  0.000374661  4.31424e-06    0.0015438  1.34686e-05   0.00381981  2.70583e-05   0.00628969  3.63166e-05   0.00669087  2.83006e-05   0.00292002 -3.01033e-06  -0.00473906 -4.75468e-05   -0.0128829 -8.21508e-05   -0.0168209 -8.48918e-05   -0.0136019 -4.91594e-05  -0.00381798  1.30467e-05   0.00896635  7.92131e-05    0.0203428  0.000128337    0.0271296  0.000149259    0.0283398  0.000142443    0.0249686  0.000116636    0.0190827  8.34237e-05    0.0127931  5.24598e-05   0.00754671  2.90188e-05   0.00391141  1.40757e-05   0.00177289  5.95075e-06  0.000697548  2.17331e-06  0.000235754  6.77311e-07  6.74658e-05  1.77102e-07  1.60239e-05  3.79384e-08  3.06932e-06  6.42863e-09  4.53893e-07  8.15117e-10  4.81798e-08  7.00116e-11   3.1782e-09  3.23939e-12  8.42566e-11
 1.62262e-07  0.000118131  1.67542e-06  0.000700025   6.9506e-06   0.00221669   1.7606e-05   0.00461401  3.05348e-05   0.00668454  3.65331e-05    0.0063724   2.5184e-05   0.00220878 -6.40414e-06  -0.00516523   -4.822e-05   -0.0127319 -8.04272e-05   -0.0164565 -8.34043e-05   -0.0134383 -4.85388e-05  -0.00356241   1.6444e-05    0.0102657  9.05296e-05     0.023438  0.000149259    0.0318075  0.000175967    0.0334904  0.000168143    0.0293333  0.000135874    0.0219641   9.4544e-05    0.0142285  5.70814e-05   0.00801015  2.99626e-05   0.00391848  1.36475e-05   0.00165964  5.36555e-06  0.000604345  1.80478e-06  0.000187162  5.12593e-07  4.85207e-05  1.20607e-07  1.02898e-05  2.28582e-08  1.72452e-06  3.34228e-09  2.16156e-07  3.50662e-10  1.83491e-08  2.28605e-11  8.39058e-10   5.9898e-13
 2.26527e-05  4.53905e-07  0.000233234  2.70103e-06  0.000979633  8.74348e-06   0.00256594  1.90817e-05   0.00474687  3.01554e-05   0.00639481  3.40829e-05   0.00581333  2.22803e-05   0.00174171 -8.25049e-06  -0.00542967 -4.95285e-05   -0.0130416 -8.25452e-05   -0.0169019 -8.51719e-05    -0.013431 -4.52702e-05  -0.00208381  2.94825e-05    0.0137539  0.000113338    0.0283398  0.000175967     0.036671  0.000198498    0.0369447   0.00018121    0.0308469  0.000139242    0.0219059  9.16478e-05    0.0133882  5.20673e-05   0.00707375  2.55827e-05   0.00323025  1.08465e-05   0.00126965  3.94434e-06  0.000426097  1.21782e-06  0.000120573  3.14379e-07  2.82366e-05  6.63336e-08  5.32291e-06  1.10548e-08  7.73776e-07  1.37734e-09  8.06862e-08  1.16194e-10   5.2271e-09  5.27965e-12  1.36087e-10
 7.09062e-08  5.12718e-05  7.29064e-07   0.00030876  3.14649e-06   0.00104459  8.77404e-06   0.00247503  1.79881e-05   0.00443004  2.81258e-05   0.00599655   3.2197e-05   0.00551136  2.08113e-05   0.00139943 -1.09513e-05  -0.00620167 -5.49952e-05   -0.0142447 -8.84981e-05   -0.0176327 -8.49673e-05   -0.0123035 -3.26455e-05   0.00158968  5.43355e-05    0.0191444  0.000142443    0.0334904  0.000198498    0.0397596  0.000207576    0.0373307   0.00017709     0.029167  0.000127393    0.0193891  7.84494e-05    0.0110775  4.16167e-05   0.00545758   1.9035e-05   0.00231548    7.481e-06  0.000841398  2.50738e-06  0.000259325  7.07985e-07  6.67775e-05   1.6534e-07  1.40475e-05  3.10684e-08  2.33317e-06  4.50042e-09  2.89639e-07  4.67534e-10  2.43412e-08   3.0171e-11  1.10168e-09  7.82384e-13
 5.02705e-06  9.93353e-08  5.17866e-05  6.28224e-07  0.000246592  2.45505e-06  0.000824429  7.15576e-06    0.0021084  1.60467e-05   0.00412413  2.71102e-05   0.00591637  3.20056e-05   0.00538094  1.87116e-05  0.000574709 -1.78777e-05  -0.00793655 -6.49984e-05   -0.0159201 -9.35864e-05   -0.0174372  -7.6118e-05  -0.00902825 -7.94282e-06   0.00729807  8.64361e-05    0.0249686  0.000168143    0.0369447  0.000207576    0.0397102  0.000198861     0.034395  0.000157177    0.0249626  0.000105194    0.0154509  6.03288e-05   0.00821889  2.97769e-05   0.00376337  1.26396e-05   0.00147903   4.5909e-06  0.000495314  1.41335e-06  0.000139663  3.63358e-07  3.25575e-05  7.62868e-08  6.10484e-06  1.26424e-08  8.82266e-07  1.56564e-09  9.14287e-08  1.31243e-10  5.88484e-09  5.92442e-12  1.52198e-10
-9.10274e-09 -6.86993e-06 -9.16531e-08 -3.13024e-05 -1.86781e-07  1.19509e-06  7.01143e-07  0.000434896  5.15611e-06   0.00181973  1.53932e-05   0.00418878  2.81546e-05   0.00610325  3.17878e-05   0.00487877  1.27568e-05  -0.00121895 -2.98961e-05    -0.010348  -7.5574e-05   -0.0169596 -9.13204e-05   -0.0152395 -5.52575e-05  -0.00359567  2.52127e-05    0.0137268  0.000116636    0.0293333   0.00018121    0.0373307  0.000198861    0.0363015  0.000174162     0.028933  0.000127206    0.0194579  7.90234e-05    0.0111892  4.21169e-05      0.00553  1.93005e-05   0.00234823  7.58528e-06  0.000852666  2.53886e-06  0.000262301  7.15199e-07  6.73602e-05  1.66517e-07  1.41231e-05   3.1178e-08  2.33689e-06  4.49856e-09  2.88918e-07  4.65378e-10  2.41762e-08     2.99e-11  1.08933e-09  7.71852e-13
-6.35427e-06  -1.2849e-07 -6.46867e-05 -7.07171e-07 -0.000230037 -1.70094e-06 -0.000356556 -1.25477e-06  0.000132925  4.42336e-06   0.00190607  1.70022e-05   0.00461141  2.99263e-05   0.00609087  2.85403e-05   0.00349575  1.56917e-06  -0.00385197 -4.39833e-05   -0.0124806 -8.06622e-05    -0.016271 -7.77211e-05    -0.010837   -2.481e-05   0.00289767  5.85635e-05    0.0190827  0.000135874    0.0308469   0.00017709     0.034395  0.000174162    0.0303737  0.000139675    0.0222891  9.42685e-05    0.0138837  5.43168e-05    0.0074101  2.68708e-05   0.00339778  1.14136e-05    0.0013354  4.14359e-06  0.000446802  1.27399e-06   0.00012578   3.2691e-07   2.9259e-05  6.84754e-08  5.47269e-06  1.13179e-08  7.88721e-07   1.3976e-09  8.14925e-08  1.16799e-10  5.22899e-09  5.25575e-12  1.34801e-10
-4.66692e-08 -3.40406e-05 -4.75423e-07 -0.000191419 -1.77914e-06 -0.000509276 -3.39184e-06 -0.000653816 -2.20879e-06  0.000155077  5.85178e-06   0.00239283   1.9964e-05   0.00501957  2.97781e-05   0.00537484  2.04725e-05    0.0012048 -1.28932e-05  -0.00656736 -5.48107e-05   -0.0132802 -7.58607e-05   -0.0134651 -5.38748e-05  -0.00505586  8.19986e-06   0.00881974  8.34237e-05    0.0219641  0.000139242     0.029167  0.000157177     0.028933  0.000139675    0.0233126   0.00010286     0.015776  6.41992e-05   0.00910356  3.43017e-05    0.0045069  1.57357e-05   0.00191477  6.18467e-06   0.00069505  2.06874e-06  0.000213619  5.82096e-07  5.47846e-05  1.35321e-07  1.14673e-05  2.52917e-08  1.89385e-06  3.64198e-09  2.33658e-07  3.75958e-10   1.9509e-08  2.41005e-11   8.7702e-10  6.20691e-13
-9.66731e-06 -1.94315e-07 -9.84752e-05 -1.10144e-06  -0.00037553 -3.03631e-06 -0.000764173 -4.44549e-06 -0.000712998  -1.3804e-06  0.000556062  8.93916e-06   0.00301152  2.21236e-05   0.00495152  2.57134e-05   0.00379895  8.49586e-06  -0.00146129 -2.63063e-05  -0.00841437 -5.78775e-05   -0.0122116  -6.0961e-05  -0.00907111 -2.52945e-05  0.000697438  3.57652e-05    0.0127931   9.4544e-05    0.0219059  0.000127393    0.0249626  0.000127206    0.0222891   0.00010286    0.0164581  6.97477e-05    0.0102878  4.02933e-05   0.00550126  1.99592e-05   0.00252456  8.48127e-06  0.000992276  3.07839e-06   0.00033185  9.45867e-07  9.33428e-05  2.42477e-07  2.16896e-05  5.07285e-08  4.05159e-06  8.37305e-09  5.83067e-07  1.03239e-09  6.01497e-08  8.61396e-11  3.85318e-09  3.86962e-12  9.91643e-11
-4.83534e-08 -3.51681e-05 -4.92436e-07 -0.000200145   -1.896e-06 -0.000561657 -3.98189e-06 -0.000872104 -4.23404e-06 -0.000465301  1.05845e-06   0.00116738  1.20993e-05   0.00337786  2.15342e-05   0.00417089  1.77731e-05   0.00167642 -4.22402e-06  -0.00371358 -3.44522e-05  -0.00877974 -5.19147e-05  -0.00951712 -3.98274e-05  -0.00421702  1.02685e-06   0.00512538  5.24598e-05    0.0142285  9.16478e-05    0.0193891  0.000105194    0.0194579  9.42685e-05     0.015776  6.97477e-05    0.0107138  4.36487e-05   0.00619465   2.3355e-05   0.00306982  1.07207e-05   0.00130465  4.21391e-06  0.000473517  1.40909e-06  0.000145465  3.96253e-07  3.72797e-05  9.20446e-08  7.79641e-06   1.7187e-08   1.2863e-06   2.4723e-09  1.58526e-07  2.54923e-10  1.32205e-08  1.63221e-11  5.93597e-10  4.19842e-13
-7.99046e-06 -1.60328e-07 -8.13548e-05 -9.14559e-07 -0.000315017 -2.59355e-06 -0.000673773 -4.16126e-06 -0.000766148 -2.71562e-06   2.6144e-06  4.07462e-06   0.00170171  1.36565e-05   0.00323131  1.76511e-05   0.00280666  7.97903e-06   -0.0003996 -1.40899e-05  -0.00493907   -3.538e-05  -0.00766576 -3.91924e-05   -0.0060196 -1.81561e-05 -5.63292e-05  1.97792e-05   0.00754671  5.70814e-05    0.0133882  7.84494e-05    0.0154509  7.90234e-05    0.0138837  6.41992e-05    0.0102878  4.36487e-05   0.00644373  2.52536e-05   0.00344945  1.25188e-05   0.00158374  5.32103e-06  0.000622538  1.93119e-06  0.000208154  5.93188e-07  5.85252e-05  1.51991e-07  1.35915e-05   3.1778e-08  2.53717e-06  5.24139e-09  3.64849e-07  6.45748e-10  3.76075e-08  5.38344e-11  2.40707e-09  2.41628e-12  6.18927e-11
-3.39191e-08   -2.464e-05  -3.4526e-07 -0.000140757 -1.34176e-06 -0.000401861 -2.90334e-06 -0.000658083 -3.43616e-06 -0.000477145 -4.68107e-07  0.000500185  6.39152e-06   0.00192168  1.27939e-05   0.00257191  1.15277e-05   0.00125474 -8.98383e-07  -0.00188538 -1.88977e-05  -0.00497332 -3.00101e-05   -0.0055992  -2.3963e-05  -0.00267346  -7.9793e-07   0.00269526  2.90188e-05   0.00801015  5.20673e-05    0.0110775  6.03288e-05    0.0111892  5.43168e-05   0.00910356  4.02933e-05   0.00619465  2.52536e-05   0.00358572  1.35234e-05   0.00177796  6.21003e-06  0.000755784  2.44114e-06  0.000274299  8.16188e-07  8.42472e-05  2.29457e-07  2.15835e-05  5.32793e-08  4.51188e-06  9.94395e-09   7.4403e-07  1.42966e-09  9.16456e-08  1.47331e-10  7.63849e-09  9.42769e-12   3.4276e-10  2.42354e-13
-4.90622e-06 -9.83559e-08 -4.99283e-05 -5.62385e-07 -0.000194505 -1.61292e-06 -0.000424175 -2.67736e-06 -0.000515174 -2.06822e-06 -0.000115288  1.65011e-06  0.000841397   7.1805e-06   0.00175747  9.86924e-06   0.00162622  5.06874e-06 -5.45653e-05 -6.77866e-06  -0.00253156 -1.85933e-05   -0.0040905 -2.11822e-05  -0.00330466 -1.03183e-05 -0.000161868  9.87468e-06   0.00391141  2.99626e-05   0.00707375  4.16167e-05   0.00821889  4.21169e-05    0.0074101  3.43017e-05   0.00550126   2.3355e-05   0.00344945  1.35234e-05   0.00184767  6.70678e-06  0.000848566  2.85117e-06  0.000333581  1.03479e-06   0.00011153  3.17808e-07  3.13526e-05  8.14139e-08  7.27933e-06  1.70172e-08  1.35845e-06  2.80588e-09  1.95281e-07  3.45567e-10  2.01217e-08  2.87984e-11   1.2874e-09  1.29207e-12  3.30899e-11
-1.85496e-08  -1.3466e-05 -1.88729e-07 -7.70436e-05 -7.36459e-07 -0.000221655 -1.61475e-06 -0.000371381 -1.99576e-06 -0.000298901 -5.62572e-07  0.000192381   2.9583e-06  0.000935222  6.39175e-06   0.00131154  6.02912e-06  0.000697558 -1.86895e-08 -0.000858524 -9.04562e-06  -0.00242582 -1.48018e-05  -0.00278656 -1.20509e-05  -0.00137421 -7.02798e-07   0.00127463  1.40757e-05   0.00391848  2.55827e-05   0.00545758  2.97769e-05      0.00553  2.68708e-05    0.0045069  1.99592e-05   0.00306982  1.25188e-05   0.00177796  6.70678e-06  0.000881874  3.08047e-06  0.000374925  1.21102e-06  0.000136076  4.04893e-07  4.17917e-05  1.13819e-07  1.07055e-05  2.64249e-08  2.23758e-06  4.93108e-09  3.68922e-07  7.08817e-10   4.5433e-08  7.30315e-11  3.78598e-09   4.6723e-12  1.69852e-10  1.20084e-13
-2.41479e-06 -4.83841e-08 -2.45639e-05 -2.76931e-07 -9.59629e-05 -7.98475e-07 -0.000211202 -1.34656e-06 -0.000264207 -1.11404e-06 -8.49612e-05  6.05148e-07  0.000364285  3.23604e-06  0.000808044   4.6064e-06  0.000772612  2.50783e-06  1.32736e-05 -2.91586e-06  -0.00113038 -8.41554e-06  -0.00186578 -9.71893e-06  -0.00152592 -4.82314e-06  -9.5524e-05  4.41135e-06   0.00177289  1.36475e-05   0.00323025   1.9035e-05   0.00376337  1.93005e-05   0.00339778  1.57357e-05   0.00252456  1.07207e-05   0.00158374  6.21003e-06  0.000848566  3.08047e-06   0.00038978  1.30972e-06  0.000153239  4.75367e-07  5.12353e-05  1.45997e-07  1.44028e-05  3.73994e-08  3.34386e-06  7.81688e-09  6.23987e-07  1.28881e-09  8.96945e-08  1.58717e-10  9.24147e-09  1.32261e-11  5.91237e-10  5.93366e-13  1.51956e-11
-8.26911e-09 -6.00037e-06 -8.40996e-08 -3.43517e-05 -3.28801e-07  -9.9195e-05 -7.25541e-07 -0.000168039 -9.15234e-07 -0.000141653 -3.19311e-07   6.7453e-05  1.19635e-06  0.000390176  2.70665e-06  0.000561363  2.61172e-06  0.000310144  7.75844e-08 -0.000347944 -3.76187e-06  -0.00101801 -6.24217e-06  -0.00117911 -5.11475e-06 -0.000585944 -3.20819e-07  0.000536172  5.95075e-06   0.00165964  1.08465e-05   0.00231548  1.26396e-05   0.00234823  1.14136e-05   0.00191477  8.48127e-06   0.00130465  5.32103e-06  0.000755784  2.85117e-06  0.000374925  1.30972e-06  0.000159414  5.14929e-07   5.7862e-05  1.72172e-07  1.77715e-05  4.84013e-08  4.55261e-06  1.12376e-08  9.51583e-07   2.0971e-09  1.56899e-07  3.01459e-10   1.9323e-08  3.10617e-11  1.61029e-09  1.98733e-12  7.22473e-11  5.10802e-14
-9.78564e-07 -1.96003e-08 -9.95054e-06 -1.12223e-07 -3.89222e-05  -3.2438e-07 -8.60372e-05 -5.51185e-07 -0.000109145 -4.70508e-07 -4.01002e-05  2.03074e-07   0.00013732  1.24855e-06  0.000315097  1.80926e-06  0.000305744  1.00759e-06  1.10383e-05 -1.10987e-06 -0.000436972  -3.2701e-06  -0.00072683  -3.7909e-06 -0.000595354 -1.87858e-06 -3.53199e-05  1.74105e-06  0.000697548  5.36555e-06   0.00126965    7.481e-06   0.00147903  7.58528e-06    0.0013354  6.18467e-06  0.000992276  4.21391e-06  0.000622538  2.44114e-06  0.000333581  1.21102e-06  0.000153239  5.14929e-07  6.02501e-05  1.86911e-07  2.01463e-05  5.74104e-08  5.66391e-06  1.47081e-08  1.31511e-06  3.07449e-09  2.45438e-07  5.06969e-10  3.52848e-08  6.24418e-11    3.636e-09  5.20411e-12  2.32655e-10  2.33512e-13  5.98058e-12
-3.05157e-09  -2.2137e-06 -3.10246e-08  -1.2675e-05 -1.21387e-07 -3.66589e-05 -2.68618e-07 -6.24107e-05 -3.41992e-07 -5.37047e-05 -1.29743e-07  2.16446e-05  4.19266e-07   0.00013899  9.71003e-07  0.000202263  9.44664e-07  0.000112927  3.54215e-08 -0.000123925 -1.34845e-06 -0.000365596 -2.24286e-06 -0.000423449 -1.83304e-06 -0.000208502 -9.68987e-08   0.00019777  2.17331e-06  0.000604345  3.94434e-06  0.000841398   4.5909e-06  0.000852666  4.14359e-06   0.00069505  3.07839e-06  0.000473517  1.93119e-06  0.000274299  1.03479e-06  0.000136076  4.75367e-07   5.7862e-05  1.86911e-07  2.10042e-05  6.25032e-08  6.45197e-06  1.75735e-08  1.65308e-06   4.0808e-09  3.45587e-07  7.61676e-10   5.6992e-08  1.09514e-10  7.02041e-09  1.12866e-11  5.85185e-10  7.22291e-13  2.62615e-11  1.85699e-14
-3.28958e-07 -6.58731e-09 -3.34388e-06 -3.77153e-08 -1.30845e-05 -1.09111e-07  -2.8971e-05 -1.85952e-07 -3.69585e-05 -1.60741e-07 -1.42766e-05  6.21214e-08  4.45988e-05  4.09703e-07  0.000103816  5.97266e-07  0.000101017  3.32792e-07  3.50365e-06 -3.68335e-07 -0.000144815 -1.08273e-06 -0.000240361  -1.2511e-06 -0.000195678 -6.10125e-07 -8.54392e-06  5.97619e-07  0.000235754  1.80478e-06  0.000426097  2.50738e-06  0.000495314  2.53886e-06  0.000446802  2.06874e-06   0.00033185  1.40909e-06  0.000208154  8.16188e-07   0.00011153  4.04893e-07  5.12353e-05  1.72172e-07  2.01463e-05  6.25032e-08  6.73745e-06  1.92011e-08  1.89449e-06  4.92014e-09   4.3998e-07  1.02871e-09  8.21327e-08  1.69673e-10  1.18108e-08   2.0904e-11  1.21743e-09  1.74275e-12  7.79239e-11  7.82241e-14  2.00378e-12
-9.33573e-10 -6.77101e-07 -9.48827e-09 -3.87627e-06 -3.71253e-08 -1.12144e-05 -8.22122e-08 -1.91183e-05 -1.04953e-07 -1.65554e-05 -4.08432e-08  6.27994e-06  1.25717e-07  4.18896e-05  2.93082e-07  6.10458e-05  2.84629e-07  3.38128e-05   8.0376e-09 -3.81428e-05 -4.11732e-07 -0.000111261 -6.80736e-07 -0.000128091  -5.5122e-07 -6.16845e-05 -1.76187e-08  6.28782e-05  6.77311e-07  0.000187162  1.21782e-06  0.000259325  1.41335e-06  0.000262301  1.27399e-06  0.000213619  9.45867e-07  0.000145465  5.93188e-07  8.42472e-05  3.17808e-07  4.17917e-05  1.45997e-07  1.77715e-05  5.74104e-08  6.45197e-06  1.92011e-08  1.98226e-06  5.39976e-09  5.08003e-07  1.25422e-09   1.0623e-07  2.34168e-10  1.75243e-08  3.36796e-11  2.15942e-09  3.47228e-12  1.80064e-10  2.22296e-13  8.08402e-12   5.7175e-15
-9.13952e-08 -1.82984e-09 -9.28732e-07 -1.04737e-08 -3.63327e-06 -3.02958e-08 -8.04392e-06 -5.16343e-08 -1.02654e-05 -4.46892e-08  -3.9901e-06   1.6976e-08   1.2292e-05  1.12994e-07  2.86121e-05  1.64314e-07  2.76826e-05  9.01573e-08  5.14229e-07 -1.04594e-07 -4.05713e-05 -3.01727e-07 -6.67178e-05 -3.45705e-07 -5.36643e-05 -1.63934e-07 -9.61936e-07  1.75085e-07  6.74658e-05  5.12593e-07  0.000120573  7.07985e-07  0.000139663  7.15199e-07   0.00012578  5.82096e-07  9.33428e-05  3.96253e-07  5.85252e-05  2.29457e-07  3.13526e-05  1.13819e-07  1.44028e-05  4.84013e-08  5.66391e-06  1.75735e-08  1.89449e-06  5.39976e-09   5.3284e-07  1.38402e-09  1.23784e-07  2.89466e-10  2.31151e-08  4.77609e-11  3.32524e-09  5.88654e-12  3.42898e-10  4.90964e-13  2.19575e-11  2.20472e-14  5.64894e-13
-2.34785e-10 -1.70258e-07 -2.38542e-09 -9.74321e-07 -9.32934e-09 -2.81721e-06 -2.06439e-08 -4.79776e-06  -2.6312e-08 -4.14226e-06 -1.01412e-08  1.60265e-06  3.16837e-08  1.05241e-05  7.34453e-08  1.52476e-05  7.06791e-08  8.26119e-06  4.23619e-10 -9.93377e-06 -1.05321e-07 -2.82614e-05 -1.72044e-07 -3.21937e-05 -1.37296e-07 -1.49919e-05 -2.27273e-10   1.6877e-05  1.77102e-07  4.85207e-05  3.14379e-07  6.67775e-05  3.63358e-07  6.73602e-05   3.2691e-07  5.47846e-05  2.42477e-07  3.72797e-05  1.51991e-07  2.15835e-05  8.14139e-08  1.07055e-05  3.73994e-08  4.55261e-06  1.47081e-08  1.65308e-06  4.92014e-09  5.08003e-07  1.38402e-09  1.30227e-07  3.21577e-10   2.7242e-08  6.00624e-11  4.49578e-09  8.64224e-12  5.54235e-10  8.91402e-13  4.62372e-11  5.70958e-14  2.07688e-12  1.46929e-15
