 2.17596e-27  1.70121e-36 -1.37749e-25 -2.25396e-35  3.41052e-24  1.95458e-35  -5.1043e-23 -3.42161e-35  5.33006e-22 -1.00386e-34 -4.17286e-21  1.50921e-33  2.55532e-20 -1.10656e-32 -1.25749e-19  6.56064e-32  5.06215e-19 -3.27031e-31 -1.68626e-18  1.39014e-30  4.67935e-18 -5.08661e-30 -1.08448e-17   1.6125e-29  2.09563e-17 -4.44555e-29 -3.35407e-17  1.06728e-28  4.38533e-17 -2.22821e-28 -4.56296e-17  4.02598e-28  3.58326e-17 -6.23297e-28 -1.85278e-17  8.11145e-28  2.87204e-18   -8.529e-28  4.23352e-18  6.54548e-28 -3.41406e-18 -2.24901e-28  3.28576e-19 -2.82954e-28   8.9374e-19  6.33478e-28 -3.69564e-19 -6.54375e-28 -1.58971e-19  3.55396e-28    1.234e-19  8.53449e-29  2.65984e-20 -4.53548e-28 -3.07589e-20  6.24867e-28 -5.89841e-21 -5.87076e-28  6.35851e-21  3.85713e-28  1.69774e-21 -8.44982e-29 -1.02471e-21 -2.31441e-28 -4.54029e-22  4.61029e-28  9.58117e-23 -5.34011e-28   9.0743e-23  4.57003e-28  5.31854e-24 -3.03684e-28 -1.12988e-23  1.57255e-28 -3.47006e-24 -6.17078e-29  4.44416e-25  1.67422e-29  4.98391e-25  -1.9854e-30  9.18162e-26 -7.50002e-31 -2.02497e-26  5.47894e-31 -1.33423e-26 -1.82162e-31 -2.19989e-27  3.21148e-32  2.98921e-28  1.84024e-33  2.16116e-28 -3.03736e-33  4.16643e-29  8.02848e-34  4.84355e-31 -1.71992e-35 -1.63066e-30  -5.0696e-35 -4.11336e-31  1.51052e-35 -4.32353e-32 -3.75176e-37  1.62002e-33 -8.97074e-37  1.30055e-33  1.65486e-37  2.14501e-34  2.58349e-38  1.73534e-35 -9.69255e-39  1.41841e-37  3.75356e-40  -1.4023e-37  3.45702e-42 -1.80895e-38   2.5972e-41 -1.16498e-39 -2.88238e-42 -3.65251e-41 -1.79394e-44  8.95189e-44  6.68702e-45  4.60537e-44 -1.68756e-46  7.23294e-46  4.42396e-48
 1.70121e-36  1.97436e-25  1.22134e-35 -7.10822e-24 -8.42241e-35  1.34168e-22  1.78604e-35 -1.66861e-21  2.96175e-34  1.50922e-20 -3.82217e-33 -1.04834e-19  3.20143e-32  5.78384e-19  -2.1073e-31 -2.59077e-18   1.1528e-30  9.55897e-18 -5.34281e-30 -2.93151e-17  2.12371e-29  7.50774e-17 -7.30061e-29 -1.60673e-16  2.18251e-28  2.86263e-16 -5.69127e-28 -4.20604e-16   1.2954e-27  5.00422e-16 -2.56847e-27 -4.65539e-16  4.41197e-27  3.13697e-16 -6.49483e-27 -1.20052e-16  8.02643e-27 -1.54804e-17 -7.97785e-27  5.01927e-17  5.69347e-27 -2.22927e-17 -1.56759e-27 -5.56568e-18 -2.82997e-27  8.57974e-18  5.53845e-27 -8.03565e-19 -5.46533e-27 -2.15819e-18  3.08982e-27  5.14333e-19  3.23948e-29  4.88275e-19 -2.47434e-27 -1.36328e-19  3.71218e-27 -1.10529e-19 -3.92596e-27  2.25306e-20  3.38302e-27  2.41121e-20 -2.22001e-27 -1.18171e-21  6.88899e-28 -4.44375e-21  7.02878e-28 -6.10401e-22 -1.46484e-27  5.64887e-22  1.48396e-27  2.14204e-22 -1.04738e-27 -2.48469e-23   5.4736e-28 -3.29863e-23 -2.09796e-28 -5.80181e-24  5.41032e-29  1.92669e-24 -5.74188e-30  1.09566e-24 -2.38687e-30  1.35405e-25  1.62277e-30 -5.01723e-26 -5.39071e-31 -2.38593e-26  9.99143e-32 -3.32252e-27  3.95184e-33  4.87136e-28 -8.91788e-33  3.00795e-28  2.49883e-33  5.51984e-29 -1.56458e-34   1.7326e-30 -1.18601e-34 -1.48329e-30  4.61826e-35 -3.83582e-31 -2.89881e-36 -4.41364e-32 -2.76064e-36 -7.46754e-34  5.78142e-37  6.11831e-34  8.09018e-38  1.10927e-34 -3.09977e-38  9.91987e-36  1.28395e-39  3.92025e-37 -7.03251e-41 -1.56437e-38  7.62881e-41  -3.0883e-39 -6.27153e-42 -1.83368e-40 -5.29986e-44 -5.61195e-42  9.63382e-45 -5.64559e-44 -2.63824e-46  7.85735e-47
-1.37749e-25  1.22134e-35   8.8262e-24   4.6422e-35 -2.21302e-22  -1.7652e-34  3.35603e-21 -4.62282e-34 -3.55317e-20  6.45091e-33  2.82231e-19 -6.06213e-32 -1.75478e-18  4.47131e-31  8.77502e-18 -2.69825e-30 -3.59289e-17  1.36696e-29   1.2186e-16 -5.90658e-29 -3.44741e-16  2.20042e-28  8.15738e-16 -7.11952e-28 -1.61244e-15  2.01005e-27  2.64642e-15 -4.96369e-27 -3.56075e-15  1.07219e-26  3.83426e-15 -2.02056e-26 -3.14988e-15  3.30167e-26  1.75541e-15 -4.62327e-26 -3.82847e-16  5.42619e-26 -3.25037e-16 -5.09598e-26  3.23941e-16  3.37411e-26 -5.95246e-17 -7.01673e-27 -7.44635e-17 -1.86253e-26  4.15384e-17  3.23713e-26  1.05126e-17 -3.02534e-26 -1.29937e-17  1.72839e-26 -1.13945e-18 -2.65724e-27  3.22538e-18 -7.32274e-27  2.19744e-19  1.20555e-26 -6.98561e-19 -1.38023e-26 -9.53622e-20  1.37476e-26  1.26323e-19 -1.14002e-26  3.50859e-20  6.74299e-27 -1.60067e-20 -1.48973e-27 -8.74589e-21 -2.12527e-27  5.69958e-22  3.19765e-27  1.36536e-21 -2.48913e-27  2.59785e-22  1.31758e-27 -9.87619e-23  -4.8868e-28 -5.53734e-23  1.17541e-28 -5.01235e-24 -1.06882e-29  3.80259e-24 -5.03867e-30   1.4947e-24  3.22504e-30  1.25352e-25 -1.12124e-30 -6.91871e-26  2.31259e-31 -2.68457e-26   6.9246e-34 -3.39342e-27 -1.67881e-32  4.26286e-28   5.0688e-33  2.53781e-28  -6.1326e-34   4.5784e-29  -1.3769e-34  2.45187e-30  9.79627e-35 -7.13416e-31 -1.07803e-35 -2.02196e-31 -6.19546e-36 -2.48428e-32  1.45591e-36 -1.21219e-33  1.79047e-37  1.12637e-34 -6.88906e-38   2.7254e-35  2.84054e-39    2.527e-36 -2.92491e-40  1.22419e-37  1.48773e-40  1.82416e-39 -8.64394e-42  -1.3363e-40 -7.32532e-44 -8.19895e-42  7.71447e-45  -1.2662e-43    -1.86e-46
-2.25396e-35 -7.10822e-24   4.6422e-35  2.59163e-22  1.09054e-34 -4.95657e-21  1.03882e-34  6.24988e-20 -7.66802e-33 -5.73505e-19   8.5721e-32   4.0445e-18 -7.19023e-31 -2.26728e-17   4.8305e-30  1.03283e-16 -2.68764e-29 -3.87933e-16  1.26511e-28  1.21252e-15 -5.10932e-28 -3.16926e-15  1.78748e-27  6.93392e-15 -5.45199e-27 -1.26568e-14  1.45557e-26  1.91088e-14 -3.40749e-26 -2.34634e-14  6.99109e-26  2.26953e-14  -1.2531e-25 -1.61597e-14  1.94883e-25   6.9413e-15 -2.59653e-25  1.36916e-16  2.89389e-25 -2.45212e-15 -2.56553e-25  1.33851e-15  1.56962e-25  1.49474e-16 -2.17205e-26 -4.59413e-16 -9.45424e-26  9.16155e-17  1.46483e-25  1.06651e-16 -1.27539e-25 -4.07001e-17  7.01561e-26 -2.28883e-17 -1.64277e-26  1.07123e-17 -1.28898e-26  5.24712e-18  2.37292e-26 -2.05321e-18 -3.00583e-26 -1.24366e-18  3.59788e-26  2.44229e-19 -3.59253e-26  2.61175e-19  2.62768e-26  4.87213e-21 -1.15559e-26  -4.0419e-20  -2.7843e-28 -9.61145e-21   5.1894e-27  3.28449e-21 -4.73317e-27  2.04875e-21  2.53752e-27  1.49305e-22 -8.94399e-28 -1.81699e-22  1.93752e-28 -6.50085e-23 -1.37952e-29 -1.72943e-24 -7.83419e-30  4.86039e-24  4.89945e-30  1.49172e-24 -1.92245e-30  9.01233e-26  4.51373e-31 -6.41938e-26 -1.60547e-32 -2.18842e-26 -2.18703e-32 -2.68286e-27  7.25562e-33  2.17921e-28 -1.67413e-33  1.45902e-28   5.2842e-35  2.64575e-29  1.66428e-34  1.93377e-30 -2.81258e-35 -1.74705e-31 -1.17773e-35 -6.53196e-32  3.01511e-36 -8.43921e-33  3.21779e-37 -5.48789e-34 -1.21561e-37 -2.13249e-36  4.59051e-39  3.08323e-36 -6.88458e-40  2.97088e-37  2.21663e-40  1.40084e-38 -8.32606e-42  3.21378e-40 -4.30968e-44  8.80678e-43  3.53695e-45 -3.62936e-44
 3.41052e-24 -8.42241e-35 -2.21302e-22  1.09054e-34   5.6223e-21  4.40855e-35 -8.64434e-20  5.83694e-33  9.28492e-19 -9.23786e-32 -7.48733e-18  9.16594e-31  4.72976e-17 -6.97255e-30 -2.40507e-16  4.29775e-29  1.00231e-15 -2.21333e-28 -3.46398e-15  9.70784e-28   9.9981e-15 -3.67258e-27 -2.41743e-14  1.20868e-26  4.89214e-14 -3.48016e-26 -8.24096e-14  8.79605e-26  1.14208e-13  -1.9539e-25 -1.27371e-13  3.81062e-25  1.09489e-13 -6.50043e-25 -6.55614e-14  9.62625e-25  1.82559e-14 -1.22057e-24  9.23479e-15  1.29142e-24  -1.1963e-14 -1.07915e-24   3.2698e-15   6.0609e-25  2.32034e-15 -3.73431e-26 -1.76662e-15 -3.97822e-25 -1.95392e-16  5.48357e-25  5.19548e-16 -4.36079e-25 -1.74399e-17  2.18245e-25 -1.27382e-16  -5.2604e-26  7.11574e-18 -9.84562e-27  2.86077e-17  1.74992e-26  3.09535e-19 -3.16154e-26 -5.68114e-18  6.29842e-26 -8.12692e-19 -8.31204e-26  8.73118e-19  7.16859e-26  2.97836e-19 -3.87174e-26 -7.30567e-20  8.14097e-27 -5.95904e-20  6.49572e-27 -4.69338e-21 -7.70532e-27   6.1891e-21  4.15077e-27  2.18222e-21 -1.34395e-27  -5.3237e-23  2.43499e-28 -2.24295e-22  -1.0233e-29 -5.83936e-23 -8.63274e-30  1.30156e-24   6.0041e-30  4.52458e-24 -2.97504e-30  1.16761e-24  7.65575e-31  5.97196e-26 -4.68782e-32 -4.27468e-26  -1.5256e-32 -1.35276e-26    6.141e-33  -1.6829e-27 -3.66404e-33  5.09333e-29  6.85739e-34  5.81302e-29  2.40073e-34  1.08069e-29 -5.81219e-35  9.43984e-31 -2.00772e-35 -3.97439e-33  5.39441e-36  -1.2388e-32  4.95717e-37 -1.70924e-33 -1.79256e-37 -1.20709e-34   5.5173e-39 -3.79018e-36  -1.1895e-39  8.95954e-38  2.65485e-40  1.39005e-38 -5.30865e-42  5.31548e-40  2.65221e-44  6.94422e-42  7.94545e-46
 1.95458e-35  1.34168e-22  -1.7652e-34 -4.95657e-21  4.40855e-35  9.61094e-20 -2.10649e-33 -1.22943e-18  7.12971e-32  1.14529e-17 -9.25738e-31 -8.20564e-17  8.26652e-30  4.67713e-16 -5.73888e-29 -2.16834e-15   3.2603e-28  8.29719e-15 -1.55922e-27 -2.64521e-14  6.38822e-27   7.0622e-14 -2.26815e-26 -1.58096e-13  7.03279e-26  2.95925e-13 -1.91388e-25 -4.59501e-13    4.584e-25  5.82798e-13 -9.67003e-25 -5.86493e-13  1.79393e-24  4.41027e-13  -2.9141e-24 -2.10307e-13  4.11074e-24  1.56855e-14   -4.961e-24  6.18514e-14  4.98088e-24  -4.1502e-14 -3.91533e-24  2.92127e-16  1.99917e-24  1.26427e-14  5.75358e-26 -4.01031e-15 -1.44645e-24 -2.61519e-15  1.76758e-24  1.52141e-15 -1.25643e-24  5.05489e-16  5.30346e-25 -3.98793e-16 -8.77711e-26 -1.15128e-16  9.20659e-27  8.31427e-17 -6.92352e-26  3.04372e-17  5.45955e-26 -1.28418e-17  5.40019e-26 -7.47464e-18 -1.49506e-25  9.36247e-19  1.56634e-25   1.3953e-18 -9.52709e-26  1.60986e-19  2.85554e-26 -1.58616e-19   5.9074e-27  -6.0488e-20 -1.12262e-26  3.34974e-21  5.94364e-27   7.6112e-21  -1.6539e-27  1.76154e-21  2.02088e-28 -2.11921e-22  3.83642e-30 -2.07997e-22 -4.29737e-30 -4.24604e-23  6.40925e-30  2.34311e-24 -4.48689e-30  3.22942e-24   1.1251e-30  7.40618e-25 -7.24271e-32   3.9664e-26  1.52273e-32 -2.07158e-26 -2.62992e-33 -6.39541e-27 -6.84453e-33 -8.23636e-28  1.98625e-33 -1.12883e-29   3.0326e-34  1.54788e-29 -1.01014e-34   3.0511e-30 -3.13751e-35  2.92693e-31  8.55751e-36  1.01815e-32   6.7416e-37 -1.12217e-33 -2.27047e-37 -1.90404e-34  4.54589e-39 -1.32479e-35 -1.65019e-39 -4.81364e-37  2.60584e-40 -5.99453e-39 -1.32005e-42  1.30847e-40   7.7409e-44  2.68371e-42
 -5.1043e-23  1.78604e-35  3.35603e-21  1.03882e-34 -8.64434e-20 -2.10649e-33  1.34833e-18 -2.67168e-32 -1.47021e-17  6.91818e-31  1.20443e-16 -7.95757e-30 -7.73554e-16  6.44359e-29  4.00276e-15 -4.10355e-28 -1.69921e-14  2.15682e-27  5.98857e-14 -9.60575e-27 -1.76498e-13  3.68409e-26   4.3645e-13 -1.22966e-25 -9.05073e-13  3.59683e-25  1.56628e-12   -9.261e-25 -2.23782e-12  2.10377e-24  2.58694e-12 -4.21754e-24 -2.32763e-12  7.44707e-24  1.49377e-12 -1.15256e-23 -5.03409e-13  1.54933e-23 -1.41581e-13 -1.77987e-23  2.65348e-13  1.69487e-23 -9.79645e-14 -1.25021e-23 -4.02576e-14   5.7245e-24  4.42721e-14  8.09418e-25 -7.14331e-16 -4.66223e-24 -1.21708e-14  5.04074e-24  1.95608e-15 -3.13166e-24  2.90888e-15  9.81557e-25 -5.71326e-16  5.90059e-26 -6.71079e-16  8.84519e-28  8.66782e-17  -3.5841e-25  1.45041e-16  3.92332e-25  1.65605e-18 -9.34424e-26 -2.59734e-17 -2.08412e-25 -5.01806e-18  2.92115e-25  3.08698e-18 -1.95018e-25  1.43433e-18  6.66815e-26 -7.77799e-20  2.53309e-27 -2.01862e-19 -1.51453e-26 -4.44057e-20  7.53485e-27  9.56857e-21 -1.54176e-27  7.02929e-21 -6.60545e-30  1.12439e-21  2.58819e-29 -2.51514e-22   8.3254e-30 -1.52719e-22  7.47055e-30 -2.60221e-23 -6.95047e-30  1.77035e-24  1.39521e-30  1.80417e-24 -4.90954e-32  3.84163e-25  8.24915e-32  2.44679e-26 -2.35399e-32 -7.12087e-27 -1.12365e-32 -2.27968e-27  4.04734e-33 -3.04449e-28  3.40716e-34 -1.37622e-29 -1.53577e-34  2.44083e-30 -4.51638e-35  5.65397e-31  1.22419e-35  5.64583e-32   8.2664e-37  2.84941e-33 -2.51628e-37  4.62965e-36  1.30649e-39 -9.51389e-36 -1.92244e-39 -6.38835e-37   2.0987e-40 -1.85732e-38  1.52393e-42 -2.01645e-40  6.60063e-44
-3.42161e-35 -1.66861e-21 -4.62282e-34  6.24988e-20  5.83694e-33 -1.22943e-18 -2.67168e-32  1.59653e-17 -2.56384e-31 -1.51088e-16  5.77753e-30  1.10054e-15 -5.97752e-29 -6.38295e-15  4.41641e-28  3.01391e-14 -2.59148e-27 -1.17588e-13  1.26427e-26  3.82696e-13 -5.25635e-26 -1.04455e-12  1.89066e-25  2.39479e-12  -5.9408e-25   -4.601e-12  1.64112e-24  7.35478e-12 -4.00135e-24 -9.64435e-12  8.62715e-24  1.01045e-11 -1.64466e-23 -8.02147e-12  2.76557e-23  4.21085e-12 -4.07986e-23  -6.6854e-13  5.22819e-23 -1.00131e-12 -5.71804e-23  8.38418e-13  5.16143e-23 -9.72674e-14 -3.56256e-23 -2.22858e-13   1.4351e-23  1.02482e-13  4.14973e-24  3.82216e-14 -1.35377e-23 -3.52046e-14  1.29633e-23 -5.71569e-15 -6.88576e-24  9.16191e-15  1.18234e-24   1.2087e-15   9.8352e-25 -2.02291e-15 -2.42507e-25  -3.9862e-16 -1.02726e-24   3.6329e-16  1.26557e-24  1.25631e-16 -5.64624e-25 -4.33916e-17 -2.02374e-25 -2.91787e-17  4.84678e-25  4.89279e-19 -3.52298e-25  4.31793e-18  1.27631e-25  1.00169e-18 -3.77289e-27 -2.73013e-19 -1.93887e-26 -1.87242e-19  8.35832e-27 -2.32882e-20 -6.51792e-28  1.12407e-20  -4.4284e-28  5.18586e-21  4.03236e-29  5.91337e-22  3.09595e-29 -1.96464e-22  1.27414e-29 -9.11545e-23 -1.11015e-29 -1.37831e-23  1.35288e-30  8.11242e-25  7.81921e-32  7.89349e-25  1.95535e-31   1.6144e-25 -5.90404e-32  1.24068e-26 -1.63656e-32 -1.58228e-27  6.72176e-33 -5.92022e-28   3.4049e-34  -8.1566e-29 -2.11061e-34 -5.24908e-30 -5.97473e-35  1.26865e-31  1.59849e-35  6.21558e-32  9.31337e-37  6.34702e-33 -2.47878e-37  3.37576e-34 -3.42839e-39  8.01789e-36  -1.9302e-39 -8.86944e-38  1.36711e-40 -8.85927e-39  2.22966e-42 -1.11824e-40
 5.33006e-22  2.96175e-34 -3.55317e-20 -7.66802e-33  9.28492e-19  7.12971e-32 -1.47021e-17 -2.56384e-31  1.62855e-16 -2.11315e-30 -1.35634e-15   4.2413e-29  8.86352e-15 -3.97907e-28 -4.67088e-14  2.69658e-27  2.02141e-13  -1.4635e-26 -7.27116e-13  6.64577e-26  2.19018e-12 -2.58486e-25 -5.54417e-12   8.7335e-25  1.17926e-11 -2.58655e-24 -2.09859e-11  6.75419e-24  3.09418e-11 -1.56055e-23 -3.71083e-11  3.19532e-23  3.49621e-11 -5.79548e-23 -2.39976e-11  9.28516e-23  9.46738e-12 -1.30624e-22  1.10743e-12   1.5963e-22 -4.06702e-12 -1.66236e-22  1.94094e-12  1.42165e-22  4.05087e-13 -9.15248e-23  -7.5633e-13  3.15625e-23  1.05575e-13   1.5604e-23  1.91208e-13 -3.57732e-23 -5.92265e-14   3.0473e-23 -4.35154e-14 -1.35651e-23  1.65918e-14 -8.49286e-26  1.01931e-14  4.07554e-24  -3.2039e-15 -1.26016e-24 -2.40107e-15 -2.27184e-24  3.44064e-16  3.07838e-24  4.96381e-16 -1.62593e-24  2.84005e-17 -4.81624e-26 -7.48601e-17  7.40011e-25 -2.08812e-17  -5.8314e-25  5.53489e-18  2.16028e-25  4.11554e-18 -1.25146e-26  4.23503e-19 -2.38036e-26  -3.3772e-19   7.6289e-27 -1.36795e-19   1.3959e-27 -7.67579e-21 -1.11684e-27  9.17223e-21  1.37397e-29  3.16491e-21  6.23881e-29  2.71225e-22  2.77906e-29 -1.13723e-22 -1.76447e-29 -4.46608e-23  7.38019e-31 -6.33854e-24  3.46922e-31  2.04804e-25  3.52754e-31  2.65907e-25 -1.07521e-31  5.36586e-26 -2.10294e-32  4.77606e-27  9.61097e-33 -1.52135e-28  2.95167e-34 -1.05298e-28 -2.70339e-34 -1.50271e-29  -7.2357e-35 -1.10248e-30  1.92165e-35 -2.55515e-32  9.80765e-37  3.15876e-33 -2.20727e-37  3.63979e-34 -8.03511e-39  1.73449e-35 -1.69281e-39  3.88779e-37  6.95824e-41  2.69929e-39  1.35622e-42
-1.00386e-34  1.50922e-20  6.45091e-33 -5.73505e-19 -9.23786e-32  1.14529e-17  6.91818e-31 -1.51088e-16 -2.11315e-30  1.45361e-15 -1.53437e-29  -1.0773e-14  2.77206e-28  6.36279e-14 -2.37331e-27 -3.06253e-13  1.48193e-26  1.21931e-12 -7.46351e-26 -4.05473e-12  3.16246e-25   1.1325e-11 -1.15281e-24 -2.66171e-11  3.66373e-24   5.2542e-11 -1.02375e-23 -8.65521e-11  2.52886e-23  1.17456e-10 -5.54002e-23 -1.28215e-10  1.07775e-22  1.07427e-10 -1.86054e-22  -6.1676e-11  2.84121e-22  1.45583e-11 -3.81324e-22  1.12424e-11  4.44563e-22  -1.2201e-11   -4.409e-22  2.71188e-12  3.57057e-22  2.73169e-12 -2.13642e-22 -1.78415e-12  6.05401e-23 -3.20715e-13   4.8532e-23   5.6554e-13 -8.65893e-23  8.65538e-15  6.60927e-23 -1.45018e-13 -2.42677e-23  1.88676e-15 -5.40113e-24  3.33854e-14  1.18706e-23  1.63086e-15 -4.06256e-24 -6.69576e-15 -4.25002e-24 -1.19981e-15  6.31232e-24  1.02193e-15 -3.59107e-24  3.95632e-16  3.42941e-25 -7.91416e-17  1.07238e-24 -7.65659e-17 -9.08921e-25 -7.93198e-18  3.37411e-25   7.6397e-18 -2.32525e-26  2.97486e-18 -2.78507e-26  6.12576e-21  4.32876e-27 -2.87812e-19  4.93298e-27 -8.21796e-20 -1.95897e-27 -3.74999e-22  -1.0372e-28  5.77884e-21  9.72131e-29  1.63076e-21  5.87563e-29  1.16772e-22 -2.67803e-29 -5.02683e-23 -6.39023e-31 -1.78908e-23  7.44858e-31 -2.48555e-24  5.34976e-31 -3.51123e-27  -1.6269e-31  6.64204e-26  -2.3305e-32  1.35971e-26  1.21882e-32  1.32897e-27  2.03737e-34    2.627e-29 -3.31148e-34 -1.13486e-29 -7.99299e-35 -1.76339e-30  2.13862e-35 -1.31968e-31  9.76098e-37 -4.93867e-33 -1.81376e-37 -3.74734e-36 -1.08958e-38  7.78202e-36 -1.29624e-39  2.80627e-37  2.57291e-41  2.69213e-39
-4.17286e-21 -3.82217e-33  2.82231e-19   8.5721e-32 -7.48733e-18 -9.25738e-31  1.20443e-16  5.77753e-30 -1.35634e-15 -1.53437e-29  1.14933e-14  -9.9404e-29 -7.64827e-14  1.62918e-27  4.10816e-13 -1.27977e-26 -1.81407e-12  7.39162e-26  6.66619e-12 -3.46452e-25 -2.05414e-11  1.37274e-24  5.32818e-11 -4.69738e-24 -1.16364e-10  1.40585e-23   2.1317e-10 -3.70938e-23 -3.24679e-10  8.67274e-23  4.04341e-10 -1.80219e-22 -3.99099e-10  3.33209e-22  2.92513e-10 -5.47663e-22 -1.32112e-10  7.97433e-22  1.71405e-12 -1.02143e-21  4.60051e-11   1.1365e-21 -2.79302e-11 -1.07368e-21 -1.45255e-12  8.23015e-22  9.44352e-12 -4.55863e-22 -2.56292e-12  9.92505e-23 -2.12229e-12  1.30785e-22  1.08457e-12 -1.92842e-22  4.37517e-13  1.33091e-22 -2.98993e-13 -3.99353e-23 -1.01823e-13  -1.8972e-23  6.40789e-14  2.80632e-23  2.66695e-14 -1.00965e-23 -9.94289e-15 -7.03834e-24 -6.49505e-15  1.14444e-23  6.50243e-16 -6.75994e-24  1.20912e-15  1.03536e-24  1.63032e-16  1.51661e-24 -1.35735e-16 -1.36116e-24 -5.58479e-17  5.00273e-25  1.99642e-18 -3.64787e-26  6.85273e-18 -3.03691e-26  1.70561e-18 -2.70877e-27 -1.61334e-19  1.01476e-26 -1.91031e-19 -2.80657e-27  -4.1884e-20 -3.67337e-28  1.31967e-21  1.25108e-28   2.9169e-21  1.09818e-28  7.15284e-22 -3.77092e-29  4.93766e-23 -2.76164e-30 -1.68382e-23  1.19437e-30 -5.76286e-24  7.01911e-31 -8.02124e-25 -2.15099e-31 -2.60629e-26   -2.101e-32  1.14233e-26  1.40063e-32  2.49558e-27  7.58393e-35  2.55393e-28  -3.9327e-34   1.1488e-29 -8.02057e-35 -4.97934e-31  2.20954e-35 -1.15691e-31  9.17233e-37 -8.28831e-33 -1.40915e-37 -3.00158e-34 -1.12248e-38 -4.46877e-36 -8.49089e-40  1.22373e-38  5.74947e-42
 1.50921e-33 -1.04834e-19 -6.06213e-32   4.0445e-18  9.16594e-31 -8.20564e-17 -7.95757e-30  1.10054e-15   4.2413e-29  -1.0773e-14  -9.9404e-29  8.13016e-14 -5.80071e-28 -4.89424e-13  8.68071e-27  2.40344e-12 -6.28543e-26 -9.77416e-12  3.36944e-25  3.32434e-11 -1.47352e-24 -9.51093e-11  5.46996e-24  2.29394e-10 -1.75949e-23 -4.65753e-10  4.96375e-23  7.91499e-10  -1.2375e-22 -1.11273e-09  2.73967e-22  1.26657e-09 -5.40137e-22 -1.11998e-09  9.49313e-22  6.99652e-10 -1.48584e-21 -2.15992e-10  2.06343e-21 -8.81016e-11 -2.52343e-21  1.35013e-10  2.68075e-21 -4.48698e-11  -2.4132e-21 -2.37092e-11  1.75019e-21  2.28482e-11 -8.93406e-22  5.16814e-13  1.31356e-22 -6.68244e-12  3.12857e-22  8.75757e-13 -3.96471e-22  1.66468e-12  2.49846e-22 -2.83987e-13 -6.13008e-23 -3.94577e-13 -4.60851e-23  4.29902e-14  5.67986e-23  8.69616e-14 -2.08883e-23  2.34655e-15 -1.06376e-23   -1.583e-14  1.88437e-23 -3.30069e-15 -1.13485e-23  1.89768e-15  2.04196e-24  9.29404e-16  2.13707e-24 -4.08237e-17 -1.98482e-24 -1.31176e-16  7.17281e-25 -3.02539e-17 -5.39625e-26  6.01394e-18 -2.96858e-26  4.71485e-18 -1.45575e-26  7.96467e-19  1.69749e-26 -1.58707e-19 -3.41628e-27 -1.03515e-19 -8.17355e-28 -1.85736e-20  1.30821e-28  9.14991e-22  1.80367e-28  1.19141e-21 -4.83815e-29  2.65867e-22 -5.29623e-30  1.97747e-23   1.5676e-30 -4.09002e-24  7.96259e-31 -1.44861e-24 -2.55388e-31 -2.03554e-25 -1.26155e-32 -1.13003e-26  1.48694e-32  1.12407e-27 -6.40193e-35  3.07746e-28 -4.51143e-34  3.18885e-29 -7.25362e-35  1.72461e-30  2.12082e-35   2.3976e-32  8.01425e-37 -3.14917e-33  -1.0567e-37 -2.19068e-34 -9.33923e-39 -5.57654e-36 -4.50319e-40 -4.14502e-38
 2.55532e-20  3.20143e-32 -1.75478e-18 -7.19023e-31  4.72976e-17  8.26652e-30 -7.73554e-16 -5.97752e-29  8.86352e-15  2.77206e-28 -7.64827e-14 -5.80071e-28  5.18739e-13 -3.07301e-27 -2.84267e-12  4.22224e-26  1.28204e-11 -2.82935e-25 -4.81761e-11  1.41197e-24  1.52023e-10 -5.77425e-24 -4.04496e-10   2.0116e-23   9.0803e-10 -6.08981e-23 -1.71429e-09  1.62075e-22  2.70024e-09 -3.81971e-22 -3.49542e-09  8.00906e-22  3.61651e-09 -1.49825e-21 -2.82687e-09  2.50321e-21  1.43889e-09 -3.73136e-21  -1.7561e-10  4.94333e-21 -3.96101e-10 -5.77394e-21  3.07936e-10  5.85924e-21 -2.54283e-11 -5.02766e-21  -8.9172e-11  3.44873e-21   3.8131e-11 -1.61408e-21  1.65465e-11  1.13121e-22 -1.40318e-11  6.74398e-22 -2.66462e-12 -7.54534e-22  3.81468e-12  4.38404e-22  5.71329e-13 -8.92512e-23 -8.71495e-13  -9.1254e-23 -1.83622e-13  1.00998e-22  1.61317e-13 -3.73282e-23  5.79249e-14 -1.50316e-23 -1.98085e-14  2.86717e-23  -1.3709e-14 -1.74338e-23  2.11051e-16  3.31136e-24  2.07786e-15  3.02838e-24  4.89361e-16 -2.83713e-24 -1.34166e-16  1.00413e-24 -9.32659e-17 -7.80204e-26 -1.18106e-17 -2.41778e-26  5.64873e-18 -3.18184e-26  2.64571e-18  2.49993e-26  3.11055e-19 -3.50346e-27 -9.81155e-20 -1.45414e-27 -4.67503e-20  9.53761e-29 -7.28877e-21  2.63007e-28    3.384e-22 -5.57249e-29  3.90991e-22 -7.56607e-30  8.22735e-23  1.73202e-30  6.85849e-24  7.57596e-31 -6.36585e-25  -2.7775e-31 -2.71295e-25  1.73377e-33 -3.85242e-26  1.48633e-32  -2.6663e-27 -1.77814e-34  1.24539e-29 -4.90829e-34  2.23737e-29 -5.80332e-35  2.34925e-30  1.89019e-35  1.24072e-31     6.34e-37  3.11013e-33 -7.66599e-38  1.56993e-36 -6.31065e-39 -1.29869e-36 -1.67151e-40
-1.10656e-32  5.78384e-19  4.47131e-31 -2.26728e-17 -6.97255e-30  4.67713e-16  6.44359e-29 -6.38295e-15 -3.97907e-28  6.36279e-14  1.62918e-27 -4.89424e-13 -3.07301e-27  3.00578e-12 -1.48772e-26 -1.50747e-11  1.88568e-25  6.26832e-11 -1.17357e-24 -2.18281e-10  5.46666e-24    6.404e-10  -2.0948e-23 -1.58686e-09  6.85893e-23  3.31774e-09  -1.9563e-22 -5.82324e-09  4.91498e-22  8.49044e-09 -1.09535e-21 -1.00865e-08  2.17536e-21  9.41388e-09 -3.86098e-21  -6.3735e-09  6.13152e-21  2.41224e-09  -8.7045e-21  4.28723e-10   1.1003e-20 -1.17156e-09 -1.22795e-20  5.32146e-10  1.19091e-20  1.36258e-10 -9.74491e-21 -2.24516e-10  6.31997e-21  2.76357e-11 -2.69535e-21   5.9614e-11 -4.02173e-23 -1.78478e-11  1.32363e-21  -1.4038e-11 -1.33236e-21  5.29452e-12  7.20328e-22  3.37388e-12 -1.25825e-22 -1.07241e-12 -1.54913e-22 -8.16385e-13  1.59862e-22  1.22469e-13 -5.87549e-23    1.744e-13 -2.02616e-23  9.00341e-15  4.08086e-23 -2.73543e-14  -2.4932e-23 -7.50112e-15  4.73558e-24  2.14383e-15  4.30468e-24  1.54838e-15 -3.97951e-24  1.50347e-16  1.37518e-24 -1.32718e-16 -1.09734e-25 -5.28559e-17 -1.30991e-26 -2.73265e-18 -5.42285e-26  3.65981e-18  3.34084e-26  1.25026e-18 -2.80165e-27  1.06188e-19 -2.21827e-27 -4.51302e-20 -1.03789e-30 -1.76914e-20  3.43444e-28 -2.53476e-21 -5.64222e-29  6.58862e-23 -8.65017e-30   1.0077e-22   1.6088e-30  2.05648e-23  5.43679e-31  1.89404e-24 -2.81915e-31 -3.37328e-26  1.96653e-32 -3.51604e-26  1.42303e-32 -5.09541e-27  -2.2439e-34 -3.79702e-28   -4.936e-34 -1.09016e-29 -3.91573e-35  6.81054e-31  1.56243e-35  8.56477e-32  4.39255e-37   3.7916e-33 -5.23391e-38  7.35111e-35 -3.33377e-39  3.70504e-37
-1.25749e-19  -2.1073e-31  8.77502e-18   4.8305e-30 -2.40507e-16 -5.73888e-29  4.00276e-15  4.41641e-28 -4.67088e-14 -2.37331e-27  4.10816e-13  8.68071e-27 -2.84267e-12 -1.48772e-26  1.59089e-11 -6.61909e-26  -7.3357e-11  7.77159e-25  2.82195e-10 -4.50609e-24 -9.12943e-10  1.96394e-23  2.49464e-09 -7.06478e-23 -5.76314e-09  2.17706e-22  1.12265e-08 -5.85555e-22 -1.83094e-08  1.38948e-21   2.4663e-08  -2.9287e-21 -2.67668e-08  5.50848e-21  2.22933e-08 -9.27358e-21 -1.26439e-08  1.39948e-20  2.75599e-09 -1.89191e-20  2.60479e-09  2.28215e-20 -2.68701e-09 -2.43454e-20  5.60954e-10  2.25792e-20  6.41731e-10 -1.76277e-20   -4.106e-10  1.08042e-20 -7.97877e-11  -4.1668e-21   1.3654e-10 -4.61756e-22   2.2085e-12  2.38365e-21 -3.63359e-11 -2.18743e-21  6.96954e-13  1.10966e-21  8.67076e-12 -1.75842e-22  3.35169e-13 -2.29221e-22 -1.81184e-12  2.26227e-22 -3.02826e-13  -8.2182e-23  2.91419e-13 -2.64548e-23  1.07846e-13  5.48222e-23 -2.49588e-14 -3.36144e-23 -2.21658e-14  6.17626e-24  -1.9712e-15  6.07666e-24   2.3639e-15  -5.4619e-24  8.77222e-16  1.83636e-24 -1.26076e-17 -1.46838e-25  -9.0594e-17  2.75157e-27  -2.4866e-17 -8.04477e-26  1.81796e-19  4.10432e-26  1.84877e-18 -1.12796e-27  5.06704e-19 -2.98568e-27  3.41002e-20 -1.74298e-28  -1.6054e-20  4.02743e-28 -5.56896e-21 -4.80581e-29 -7.66244e-22 -7.60746e-30 -2.51163e-24  1.21764e-30  1.95498e-23  1.51857e-31  3.97937e-24 -2.72721e-31   3.9013e-25  3.69556e-32  9.72421e-27  1.31883e-32 -2.73464e-27 -1.75777e-34 -4.30083e-28 -4.45595e-34 -3.14741e-29 -1.91022e-35 -1.17423e-30  1.19571e-35 -8.03058e-33  2.56379e-37  1.01298e-33 -3.17744e-38  2.99529e-35 -1.20594e-39
 6.56064e-32 -2.59077e-18 -2.69825e-30  1.03283e-16  4.29775e-29 -2.16834e-15 -4.10355e-28  3.01391e-14  2.69658e-27 -3.06253e-13 -1.27977e-26  2.40344e-12  4.22224e-26 -1.50747e-11 -6.61909e-26  7.72958e-11 -2.71962e-25 -3.29005e-10  2.96864e-24  1.17439e-09 -1.60807e-23 -3.53741e-09  6.57194e-23  9.01646e-09 -2.22302e-22 -1.94364e-08  6.45525e-22   3.5279e-08 -1.63862e-21 -5.34115e-08  3.67396e-21  6.62901e-08  -7.3241e-21   -6.532e-08  1.30428e-20  4.77814e-08 -2.08184e-20 -2.13437e-08  2.98424e-20 -2.36024e-10 -3.84089e-20  8.09286e-09  4.42193e-20 -4.86033e-09 -4.51132e-20 -3.07463e-10  4.00403e-20  1.72997e-09 -2.98415e-20 -4.77526e-10  1.72754e-20  -4.0038e-10 -5.96429e-21  2.12682e-10 -1.32591e-21  8.36134e-11  3.96234e-21 -6.12856e-11  -3.3446e-21 -1.97537e-11  1.60414e-21  1.38121e-11  -2.4875e-22  5.37793e-12 -2.94339e-22 -2.30285e-12  2.84826e-22 -1.38524e-12 -1.02057e-22  1.86233e-13  -3.3769e-23  2.75072e-13  6.99838e-23  3.05695e-14 -4.31487e-23 -3.35726e-14  7.50229e-24 -1.27182e-14  8.41784e-24  8.53359e-16 -7.30138e-24  1.70726e-15  2.37755e-24  3.92303e-16 -1.82374e-25 -5.10853e-17  2.09432e-26 -4.86223e-17 -1.08182e-25 -9.99883e-18  4.65659e-26  5.22438e-19  1.56304e-27  7.57448e-19 -3.58431e-27  1.77379e-19 -4.30362e-28  1.10218e-20  4.21654e-28 -4.39687e-21 -3.02362e-29 -1.43002e-21 -3.77731e-30  -1.9389e-22  6.85091e-31   -6.137e-24 -3.69236e-31  2.64127e-24 -2.57605e-31   5.6294e-25  4.88612e-32  5.63878e-26  1.18273e-32  2.57354e-27 -3.08259e-35 -7.74609e-29 -3.47658e-34 -1.98883e-29 -1.17589e-36 -1.34028e-30  8.44507e-36 -4.39911e-32  1.20033e-37   -5.848e-34 -1.57314e-38 -1.82246e-37
 5.06215e-19   1.1528e-30 -3.59289e-17 -2.68764e-29  1.00231e-15   3.2603e-28 -1.69921e-14 -2.59148e-27  2.02141e-13  1.48193e-26 -1.81407e-12 -6.28543e-26  1.28204e-11  1.88568e-25  -7.3357e-11 -2.71962e-25  3.46239e-10 -1.03629e-24 -1.36517e-09  1.05501e-23   4.5335e-09 -5.35242e-23 -1.27384e-08  2.05525e-22  3.03249e-08  -6.5475e-22 -6.10323e-08  1.79365e-21  1.03197e-07 -4.30014e-21 -1.44823e-07  9.11235e-21  1.65008e-07 -1.71788e-20 -1.46352e-07  2.89517e-20  9.17147e-08 -4.37863e-20 -2.80269e-08  5.95849e-20 -1.25776e-08 -7.29908e-20  1.89168e-08  8.02136e-20 -6.38173e-09 -7.83121e-20 -3.41814e-09  6.65744e-20  3.40337e-09 -4.73968e-20  3.41168e-11   2.5893e-20 -1.02631e-09 -7.88922e-21  1.58679e-10 -2.82232e-21   2.6263e-10  6.10956e-21  -5.3757e-11 -4.76836e-21 -6.44076e-11  2.17713e-21  9.49746e-12 -3.59808e-22  1.49052e-11 -3.17049e-22 -1.31945e-13  3.12565e-22 -2.89899e-12   -1.108e-22  -5.0485e-13 -4.22658e-23  3.84016e-13  8.53267e-23  1.66522e-13 -5.31478e-23 -1.47976e-14  8.63135e-24 -2.61052e-14  1.13246e-23 -5.26373e-15 -9.46057e-24  1.45726e-15  2.96756e-24  9.53056e-16 -2.05022e-25  1.40148e-16  3.80645e-26  -3.8743e-17 -1.34671e-25 -2.15291e-17  4.87251e-26 -3.52757e-18  5.15262e-27  2.78343e-19 -3.83101e-27  2.54272e-19 -7.59692e-28  5.33591e-20  3.85835e-28  3.52256e-21 -5.18864e-30 -8.92363e-22  2.93507e-30 -2.89951e-22  2.08631e-31 -3.90756e-23 -9.25581e-31 -2.07032e-24  -2.4335e-31  2.06765e-25  5.18921e-32  5.36251e-26  1.01474e-32  5.30551e-27  1.81724e-34  2.75077e-28 -2.18402e-34  4.23889e-30  1.18603e-35 -3.51967e-31  5.46797e-36 -2.20044e-32  4.19991e-38 -4.21544e-34 -5.38247e-39
-3.27031e-31  9.55897e-18  1.36696e-29 -3.87933e-16 -2.21333e-28  8.29719e-15  2.15682e-27 -1.17588e-13  -1.4635e-26  1.21931e-12  7.39162e-26 -9.77416e-12 -2.82935e-25  6.26832e-11  7.77159e-25 -3.29005e-10 -1.03629e-24  1.43528e-09 -3.67545e-24 -5.25838e-09  3.49985e-23  1.62832e-08  -1.6668e-22  -4.2751e-08  6.02461e-22  9.51489e-08 -1.81023e-21 -1.78848e-07  4.68332e-21  2.81536e-07 -1.06109e-20 -3.65467e-07  2.12553e-20  3.80378e-07 -3.78841e-20 -2.99935e-07  6.03847e-20  1.54312e-07 -8.64611e-20 -1.87372e-08  1.11609e-19 -4.44877e-08 -1.30074e-19  3.54447e-08  1.36477e-19 -3.37377e-09  -1.2761e-19 -1.04971e-08  1.04023e-19  4.83152e-09 -7.07948e-20  1.91509e-09  3.64447e-20 -1.82774e-09 -9.58902e-21 -2.81655e-10 -5.11412e-21  5.14894e-10  8.77337e-21  5.64016e-11 -6.34142e-21  -1.2349e-10  2.77325e-21  -2.0467e-11 -5.29317e-22  2.45412e-11 -2.53444e-22  7.45496e-12  2.81415e-22 -3.41942e-12 -1.00091e-22  -1.9793e-12 -5.17685e-23  1.36724e-13  9.97249e-23  3.35049e-13 -6.32073e-23  6.51611e-14  9.56932e-24 -2.62912e-14  1.46796e-23 -1.50172e-14 -1.18344e-23 -1.39381e-15  3.55486e-24  1.07993e-15 -2.01276e-25  4.36807e-16  5.08789e-26  4.00797e-17 -1.57395e-25 -1.96002e-17  4.66528e-26 -8.03108e-18  9.36629e-27 -1.11584e-18 -3.57945e-27  9.10885e-20 -1.13428e-27  6.94321e-20  2.90396e-28   1.3536e-20   2.2467e-29  1.00763e-21  1.18968e-29  -1.2163e-22 -1.22989e-32 -4.42199e-23 -1.40248e-30 -5.91541e-24  -2.3361e-31 -3.86278e-25  4.52138e-32  2.38828e-27  8.18588e-33  2.99251e-27  4.12311e-34  2.90168e-28 -8.77546e-35  1.39799e-29  1.85013e-35  3.15455e-31  3.20042e-36  6.88216e-34  9.82695e-39 -5.29749e-35
-1.68626e-18 -5.34281e-30   1.2186e-16  1.26511e-28 -3.46398e-15 -1.55922e-27  5.98857e-14  1.26427e-26 -7.27116e-13 -7.46351e-26  6.66619e-12  3.36944e-25 -4.81761e-11 -1.17357e-24  2.82195e-10  2.96864e-24 -1.36517e-09 -3.67545e-24  5.52441e-09 -1.21732e-23 -1.88578e-08  1.08697e-22  5.45638e-08 -4.86966e-22 -1.34045e-07  1.65971e-21  2.79141e-07 -4.71014e-21 -4.90046e-07  1.15197e-20  7.17435e-07 -2.46791e-20 -8.59011e-07  4.67355e-20  8.11155e-07  -7.8721e-20 -5.58172e-07  1.18576e-19  2.16663e-07 -1.60571e-19  3.68884e-08  1.96429e-19 -1.08388e-07 -2.17698e-19  5.20933e-08  2.18148e-19   1.1711e-08 -1.95569e-19  -2.2309e-08  1.53088e-19  3.55147e-09 -9.96728e-20  5.96608e-09  4.82363e-20 -2.13652e-09 -1.05709e-20 -1.41076e-09 -8.29331e-21  6.58079e-10   1.1773e-20  3.47707e-10 -7.86028e-21 -1.45102e-10     3.31e-21  -8.9382e-11 -7.78705e-22  2.05889e-11 -5.64462e-23  2.08177e-11  1.63702e-22 -1.54752e-13 -6.25871e-23 -3.64631e-12 -6.17651e-23 -7.93759e-13  1.11966e-22  3.51786e-13 -7.29257e-23  2.00335e-13  1.04415e-23  9.73455e-15  1.82321e-23  -2.0443e-14 -1.42541e-23 -6.87484e-15  4.07556e-24 -4.63318e-17 -1.58729e-25  5.75057e-16  5.74648e-26   1.6975e-16  -1.7475e-25  9.31696e-18  4.01007e-26 -7.56874e-18  1.38152e-26 -2.53829e-18 -2.76395e-27  -3.1883e-19  -1.5093e-27  1.93238e-20  1.42258e-28  1.50786e-20  4.68585e-29  2.80316e-21  2.17947e-29  2.32702e-22   1.4761e-31 -7.75578e-24 -1.70054e-30 -4.70937e-24 -2.28158e-31  -6.2624e-25  3.10027e-32 -4.32924e-26  6.11302e-33 -1.12248e-27  6.06665e-34  6.89805e-29  1.54383e-35  7.51007e-30  1.89815e-35  2.78378e-31  1.64625e-36  3.96379e-33  1.35379e-39
 1.39014e-30 -2.93151e-17 -5.90658e-29  1.21252e-15  9.70784e-28 -2.64521e-14 -9.60575e-27  3.82696e-13  6.64577e-26 -4.05473e-12 -3.46452e-25  3.32434e-11  1.41197e-24 -2.18281e-10 -4.50609e-24  1.17439e-09  1.05501e-23 -5.25838e-09 -1.21732e-23  1.98017e-08 -3.77573e-23 -6.31327e-08  3.16877e-22  1.70992e-07 -1.33804e-21 -3.93534e-07  4.30727e-21  7.67205e-07 -1.15604e-20 -1.25759e-06  2.67527e-20  1.70969e-06 -5.42199e-20 -1.88083e-06  9.70661e-20  1.59606e-06  -1.5443e-19 -9.30266e-07  2.19604e-19   2.1788e-07 -2.80887e-19  1.89827e-07  3.25257e-19 -2.10378e-07 -3.42604e-19  5.09082e-08  3.28051e-19  4.91648e-08 -2.82412e-19 -3.57471e-08  2.12685e-19  -4.9221e-09 -1.32586e-19  1.20219e-08  6.00835e-20 -5.03096e-10 -1.02509e-20 -3.27759e-09 -1.23511e-20  2.79713e-10  1.48041e-20  8.17919e-10 -9.05426e-21 -2.48627e-11  3.68566e-21 -1.83818e-10 -1.12307e-21 -1.81483e-11  3.12715e-22  3.30639e-11 -6.13356e-23  9.51153e-12  6.40041e-24  -3.6095e-12 -7.13739e-23 -2.34162e-12  1.20799e-22  -5.9905e-14  -8.1914e-23  2.98394e-13  1.15073e-23  8.96302e-14  2.16111e-23 -8.01505e-15 -1.65128e-23 -1.14291e-14  4.46705e-24 -2.59487e-15 -6.92451e-26  1.84368e-16  5.78231e-26  2.43336e-16 -1.86424e-25  5.70759e-17   2.9538e-26  1.94346e-18  1.80586e-26 -2.30586e-18 -1.42485e-27 -6.74853e-19 -1.83009e-27 -8.08766e-20  -4.0533e-29   2.0682e-21  6.25451e-29  2.50191e-21  3.09117e-29  4.52793e-22  6.86119e-31  4.01318e-23 -1.76876e-30  6.18555e-25 -2.23859e-31 -3.06616e-25  1.35768e-32 -4.20101e-26  4.20697e-33 -2.76877e-27  7.21775e-34 -9.14569e-29  7.46809e-35 -4.95347e-31  1.51464e-35  5.54808e-32  7.02279e-37   9.6005e-34
 4.67935e-18  2.12371e-29 -3.44741e-16 -5.10932e-28   9.9981e-15  6.38822e-27 -1.76498e-13 -5.25635e-26  2.19018e-12  3.16246e-25 -2.05414e-11 -1.47352e-24  1.52023e-10  5.46666e-24 -9.12943e-10 -1.60807e-23   4.5335e-09  3.49985e-23 -1.88578e-08 -3.77573e-23  6.62726e-08 -1.09953e-22 -1.97779e-07  8.69157e-22  5.02222e-07 -3.46552e-21 -1.08391e-06   1.0553e-20  1.97886e-06 -2.68197e-20 -3.02687e-06  5.87773e-20  3.81303e-06 -1.12739e-19 -3.83381e-06  1.90776e-19  2.88353e-06 -2.86496e-19 -1.34972e-06  3.84165e-19  2.71884e-08 -4.63414e-19  5.04045e-07  5.07232e-19 -3.31998e-07 -5.07496e-19   -3.975e-09  4.64713e-19  1.16413e-07 -3.85001e-19 -3.98598e-08  2.79653e-19 -2.58826e-08 -1.67058e-19  1.73367e-08  7.04375e-20  5.04247e-09  -8.0291e-21 -5.15537e-09 -1.71768e-20 -1.17297e-09  1.74825e-20  1.24315e-09 -9.62722e-21  3.53878e-10  3.79207e-21 -2.34875e-10 -1.56128e-21 -1.05475e-10  8.71651e-22  2.71402e-11 -4.01412e-22  2.42712e-11  1.07672e-22  8.43508e-13 -7.93483e-23 -3.54068e-12  1.24947e-22  -1.0307e-12 -8.98067e-23  1.83803e-13  1.31476e-23  1.74533e-13  2.43766e-23  3.01774e-14  -1.8409e-23 -8.34435e-15  4.68323e-24 -5.10604e-15  6.91506e-26 -8.29511e-16  5.37068e-26  1.18915e-16 -1.93313e-25  8.46992e-17  1.60747e-26   1.6779e-17  2.16711e-26  4.72025e-19  2.93265e-28   -5.526e-19 -2.04355e-27 -1.47947e-19 -2.32447e-28 -1.74619e-20  6.61685e-29  -1.7481e-22  3.75626e-29  2.96365e-22  1.46471e-30  5.36984e-23 -1.62055e-30  4.82489e-24 -2.16601e-31   1.8506e-25 -2.28644e-33 -8.36425e-27  2.72515e-33 -1.51818e-27  7.36839e-34  -8.6834e-29  9.02158e-35 -2.33273e-30  9.62411e-36 -2.20841e-32  2.14672e-37
-5.08661e-30  7.50774e-17  2.20042e-28 -3.16926e-15 -3.67258e-27   7.0622e-14  3.68409e-26 -1.04455e-12 -2.58486e-25   1.1325e-11  1.37274e-24 -9.51093e-11 -5.77425e-24    6.404e-10  1.96394e-23 -3.53741e-09 -5.35242e-23  1.62832e-08  1.08697e-22 -6.31327e-08 -1.09953e-22  2.07591e-07 -3.01316e-22 -5.81031e-07  2.24785e-21   1.3852e-06 -8.47776e-21 -2.80575e-06  2.44573e-20  4.79722e-06 -5.89247e-20 -6.84035e-06   1.2239e-19  7.96128e-06 -2.22237e-19 -7.26317e-06  3.55399e-19  4.74096e-06 -5.03387e-19 -1.59037e-06  6.35615e-19 -5.72992e-07  -7.2182e-19  1.02411e-06  7.45551e-19 -4.03564e-07 -7.08082e-19 -1.63976e-07  6.20853e-19  2.05752e-07 -4.96516e-19 -1.33043e-08  3.49025e-19 -6.13215e-08 -1.99959e-19  1.51168e-08  7.76324e-20  1.57156e-08 -3.37586e-21 -5.06043e-09 -2.25856e-20 -3.99405e-09  1.94167e-20  1.07836e-09 -9.31301e-21  1.00203e-09  3.52947e-21 -1.13852e-10 -2.06652e-21 -2.19732e-10  1.60632e-21 -1.84511e-11   -8.472e-22  3.47882e-11  2.37595e-22  1.10043e-11 -8.40966e-23 -2.50706e-12  1.23137e-22 -2.18671e-12 -9.62799e-23 -2.84418e-13   1.5815e-23  1.72229e-13  2.61036e-23  7.98545e-14 -1.97947e-23    7.112e-15  4.70596e-24 -4.68931e-15  2.52081e-25 -1.90302e-15  4.78119e-26 -2.31876e-16 -1.97033e-25  4.67386e-17  1.23877e-27  2.44719e-17  2.43011e-26  4.30297e-18  2.17012e-27  1.47335e-19 -2.11115e-27 -1.01249e-19 -4.06056e-28 -2.58655e-20  5.74495e-29 -3.02954e-21  4.05451e-29 -1.12351e-22   2.2499e-30  2.19284e-23 -1.32527e-30  4.29795e-24 -2.03184e-31  3.72304e-25 -1.30677e-32  1.66796e-26  1.77175e-33  1.63446e-28  6.57429e-34 -2.06399e-29   7.5386e-35 -9.24399e-31  4.70385e-36 -1.01318e-32
-1.08448e-17 -7.30061e-29  8.15738e-16  1.78748e-27 -2.41743e-14 -2.26815e-26   4.3645e-13  1.89066e-25 -5.54417e-12 -1.15281e-24  5.32818e-11  5.46996e-24 -4.04496e-10  -2.0948e-23  2.49464e-09  6.57194e-23 -1.27384e-08  -1.6668e-22  5.45638e-08  3.16877e-22 -1.97779e-07 -3.01316e-22  6.09902e-07  -7.7867e-22 -1.60384e-06  5.49235e-21  3.59417e-06 -1.96261e-20 -6.83644e-06  5.37142e-20  1.09445e-05 -1.22815e-19 -1.45261e-05  2.41923e-19  1.55584e-05 -4.15946e-19 -1.27487e-05  6.28422e-19  6.97621e-06 -8.38762e-19 -1.16895e-06  9.95764e-19  -1.8619e-06 -1.06235e-18  1.70797e-06  1.03335e-18 -2.80214e-07 -9.30972e-19 -4.75997e-07  7.83124e-19  2.77247e-07 -6.07198e-19  7.20745e-08  4.14933e-19 -1.02825e-07 -2.28135e-19 -5.02824e-09  8.01952e-20  2.95796e-08  4.08351e-21  9.32637e-11  -2.8359e-20 -7.51819e-09   2.0288e-20 -4.26464e-10  -7.9312e-21  1.65914e-09   2.8211e-21  3.08738e-10 -2.58139e-21 -2.78977e-10  2.46657e-21 -1.10947e-10 -1.37163e-21  2.39472e-11  3.88302e-22  2.34021e-11 -8.37406e-23  2.46429e-12  1.14152e-22 -2.49462e-12 -1.01071e-22 -1.00415e-12  1.99491e-23 -9.72089e-15  2.64762e-23   9.8994e-14 -2.06113e-23  3.00729e-14  4.54865e-24   7.7767e-16  4.69942e-25 -1.94729e-15  4.27395e-26 -6.04209e-16 -1.99199e-25 -5.90927e-17 -1.33189e-26  1.32887e-17  2.57137e-26  5.82679e-18  3.95613e-27  9.44949e-19  -2.0196e-27   4.4398e-20 -5.38006e-28 -1.33291e-20  3.91489e-29 -3.43421e-21  3.94449e-29 -3.95285e-22  2.79063e-30 -2.08784e-23 -9.79217e-31  6.40458e-25 -1.82444e-31   2.0302e-25 -1.75143e-32  1.62648e-26  1.26108e-33   6.5481e-28  5.12464e-34  1.14128e-29  4.82332e-35 -2.84932e-33  1.55134e-36
  1.6125e-29 -1.60673e-16 -7.11952e-28  6.93392e-15  1.20868e-26 -1.58096e-13 -1.22966e-25  2.39479e-12   8.7335e-25 -2.66171e-11 -4.69738e-24  2.29394e-10   2.0116e-23 -1.58686e-09 -7.06478e-23  9.01646e-09  2.05525e-22  -4.2751e-08 -4.86966e-22  1.70992e-07  8.69157e-22 -5.81031e-07  -7.7867e-22  1.68396e-06 -1.90131e-21  -4.1671e-06  1.27024e-20  8.78719e-06 -4.30731e-20 -1.57017e-05  1.11984e-19  2.35241e-05 -2.43218e-19 -2.90019e-05   4.5459e-19  2.84332e-05 -7.40108e-19 -2.06175e-05  1.05595e-18  8.87068e-06  -1.3268e-18  7.13021e-07  1.47848e-18 -4.07332e-06  -1.4783e-18  2.33048e-06  1.35083e-18  2.55269e-07 -1.15355e-18 -9.37629e-07  9.33625e-19  2.45637e-07 -7.06162e-19   2.3648e-07  4.71934e-19 -1.24255e-07 -2.49116e-19 -5.25627e-08  7.71334e-20  3.89608e-08  1.44936e-20  1.30191e-08 -3.42743e-20 -9.46971e-09  1.99137e-20 -3.74083e-09  -5.4294e-21  1.70366e-09   1.6266e-21  1.02793e-09 -3.02146e-21 -1.52114e-10  3.37012e-21 -2.17861e-10 -1.93272e-21 -2.37056e-11  5.48568e-22  2.81247e-11 -7.62978e-23  1.07911e-11  9.69621e-23 -7.20145e-13 -1.03984e-22 -1.49753e-12  2.58694e-23 -3.58807e-13  2.53624e-23   4.0584e-14 -2.08997e-23  4.34757e-14  4.25067e-24  9.61649e-15   7.0946e-25 -2.14147e-16  4.01609e-26 -6.42231e-16 -2.00774e-25 -1.64634e-16 -2.61051e-26 -1.42244e-17  2.58169e-26   2.7862e-18  5.42322e-27  1.11879e-18 -1.78561e-27  1.71526e-19 -6.13784e-28  1.03374e-20  1.60176e-29 -1.09172e-21  3.46893e-29 -3.22613e-22  2.90364e-30 -3.58759e-23 -6.69748e-31 -2.08129e-24 -1.55419e-31 -3.15867e-26 -1.65944e-32  4.26237e-27  9.95904e-34  3.18831e-28  3.44166e-34  8.71816e-30  2.33245e-35  6.96465e-32
