   0.0736962 -8.83628e-17   -0.0263828  3.70779e-17   -0.0230979  1.75069e-16    -0.011798  5.60344e-17  -0.00481345  -4.6577e-17  -0.00163057 -5.50572e-17 -0.000433795 -4.12146e-17 -6.53019e-05 -2.15455e-17  1.61932e-05  -5.7494e-18  1.93449e-05 -1.30214e-18   1.0167e-05 -1.62228e-18  3.79269e-06   -1.133e-18  9.80792e-07 -3.07073e-19  8.04132e-08  4.45041e-20 -9.49362e-08  4.61601e-20 -7.72535e-08  -1.3945e-20 -3.92958e-08 -3.22696e-20 -1.61232e-08 -2.17207e-20 -5.72784e-09 -8.67294e-21 -1.81705e-09 -1.95401e-21 -5.23368e-10  8.60937e-23  -1.3827e-10   3.4879e-22 -3.37308e-11  2.40861e-22 -7.63274e-12  1.34559e-22 -1.60701e-12  6.95677e-23 -3.15411e-13  3.32618e-23 -5.77622e-14  1.45325e-23 -9.86887e-15   5.8349e-24 -1.57101e-15  2.19058e-24 -2.32342e-16  7.82329e-25 -3.17564e-17   2.6805e-25 -3.97431e-18  8.79942e-26 -4.47653e-19  2.75078e-26  -4.3779e-20  8.14478e-27 -3.37934e-21  2.27668e-27 -1.28362e-22   5.9841e-28  1.90589e-23  1.46506e-28  5.92361e-24  3.27508e-29  1.02531e-24  6.43869e-30  1.42246e-25  1.02807e-30  1.71786e-26  1.01327e-31  1.86412e-27 -8.45522e-33  1.84503e-28 -7.80606e-33  1.67851e-29 -2.56807e-33   1.4091e-30 -6.27668e-34  1.09341e-31  -1.2822e-34  7.84383e-33 -2.28951e-35  5.19705e-34 -3.66877e-36  3.17424e-35 -5.39525e-37  1.78223e-36 -7.44585e-38   9.1648e-38 -9.82011e-39  4.29626e-39 -1.24301e-39  1.82536e-40 -1.48675e-40  6.97883e-42 -1.63058e-41  2.37971e-43 -1.58536e-42  7.15678e-45 -1.32533e-43  1.87131e-46 -9.27922e-45  4.17489e-48 -5.31144e-46  7.74615e-50 -2.42346e-47  1.15206e-51 -8.53437e-49  1.29708e-53 -2.19793e-50  9.99169e-56 -3.66419e-52  4.18117e-58  -2.5968e-54
-8.83628e-17     0.112212 -1.96469e-16   0.00194397  7.80131e-17    -0.022098  2.59254e-16    -0.017998  8.98234e-17   -0.0102605 -5.90809e-17  -0.00495473 -9.85264e-17  -0.00216825  -8.0535e-17 -0.000896763 -4.02852e-17 -0.000363488 -1.44467e-17 -0.000148809  -7.9879e-18 -6.23648e-05 -5.80073e-18 -2.65012e-05  -2.8383e-18 -1.11404e-05 -7.52627e-19 -4.51524e-06 -8.31837e-20 -1.73173e-06 -7.58758e-20 -6.21679e-07 -1.29987e-19 -2.07816e-07 -1.05834e-19 -6.45701e-08   -5.412e-20 -1.86474e-08 -1.85285e-20  -5.0093e-09 -3.56228e-21 -1.25293e-09  4.60243e-22 -2.92024e-10  8.87501e-22 -6.34464e-11  6.14716e-22 -1.28456e-11   3.4873e-22 -2.42046e-12  1.77412e-22 -4.23284e-13   8.1745e-23   -6.835e-14  3.43542e-23 -1.00977e-14  1.33738e-23 -1.34133e-15  4.90973e-24 -1.54403e-16  1.72088e-24 -1.39351e-17  5.77691e-25 -5.82516e-19   1.8506e-25  1.23365e-19  5.62779e-26  4.34871e-20  1.61853e-26  8.88763e-21    4.387e-27  1.46937e-21  1.11295e-27   2.1268e-22  2.60315e-28   2.7804e-23  5.45522e-29  3.33315e-24   9.6875e-30   3.6942e-25  1.25841e-30  3.80267e-26  3.61996e-32  3.64443e-27 -4.41299e-32  3.25554e-28 -1.84081e-32  2.71096e-29 -5.01339e-33  2.10306e-30 -1.10362e-33  1.51792e-31 -2.09284e-34  1.01742e-32 -3.52837e-35  6.31716e-34 -5.41352e-36  3.62218e-35 -7.73102e-37  1.91071e-36 -1.04909e-37  9.22998e-38 -1.36708e-38  4.06053e-39 -1.69723e-39  1.61594e-40 -1.95713e-40  5.76992e-42 -2.02823e-41  1.82986e-43 -1.83033e-42  5.08894e-45 -1.39981e-43  1.22082e-46 -8.85923e-45  2.47156e-48 -4.53342e-46  4.09554e-50 -1.82625e-47  5.30817e-52 -5.56869e-49  4.99455e-54   -1.189e-50  2.94883e-56 -1.44056e-52  7.05357e-59
  -0.0263828 -1.96469e-16    0.0929576 -2.53774e-16    0.0235616   1.3922e-16   -0.0111911  2.91794e-16   -0.0169977   1.0378e-16   -0.0127714 -7.13835e-17  -0.00761967 -1.34002e-16  -0.00402843 -1.05613e-16  -0.00197853 -5.33491e-17 -0.000924348 -2.66369e-17 -0.000414796 -1.78426e-17 -0.000178818 -1.08945e-17 -7.36563e-05 -4.67315e-18 -2.87779e-05 -1.40755e-18 -1.05936e-05 -5.07319e-19 -3.65573e-06 -4.18015e-19 -1.17877e-06 -3.48597e-19  -3.5447e-07 -2.09184e-19 -9.93014e-08 -9.00554e-20  -2.5896e-08  -2.7071e-20 -6.28105e-09 -4.14273e-21 -1.41483e-09  1.37398e-21 -2.95172e-10  1.73769e-21 -5.67598e-11  1.16175e-21 -9.97213e-12  6.42657e-22 -1.57421e-12  3.14697e-22 -2.15462e-13  1.39064e-22 -2.32201e-14  5.63821e-23 -1.20686e-15  2.13624e-23  2.69059e-16  7.67907e-24  1.15843e-16  2.63802e-24  2.82724e-17  8.65661e-25  5.56829e-18  2.70204e-25  9.60657e-19  7.99004e-26  1.49951e-19  2.23094e-26  2.15167e-20  5.85112e-27  2.86341e-21  1.42522e-27  3.55242e-22  3.15365e-28  4.12141e-23  6.08296e-29  4.47939e-24  9.32807e-30  4.56475e-25  7.85982e-31  4.36231e-26 -1.32505e-31  3.90802e-27 -8.70367e-32  3.27923e-28  -2.7188e-32  2.57398e-29 -6.50879e-33  1.88677e-30 -1.31646e-33  1.28881e-31 -2.34207e-34  8.18241e-33 -3.75978e-35  4.81338e-34 -5.57141e-36   2.6139e-35  -7.7904e-37  1.30465e-36 -1.04392e-37   5.9539e-38 -1.33999e-38  2.46892e-39 -1.61594e-39    9.233e-41 -1.77506e-40  3.08546e-42 -1.71978e-41  9.10919e-44 -1.42871e-42  2.34164e-45  -9.9346e-44  5.14287e-47 -5.65574e-45  9.40472e-49 -2.57552e-46  1.38005e-50 -9.10224e-48  1.53448e-52 -2.36835e-49  1.16838e-54 -4.01069e-51  4.83664e-57 -2.89048e-53
 3.70779e-17   0.00194397 -2.53774e-16    0.0696834 -1.97231e-16    0.0311763  2.19051e-16  -0.00109879   3.0464e-16   -0.0124338  1.03292e-16   -0.0121971 -8.84591e-17  -0.00853265 -1.51077e-16  -0.00506309  -1.1137e-16  -0.00270111  -6.2627e-17  -0.00132772 -4.03653e-17 -0.000607301 -2.76212e-17 -0.000259195 -1.51876e-17 -0.000103172 -6.28478e-18 -3.82395e-05 -2.35641e-18 -1.31746e-05 -1.27628e-18 -4.21292e-06 -9.40665e-19 -1.24861e-06 -6.13378e-19 -3.42378e-07 -3.08089e-19 -8.66306e-08 -1.16169e-19 -2.01354e-08 -3.05177e-20 -4.26429e-09 -2.79105e-21 -8.10191e-10  3.02249e-21 -1.33601e-10  2.88521e-21  -1.7513e-11  1.81032e-21  -1.2089e-12  9.55005e-22  2.36725e-13  4.46458e-22   1.3236e-13  1.89378e-22  3.90258e-14  7.43532e-23  9.18379e-15  2.74914e-23  1.88668e-15  9.67738e-24  3.50335e-16  3.25299e-24  5.98164e-17  1.04165e-24  9.48187e-18   3.1652e-25   1.4036e-18  9.09652e-26  1.94747e-19  2.46228e-26  2.53862e-20  6.22428e-27   3.1135e-21  1.44443e-27  3.59553e-22  2.98147e-28  3.91075e-23  5.13756e-29  4.00569e-24  6.14209e-30  3.86185e-25  -3.8712e-32  3.50147e-26 -3.03405e-31  2.98221e-27 -1.14811e-31  2.38242e-28 -3.03008e-32  1.78199e-29   -6.573e-33  1.24524e-30 -1.23805e-33  8.10872e-32 -2.08539e-34  4.90561e-33 -3.21557e-35  2.74754e-34 -4.64272e-36  1.41875e-35 -6.39668e-37  6.72148e-37 -8.46413e-38  2.90478e-38 -1.06222e-38  1.13724e-39 -1.23002e-39  3.99996e-41 -1.27262e-40  1.25101e-42 -1.14235e-41   3.4346e-44  -8.6778e-43  8.14167e-46 -5.45856e-44  1.63008e-47 -2.78359e-45  2.67337e-49 -1.12281e-46  3.43167e-51 -3.45022e-48  3.19998e-53  -7.4701e-50  1.87351e-55 -9.20481e-52  4.44682e-58
  -0.0230979  7.80131e-17    0.0235616 -1.97231e-16    0.0581642 -2.81032e-17    0.0338199  3.16941e-16    0.0066831  3.18784e-16  -0.00662657  9.35737e-17  -0.00935952 -9.85794e-17  -0.00753163 -1.43934e-16  -0.00482891 -1.05133e-16  -0.00268218 -7.12396e-17  -0.00133317  -5.2833e-17 -0.000601522  -3.4762e-17 -0.000247943 -1.79287e-17 -9.36041e-05 -7.73112e-18 -3.23776e-05 -3.64022e-18 -1.02476e-05 -2.27321e-18 -2.95746e-06 -1.49903e-18 -7.72819e-07 -8.35429e-19 -1.80292e-07 -3.67219e-19 -3.64217e-08 -1.22752e-19  -5.8793e-09 -2.69332e-20 -5.32613e-10  7.46429e-22   9.4011e-11  5.29357e-21  6.97696e-11  4.14095e-21  2.50142e-11  2.41175e-21   7.0624e-12  1.20371e-21  1.73157e-12  5.36979e-22  3.82698e-13  2.19385e-22    7.766e-14  8.37053e-23  1.46221e-14  3.02478e-23  2.57107e-15  1.04199e-23     4.24e-16  3.42181e-24  6.57675e-17  1.06791e-24  9.61387e-18  3.15691e-25  1.32614e-18  8.80835e-26  1.72752e-19  2.30477e-26  2.12607e-20  5.58123e-27  2.47217e-21  1.22038e-27  2.71533e-22  2.30008e-28  2.81578e-23  3.34304e-29  2.75473e-24  2.13957e-30  2.53997e-25 -7.60998e-31  2.20447e-26 -3.95813e-31  1.79823e-27 -1.17699e-31  1.37614e-28 -2.75904e-32  9.85908e-30 -5.52319e-33  6.59617e-31 -9.79008e-34  4.10941e-32 -1.57526e-34  2.37602e-33 -2.35422e-35  1.27003e-34  -3.3377e-36  6.24733e-36 -4.54379e-37  2.81301e-37 -5.90855e-38   1.1521e-38 -7.17433e-39  4.25926e-40 -7.88485e-40  1.40825e-41 -7.60855e-41  4.11657e-43 -6.28096e-42   1.0485e-44 -4.33925e-43  2.28307e-46  -2.4589e-44  4.14165e-48 -1.11897e-45  6.03207e-50 -3.97524e-47  6.66013e-52 -1.04658e-48  5.03796e-54 -1.80137e-50  2.07296e-56 -1.31921e-52
 1.75069e-16    -0.022098   1.3922e-16    0.0311763 -2.81032e-17    0.0526346  1.98806e-16    0.0355576  4.24014e-16    0.0131575  3.34457e-16 -0.000281962  8.39144e-17   -0.0049371 -8.87713e-17  -0.00489628 -1.19582e-16  -0.00336885   -9.746e-17  -0.00189957 -7.99822e-17 -0.000924769 -6.15958e-17  -0.00039693 -3.83592e-17 -0.000151364 -1.93546e-17 -5.12322e-05 -9.19493e-18 -1.52276e-05 -5.09891e-18 -3.86046e-06 -3.23164e-18 -7.68326e-07 -1.91366e-18 -8.13137e-08  -9.4163e-19  2.13878e-08 -3.68559e-19  1.79751e-08 -1.08169e-19  7.70295e-09 -1.71014e-20  2.60713e-09  5.78473e-21  7.65099e-10  7.69552e-21  2.01947e-10   5.1907e-21  4.88398e-11  2.80683e-21  1.09404e-11   1.3257e-21  2.28577e-12  5.66178e-22  4.47532e-13  2.23708e-22  8.23873e-14  8.31746e-23  1.42952e-14  2.93895e-23  2.34194e-15  9.89718e-24  3.62711e-16  3.17106e-24  5.31519e-17  9.63708e-25  7.37366e-18   2.7691e-25  9.68652e-19  7.48536e-26  1.20498e-19  1.88436e-26  1.41915e-20  4.33301e-27  1.58173e-21  8.78414e-28  1.66731e-22  1.45721e-28  1.66081e-23  1.54252e-29  1.56167e-24 -9.83861e-31  1.38444e-25 -1.12582e-30  1.15537e-26 -3.91902e-31  9.06085e-28 -1.00358e-31  6.66389e-29 -2.14547e-32  4.58534e-30 -4.01439e-33  2.94386e-31 -6.75932e-34   1.7579e-32 -1.04842e-34  9.72793e-34 -1.53185e-35  4.96769e-35 -2.14354e-36  2.32938e-36 -2.87791e-37  9.97105e-38 -3.64584e-38  3.86924e-39   -4.234e-39  1.34971e-40 -4.36998e-40  4.18894e-42  -3.9008e-41  1.14184e-43 -2.94386e-42  2.68864e-45 -1.84163e-43  5.34949e-47 -9.36928e-45  8.72209e-49 -3.79002e-46  1.11349e-50 -1.17557e-47    1.033e-52 -2.58358e-49  6.01924e-55 -3.23687e-51  1.42293e-57
   -0.011798  2.59254e-16   -0.0111911  2.19051e-16    0.0338199  1.98806e-16    0.0496719  4.23194e-16     0.037386  5.19927e-16    0.0190656  3.43898e-16   0.00633224  8.51264e-17  0.000430225 -6.02128e-17  -0.00122189 -9.33408e-17  -0.00112265 -9.50109e-17 -0.000646354 -8.74506e-17 -0.000282576 -6.55242e-17 -9.45695e-05 -3.89372e-17  -2.0686e-05 -2.00446e-17  5.89606e-07  -1.0626e-17  3.63465e-06 -6.36694e-18  2.44591e-06 -3.85886e-18  1.16979e-06 -2.06138e-18  4.66267e-07 -9.08427e-19  1.63459e-07 -3.17178e-19  5.17164e-08 -7.83402e-20  1.49871e-08 -3.98724e-21  4.01621e-09  1.09543e-20  1.00182e-09  9.56782e-21  2.33732e-10  5.75001e-21   5.1189e-11  2.90278e-21  1.05529e-11  1.30281e-21  2.05232e-12  5.35142e-22  3.77158e-13  2.05264e-22  6.55799e-14  7.44961e-23  1.07997e-14   2.5733e-23  1.68559e-15   8.4619e-24  2.49456e-16  2.64253e-24  3.50145e-17  7.81374e-25   4.6616e-18  2.17891e-25   5.8857e-19  5.68574e-26  7.04533e-20  1.36744e-26  7.99157e-21  2.94837e-27  8.58423e-22  5.40188e-28  8.72449e-23  7.30543e-29  8.38104e-24  2.53964e-30  7.60042e-25 -2.56964e-30  6.49723e-26 -1.13197e-30  5.22681e-27  -3.2195e-31  3.94926e-28 -7.39666e-32  2.79635e-29  -1.4661e-32  1.85074e-30 -2.59067e-33  1.14153e-31 -4.18197e-34  6.53932e-33  -6.3102e-35  3.46549e-34  -9.0767e-36  1.69116e-35 -1.25487e-36  7.55862e-37 -1.65097e-37  3.07442e-38  -2.0155e-38  1.12933e-39  -2.2139e-39  3.71163e-41 -2.12663e-40  1.07893e-42  -1.7445e-41  2.73377e-44 -1.19794e-42  5.92377e-46 -6.76319e-44  1.06973e-47 -3.07995e-45  1.55139e-49 -1.10174e-46   1.7061e-51 -2.93889e-48  1.28576e-53 -5.14249e-50  5.27318e-56 -3.82271e-52
 5.60344e-17    -0.017998  2.91794e-16  -0.00109879  3.16941e-16    0.0355576  4.23194e-16    0.0484247  6.04814e-16    0.0396403  5.82693e-16    0.0246846  3.43719e-16     0.012825  9.84881e-17   0.00594481  -2.8812e-17   0.00265865 -7.85716e-17    0.0012499 -9.85088e-17  0.000641482 -9.15937e-17  0.000344686 -6.49043e-17   0.00018117 -3.75792e-17  8.90917e-05 -2.03068e-17  4.02488e-05 -1.16752e-17  1.66411e-05  -7.0529e-18  6.31109e-06 -3.98193e-18  2.20481e-06 -1.92607e-18  7.12844e-07 -7.63507e-19  2.14219e-07 -2.34259e-19  6.00681e-08  -4.2875e-20   1.5769e-08  8.71581e-21  3.88677e-09  1.48416e-20  9.01672e-10  1.04111e-20  1.97276e-10  5.70046e-21  4.07763e-11  2.70673e-21  7.97373e-12  1.16086e-21  1.47683e-12  4.60783e-22  2.59305e-13  1.72076e-22  4.31919e-14  6.10075e-23   6.8284e-15  2.05873e-23  1.02494e-15  6.60378e-24  1.46082e-16  2.00828e-24    1.977e-17  5.77075e-25  2.54008e-18  1.55745e-25  3.09719e-19  3.90144e-26  3.58222e-20  8.87485e-27  3.92745e-21  1.76073e-27  4.07836e-22  2.78272e-28  4.00718e-23  2.43546e-29  3.72096e-24 -4.12226e-30  3.26086e-25 -2.83386e-30  2.69259e-26 -9.20011e-31  2.09106e-27 -2.29143e-31  1.52405e-28 -4.83174e-32  1.03995e-29 -8.98711e-33   6.6251e-31 -1.51407e-33  3.92781e-32 -2.36508e-34  2.15914e-33 -3.50027e-35  1.09578e-34 -4.97474e-36  5.10868e-36    -6.77e-37   2.1751e-37 -8.64442e-38  8.39841e-39  -1.0055e-38  2.91604e-40 -1.03448e-39  9.01105e-42  -9.1807e-41  2.44637e-43 -6.88506e-42  5.73874e-45 -4.28677e-43  1.13782e-46 -2.17845e-44   1.8491e-48 -8.85171e-46  2.35343e-50 -2.77576e-47    2.177e-52 -6.19658e-49  1.26522e-54 -7.88839e-51  2.98645e-57
 -0.00481345  8.98234e-17   -0.0169977   3.0464e-16    0.0066831  4.24014e-16     0.037386  6.04814e-16    0.0485334   7.2003e-16    0.0422842  5.99694e-16    0.0298039  3.33265e-16    0.0185153   1.1144e-16    0.0106745 -1.29545e-17   0.00588129 -7.96296e-17    0.0031257 -1.04296e-16    0.0015939 -9.10138e-17  0.000771152 -6.08612e-17  0.000350386 -3.51449e-17   0.00014855 -2.00206e-17  5.85981e-05 -1.19248e-17  2.15017e-05 -6.95184e-18  7.34838e-06 -3.61557e-18  2.34382e-06 -1.58586e-18  6.99338e-07 -5.62528e-19  1.95662e-07 -1.44881e-19  5.14468e-08  -1.0733e-20  1.27389e-08  1.80819e-20  2.97597e-09  1.65924e-20  6.56958e-10  1.00981e-20  1.37233e-10  5.11974e-21  2.71582e-11  2.30435e-21  5.09653e-12  9.49859e-22  9.07648e-13  3.65813e-22  1.53492e-13  1.33252e-22  2.46581e-14  4.61515e-23  3.76404e-15  1.52019e-23  5.46029e-16  4.75243e-24  7.52705e-17  1.40599e-24  9.85822e-18    3.918e-25  1.22628e-18  1.01898e-25  1.44807e-19   2.4308e-26  1.62227e-20  5.15463e-27  1.72283e-21  9.12044e-28  1.73274e-22  1.11613e-28  1.64858e-23 -1.06822e-30  1.48182e-24 -6.03141e-30   1.2564e-25 -2.35106e-30  1.00311e-26 -6.42988e-31  7.52637e-28 -1.45008e-31  5.29474e-29 -2.84845e-32  3.48327e-30 -5.02258e-33  2.13652e-31  -8.1437e-34  1.21761e-32 -1.24208e-34  6.42176e-34 -1.81352e-35  3.11986e-35  -2.5445e-36  1.38865e-36 -3.38211e-37  5.62656e-38 -4.14504e-38  2.05942e-39 -4.54598e-39  6.74601e-41 -4.34507e-40  1.95494e-42 -3.54209e-41  4.93922e-44 -2.41905e-42  1.06743e-45 -1.36209e-43  1.92285e-47 -6.21682e-45  2.78224e-49 -2.24293e-46  3.05313e-51 -6.06875e-48  2.29603e-53 -1.07939e-49  9.40312e-56 -8.13363e-52
 -4.6577e-17   -0.0102605   1.0378e-16   -0.0124338  3.18784e-16    0.0131575  5.19927e-16    0.0396403   7.2003e-16    0.0495827  7.57438e-16    0.0448479  5.71044e-16    0.0337739  3.08308e-16    0.0225592  1.06726e-16    0.0137944 -2.08558e-17   0.00783023 -9.14547e-17   0.00414257 -1.07416e-16   0.00204161 -8.55461e-17  0.000935942 -5.46724e-17  0.000398804 -3.19949e-17  0.000157994 -1.88859e-17  5.82689e-05 -1.11733e-17  2.00426e-05 -6.13366e-18  6.44379e-06 -2.92335e-18  1.94082e-06 -1.15962e-18  5.48847e-07 -3.60702e-19  1.46032e-07 -6.82676e-20  3.66276e-08  1.25247e-20  8.67504e-09  2.27949e-20  1.94308e-09  1.61445e-20  4.12128e-10  8.86082e-21   8.2865e-11   4.2123e-21  1.58091e-11  1.81042e-21  2.86392e-12  7.20974e-22  4.92926e-13  2.70218e-22  8.06391e-14  9.60969e-23   1.2542e-14  3.24994e-23   1.8548e-15  1.04403e-23  2.60806e-16  3.17801e-24  3.48626e-17  9.13211e-25   4.4288e-18  2.45964e-25  5.34444e-19   6.1249e-26  6.12277e-20  1.37557e-26  6.65428e-21  2.65888e-27  6.85441e-22  3.94573e-28  6.68485e-23  2.45838e-29  6.16489e-24 -1.02293e-29  5.36842e-25 -5.35832e-30  4.40695e-26 -1.64175e-30  3.40391e-27 -3.98834e-31  2.46848e-28 -8.30545e-32  1.67658e-29 -1.53729e-32  1.06349e-30 -2.59447e-33  6.28002e-32 -4.08676e-34  3.43944e-33 -6.13151e-35  1.73959e-34 -8.84879e-36  8.08457e-36 -1.21906e-36  3.43207e-37 -1.56644e-37  1.32159e-38 -1.82267e-38  4.57726e-40 -1.86795e-39  1.41118e-41 -1.64795e-40    3.823e-43 -1.22858e-41  8.95046e-45 -7.61969e-43   1.7714e-46 -3.87309e-44  2.87399e-48 -1.58344e-45  3.65226e-50 -5.02704e-47  3.37345e-52 -1.14033e-48  1.95712e-54  -1.4736e-50  4.62612e-57
 -0.00163057 -5.90809e-17   -0.0127714  1.03292e-16  -0.00662657  3.34457e-16    0.0190656  5.82693e-16    0.0422842  7.57438e-16    0.0508818  7.20938e-16    0.0464843  5.04907e-16     0.035768  2.62186e-16    0.0242844  7.59448e-17    0.0148833 -4.68513e-17    0.0083271 -1.04379e-16   0.00427762 -1.04466e-16   0.00202456 -7.61813e-17  0.000885272 -4.73544e-17  0.000358595 -2.81703e-17  0.000134931 -1.67658e-17  4.72938e-05 -9.55562e-18  1.54837e-05 -4.87388e-18  4.74746e-06  -2.1198e-18  1.36652e-06 -7.52697e-19  3.70088e-07 -1.94723e-19  9.44909e-08  -1.3868e-20  2.27845e-08  2.53354e-20  5.19662e-09  2.31429e-20  1.12257e-09  1.40605e-20  2.29935e-10  7.12082e-21  4.46996e-11  3.20639e-21  8.25358e-12  1.32454e-21  1.44836e-12  5.11747e-22  2.41658e-13  1.87013e-22  3.83474e-14  6.49401e-23  5.78823e-15  2.14309e-23  8.31058e-16  6.70861e-24  1.13484e-16  1.98588e-24  1.47345e-17  5.52847e-25  1.81827e-18  1.43189e-25  2.13141e-19  3.38284e-26  2.37169e-20  7.03262e-27  2.50303e-21  1.19134e-27  2.50299e-22  1.25953e-28   2.3688e-23 -1.04631e-29  2.11877e-24 -1.07503e-29  1.78835e-25 -3.81931e-30  1.42187e-26  -1.0096e-30  1.06273e-27 -2.23918e-31  7.44963e-29 -4.36437e-32  4.88484e-30 -7.68859e-33  2.98714e-31 -1.25389e-33  1.69763e-32 -1.93525e-34  8.93043e-34 -2.86867e-35  4.32839e-35 -4.08094e-36  1.92239e-36 -5.47149e-37  7.77361e-38 -6.72228e-38  2.84008e-39 -7.35427e-39  9.28767e-41 -6.99192e-40   2.6874e-42 -5.66525e-41  6.78037e-44 -3.85047e-42  1.46348e-45 -2.16485e-43  2.63329e-47 -9.91861e-45  3.80639e-49 -3.61491e-46  4.17307e-51 -9.92903e-48  3.13502e-53 -1.79412e-49  1.28121e-55 -1.36836e-51
-5.50572e-17  -0.00495473 -7.13835e-17   -0.0121971  9.35737e-17 -0.000281962  3.43898e-16    0.0246846  5.99694e-16    0.0448479  7.20938e-16    0.0514458  6.28603e-16    0.0462503   4.1142e-16    0.0351992  1.93352e-16    0.0235191  2.54163e-17    0.0140675 -7.70683e-17   0.00761891  -1.1018e-16    0.0037648  -9.4932e-17   0.00170705 -6.45427e-17  0.000713623 -3.95822e-17  0.000276201 -2.37172e-17  9.93472e-05 -1.38514e-17  3.33229e-05 -7.45521e-18   1.0455e-05 -3.50448e-18  3.07685e-06 -1.38137e-18  8.51437e-07 -4.27901e-19  2.22027e-07 -7.88006e-20   5.4663e-08  1.75927e-20  1.27271e-08  2.91724e-20  2.80624e-09  2.04255e-20  5.86684e-10  1.11583e-20  1.16413e-10   5.2954e-21  2.19418e-11  2.27752e-21  3.93092e-12    9.092e-22  6.69701e-13  3.41823e-22  1.08536e-13  1.21911e-22  1.67362e-14  4.13224e-23  2.45554e-15  1.32968e-23  3.42773e-16  4.05171e-24  4.55136e-17  1.16408e-24  5.74633e-18  3.12703e-25  6.89513e-19  7.73107e-26  7.85815e-20  1.71013e-26  8.49932e-21  3.20247e-27  8.71626e-22  4.36836e-28  8.46605e-23  1.13601e-29  7.77831e-24 -1.83192e-29  6.75005e-25 -8.07349e-30  5.52357e-26 -2.35757e-30  4.25396e-27 -5.60241e-31  3.07668e-28 -1.15391e-31  2.08454e-29 -2.12814e-32  1.31931e-30 -3.60301e-33  7.77463e-32  -5.7305e-34  4.25003e-33 -8.72129e-35   2.1459e-34 -1.27735e-35   9.9574e-36 -1.77888e-36   4.2212e-37 -2.29661e-37   1.6234e-38 -2.67012e-38  5.61618e-40 -2.72434e-39  1.72973e-41 -2.38922e-40  4.68172e-43 -1.77154e-41  1.09522e-44 -1.09552e-42  2.16606e-46 -5.57793e-44  3.51217e-48 -2.29826e-45  4.46134e-50 -7.39555e-47  4.11883e-52 -1.70462e-48  2.38818e-54 -2.23329e-50  5.62489e-57
-0.000433795 -9.85264e-17  -0.00761967 -8.84591e-17  -0.00935952  8.39144e-17   0.00633224  3.43719e-16    0.0298039  5.71044e-16    0.0464843  6.28603e-16    0.0502532   5.0355e-16    0.0435367  3.00984e-16     0.032064  1.10338e-16    0.0206939 -2.88072e-17     0.011916 -9.84698e-17   0.00619487 -1.05653e-16   0.00293297 -8.07096e-17   0.00127325 -5.22567e-17  0.000509679 -3.18101e-17  0.000189036 -1.88844e-17  6.52329e-05 -1.05869e-17  2.10202e-05 -5.31262e-18  6.34498e-06 -2.28533e-18  1.79907e-06 -8.04669e-19  4.80326e-07  -2.0399e-19  1.21003e-07 -1.01705e-20  2.88142e-08  3.07029e-20  6.49586e-09  2.69808e-20  1.38819e-09  1.62137e-20  2.81523e-10  8.17347e-21  5.42277e-11  3.67621e-21  9.92839e-12  1.52063e-21  1.72872e-12  5.89082e-22  2.86368e-13   2.1591e-22  4.51425e-14  7.51659e-23  6.77252e-15  2.48549e-23  9.66947e-16  7.79144e-24  1.31361e-16  2.30754e-24  1.69751e-17  6.41459e-25  2.08567e-18  1.65291e-25   2.4351e-19  3.86014e-26   2.6997e-20  7.83649e-27  2.83964e-21  1.25611e-27  2.83085e-22  1.04977e-28  2.67152e-23 -2.37526e-29  2.38338e-24 -1.53685e-29  2.00696e-25 -5.08004e-30  1.59225e-26   -1.304e-30  1.18776e-27 -2.84993e-31  8.31134e-29 -5.51939e-32  5.44116e-30 -9.72828e-33  3.32253e-31 -1.59803e-33  1.88579e-32 -2.49821e-34  9.90877e-34 -3.75928e-35  4.79763e-35 -5.41583e-36  2.12886e-36 -7.31248e-37  8.60167e-38 -8.99406e-38  3.14044e-39 -9.80748e-39  1.02639e-40 -9.27262e-40  2.96838e-42 -7.46983e-41  7.48624e-44 -5.05656e-42  1.61532e-45 -2.84238e-43  2.90587e-47 -1.30938e-44  4.19963e-49  -4.8276e-46  4.60568e-51 -1.34667e-47  3.45976e-53 -2.47003e-49  1.41674e-55 -1.90366e-51
-4.12146e-17  -0.00216825 -1.34002e-16  -0.00853265 -9.85794e-17   -0.0049371  8.51264e-17     0.012825  3.33265e-16    0.0337739  5.04907e-16    0.0462503   5.0355e-16    0.0466647  3.65682e-16     0.038397  1.85904e-16    0.0269994  2.90311e-17    0.0166573 -7.09157e-17   0.00917027 -1.04832e-16   0.00455893 -9.24753e-17   0.00206524 -6.46287e-17  0.000858674 -4.05434e-17  0.000329618 -2.44199e-17  0.000117404 -1.41016e-17  3.89653e-05 -7.46647e-18  1.20941e-05 -3.46133e-18  3.52147e-06 -1.34909e-18  9.64472e-07 -4.10876e-19   2.4904e-07 -6.99267e-20  6.07463e-08  2.25252e-20  1.40207e-08  3.18751e-20  3.06644e-09  2.17978e-20  6.36256e-10  1.18025e-20  1.25368e-10  5.58176e-21  2.34771e-11  2.40035e-21  4.18092e-12  9.60091e-22  7.08377e-13  3.61967e-22  1.14223e-13   1.2945e-22  1.75312e-14  4.39778e-23   2.5612e-15  1.41759e-23  3.56121e-16  4.32388e-24   4.7116e-17  1.24166e-24  5.92909e-18  3.32398e-25  7.09304e-19  8.14717e-26  8.06152e-20  1.76993e-26  8.69751e-21  3.18778e-27  8.89924e-22  3.86476e-28  8.62598e-23 -1.16452e-29  7.91047e-24 -2.57822e-29  6.85321e-25 -1.00772e-29  5.59952e-26   -2.827e-30  4.30663e-27 -6.58973e-31  3.11103e-28 -1.34461e-31  2.10557e-29 -2.47449e-32  1.33137e-30  -4.2089e-33  7.83938e-32 -6.76745e-34  4.28244e-33 -1.04512e-34  2.16098e-34 -1.55218e-35  1.00225e-35 -2.18172e-36  4.24708e-37 -2.82573e-37  1.63285e-38  -3.2793e-38  5.64757e-40  -3.3296e-39  1.73913e-41 -2.90296e-40   4.7068e-43 -2.14204e-41  1.10108e-44 -1.32225e-42  2.17783e-46 -6.75396e-44  3.53213e-48 -2.80896e-45   4.4875e-50 -9.16977e-47  4.15281e-52 -2.14674e-48  2.40889e-54 -2.84738e-50  5.78933e-57
-6.53019e-05  -8.0535e-17  -0.00402843 -1.51077e-16  -0.00753163 -8.87713e-17  0.000430225  9.84881e-17    0.0185153  3.08308e-16     0.035768   4.1142e-16    0.0435367  3.65682e-16    0.0407393  2.30409e-16    0.0315616  8.05698e-17    0.0210318 -3.50582e-17    0.0123386 -9.26555e-17   0.00647432  -9.7267e-17   0.00307386 -7.47712e-17   0.00133237 -4.91193e-17  0.000531041 -3.01347e-17  0.000195772 -1.77797e-17  6.70844e-05 -9.82147e-18  2.14556e-05 -4.85338e-18  6.42734e-06 -2.06012e-18  1.80879e-06 -7.14103e-19  4.79426e-07 -1.73664e-19  1.19942e-07 -1.78237e-21   2.8375e-08  3.23602e-20  6.35765e-09  2.69461e-20  1.35088e-09  1.59372e-20  2.72502e-10  7.98158e-21  5.22319e-11  3.58283e-21  9.51957e-12  1.48329e-21   1.6506e-12  5.75991e-22  2.72378e-13  2.11699e-22  4.27861e-14  7.38854e-23  6.39833e-15  2.44811e-23  9.10838e-16  7.68505e-24  1.23408e-16   2.2766e-24  1.59085e-17  6.31552e-25  1.95032e-18  1.61716e-25  2.27255e-19  3.72509e-26  2.51497e-20  7.34891e-27  2.64109e-21  1.09608e-27  2.62915e-22  5.79975e-29  2.47803e-23 -3.60884e-29  2.20828e-24 -1.82856e-29  1.85769e-25 -5.70765e-30  1.47258e-26 -1.42856e-30  1.09769e-27 -3.08272e-31  7.67642e-29 -5.94123e-32  5.02296e-30  -1.0493e-32  3.06594e-31 -1.73857e-33  1.73961e-32 -2.75505e-34  9.13869e-34 -4.20686e-35  4.42415e-35 -6.12913e-36  1.96301e-36 -8.32057e-37  7.93168e-38 -1.02326e-37  2.89606e-39 -1.11143e-38  9.46651e-41 -1.04489e-39  2.73834e-42 -8.37215e-41  6.90783e-44  -5.6497e-42  1.49101e-45 -3.17954e-43  2.68355e-47 -1.47505e-44  3.88215e-49 -5.50822e-46  4.26004e-51 -1.56064e-47  3.23582e-53 -2.90233e-49  1.32615e-55 -2.25656e-51
-2.15455e-17 -0.000896763 -1.05613e-16  -0.00506309 -1.43934e-16  -0.00489628 -6.02128e-17   0.00594481   1.1144e-16    0.0225592  2.62186e-16    0.0351992  3.00984e-16     0.038397  2.30409e-16    0.0332297  1.10833e-16    0.0241362 -1.94178e-18    0.0151903 -7.34714e-17   0.00845645 -9.46115e-17   0.00422556 -8.10716e-17   0.00191611 -5.65723e-17  0.000795288 -3.56325e-17  0.000304225 -2.13898e-17  0.000107867 -1.21988e-17   3.5617e-05 -6.35819e-18  1.09953e-05 -2.90406e-18  3.18415e-06 -1.11454e-18  8.67438e-07 -3.30019e-19  2.22834e-07 -4.87351e-20  5.40881e-08  2.50407e-20  1.24264e-08  3.02158e-20  2.70605e-09  2.00762e-20  5.59229e-10  1.07516e-20  1.09783e-10  5.06293e-21  2.04884e-11   2.1761e-21  3.63725e-12   8.7187e-22  6.14501e-13  3.29572e-22  9.88283e-14  1.18178e-22  1.51325e-14    4.024e-23  2.20604e-15  1.29936e-23  3.06148e-16   3.9666e-24  4.04345e-17  1.13796e-24  5.08047e-18  3.03305e-25  6.06954e-19  7.35739e-26     6.89e-20  1.56433e-26  7.42577e-21  2.68367e-27  7.59113e-22  2.72596e-28  7.35236e-23 -3.48199e-29  6.73813e-24 -2.99311e-29  5.83445e-25 -1.07108e-29  4.76511e-26  -2.9053e-30   3.6637e-27 -6.66023e-31  2.64599e-28 -1.34858e-31  1.79058e-29 -2.48025e-32  1.13214e-30 -4.24475e-33   6.6664e-32 -6.90719e-34  3.64202e-33 -1.08246e-34  1.83812e-34 -1.62842e-35  8.52698e-36 -2.30643e-36   3.6144e-37 -2.99261e-37  1.39009e-38 -3.46356e-38  4.80982e-40 -3.49849e-39  1.48181e-41 -3.03303e-40  4.01233e-43 -2.22877e-41  9.39104e-45 -1.37495e-42   1.8587e-46 -7.05671e-44  3.01792e-48 -2.96667e-45  3.84644e-50 -9.83015e-47  3.56436e-52 -2.33578e-48  2.17739e-54 -3.13164e-50  5.19745e-57
 1.61932e-05 -4.02852e-17  -0.00197853  -1.1137e-16  -0.00482891 -1.19582e-16  -0.00122189  -2.8812e-17    0.0106745  1.06726e-16    0.0242844  1.93352e-16     0.032064  1.85904e-16    0.0315616  1.10833e-16    0.0252607   1.7824e-17    0.0171823 -5.43944e-17    0.0102047 -8.66505e-17    0.0053898 -8.29665e-17   0.00256577 -6.20542e-17   0.00111218 -4.04896e-17  0.000442535 -2.47224e-17  0.000162693 -1.44278e-17  5.55593e-05 -7.84734e-18  1.77029e-05 -3.81645e-18  5.28256e-06  -1.5945e-18  1.48087e-06 -5.40564e-19  3.91027e-07 -1.23264e-19  9.74729e-08  6.43673e-21  2.29808e-08  2.98215e-20  5.13259e-09  2.34643e-20  1.08735e-09  1.36324e-20  2.18744e-10  6.77721e-21  4.18229e-11  3.03525e-21  7.60513e-12  1.25749e-21  1.31594e-12  4.89405e-22  2.16751e-13  1.80359e-22  3.39914e-14  6.31033e-23  5.07567e-15  2.09509e-23   7.2161e-16   6.5854e-24  9.76585e-17  1.95065e-24  1.25768e-17  5.39607e-25  1.54057e-18  1.37116e-25  1.79384e-19  3.10731e-26  1.98404e-20  5.92042e-27  2.08258e-21  8.01095e-28  2.07243e-22  6.36108e-30  1.95282e-23 -4.28442e-29  1.73999e-24 -1.85942e-29  1.46365e-25 -5.54107e-30  1.16025e-26 -1.35713e-30   8.6496e-28 -2.89722e-31  6.04993e-29 -5.56545e-32  3.95965e-30 -9.86456e-33  2.41765e-31 -1.65076e-33  1.37228e-32  -2.6529e-34  7.21201e-34 -4.10769e-35  3.49309e-35 -6.04318e-36  1.55071e-36 -8.23572e-37  6.26932e-38 -1.01159e-37   2.2905e-39 -1.09387e-38  7.49197e-41  -1.0226e-39  2.16865e-42 -8.15375e-41  5.47464e-44 -5.49074e-42  1.18248e-45 -3.09819e-43  2.13083e-47  -1.4497e-44  3.09151e-49 -5.48818e-46  3.43345e-51 -1.57894e-47  2.61416e-53 -2.97327e-49  1.34148e-55 -2.32828e-51
 -5.7494e-18 -0.000363488 -5.33491e-17  -0.00270111 -1.05133e-16  -0.00336885 -9.33408e-17   0.00265865 -1.29545e-17    0.0137944  7.59448e-17    0.0235191  1.10338e-16    0.0269994  8.05698e-17    0.0241362   1.7824e-17    0.0178983 -4.26197e-17    0.0114101 -7.74743e-17   0.00639955 -8.13227e-17   0.00320983 -6.51728e-17   0.00145737 -4.43455e-17  0.000604648 -2.76099e-17  0.000230959 -1.63811e-17  8.17155e-05 -9.19902e-18   2.6914e-05 -4.71464e-18  8.28626e-06 -2.11793e-18  2.39304e-06 -7.97075e-19  6.50158e-07 -2.26853e-19  1.66583e-07  -2.6196e-20   4.0335e-08  2.39203e-20  9.24543e-09  2.51661e-20  2.00907e-09  1.62314e-20  4.14389e-10  8.59243e-21  8.12065e-11  4.02792e-21  1.51314e-11  1.73022e-21  2.68249e-12  6.94351e-22  4.52639e-13  2.63137e-22  7.27183e-14  9.46014e-23  1.11243e-14  3.22848e-23  1.62045e-15  1.04422e-23  2.24738e-16  3.18961e-24  2.96669e-17  9.13625e-25  3.72607e-18   2.4218e-25  4.45019e-19   5.8025e-26  5.05083e-20  1.20236e-26  5.44313e-21  1.93857e-27  5.56437e-22  1.45817e-28  5.38984e-23 -4.93549e-29  4.94041e-24 -2.95807e-29  4.27889e-25 -9.89451e-30  3.49575e-26 -2.60878e-30  2.68876e-27 -5.89569e-31  1.94273e-28 -1.18663e-31  1.31533e-29 -2.18451e-32  8.32107e-31  -3.7672e-33  4.90265e-32 -6.20917e-34  2.68017e-33 -9.87184e-35  1.35361e-34 -1.50235e-35  6.28394e-36 -2.14076e-36  2.66567e-37 -2.77903e-37  1.02603e-38 -3.20532e-38  3.55313e-40 -3.22033e-39   1.0956e-41 -2.77707e-40  2.96913e-43 -2.03393e-41  6.95563e-45 -1.25561e-42   1.3776e-46 -6.48505e-44   2.2435e-48 -2.75927e-45  2.88701e-50 -9.28219e-47  2.81217e-52 -2.23634e-48  1.70733e-54 -3.02589e-50  8.61811e-57
 1.93449e-05 -1.44467e-17 -0.000924348  -6.2627e-17  -0.00268218   -9.746e-17  -0.00112265 -7.85716e-17   0.00588129 -2.08558e-17    0.0148833  2.54163e-17    0.0206939  2.90311e-17    0.0210318 -1.94178e-18    0.0171823 -4.26197e-17    0.0118407 -7.14782e-17   0.00708832 -7.81706e-17   0.00376062 -6.61968e-17     0.001794 -4.70147e-17  0.000778051 -2.99415e-17  0.000309428 -1.79907e-17  0.000113624 -1.03269e-17   3.8742e-05 -5.51753e-18  1.23225e-05 -2.63649e-18  3.67023e-06 -1.08111e-18  1.02697e-06  -3.5608e-19  2.70689e-07 -7.39611e-20  6.73618e-08  1.10123e-20  1.58567e-08  2.42105e-20  3.53642e-09  1.80624e-20  7.48235e-10  1.03076e-20  1.50352e-10  5.08658e-21  2.87182e-11  2.27298e-21  5.21772e-12  9.42368e-22  9.02195e-13  3.67575e-22  1.48516e-13  1.35817e-22    2.328e-14   4.7635e-23  3.47504e-15  1.58463e-23  4.93935e-16  4.98648e-24  6.68382e-17  1.47622e-24  8.60747e-18  4.06856e-25  1.05443e-18  1.02432e-25  1.22796e-19  2.27673e-26  1.35849e-20  4.15591e-27   1.4264e-21  4.89396e-28     1.42e-22 -3.13928e-29  1.33865e-23 -4.22992e-29  1.19336e-24 -1.64834e-29  1.00441e-25 -4.72867e-30  7.96698e-27 -1.13688e-30  5.94331e-28 -2.40557e-31  4.16001e-29 -4.61337e-32  2.72478e-30 -8.21909e-33  1.66501e-31 -1.39073e-33  9.45867e-33 -2.26702e-34  4.97536e-34 -3.55603e-35  2.41197e-35 -5.27449e-36  1.07177e-36 -7.20558e-37   4.3372e-38 -8.83139e-38  1.58618e-39 -9.50381e-39   5.1935e-41 -8.83586e-40  1.50491e-42 -7.01554e-41  3.80266e-44 -4.71962e-42  8.22245e-46 -2.67403e-43  1.48183e-47 -1.26379e-44  2.17405e-49 -4.85341e-46  2.50416e-51   -1.417e-47  2.32492e-53 -2.69794e-49  1.06667e-55 -2.12448e-51
-1.30214e-18 -0.000148809 -2.66369e-17  -0.00132772 -7.12396e-17  -0.00189957 -9.50109e-17    0.0012499 -7.96296e-17   0.00783023 -4.68513e-17    0.0140675 -2.88072e-17    0.0166573 -3.50582e-17    0.0151903 -5.43944e-17    0.0114101 -7.14782e-17   0.00733303 -7.58303e-17    0.0041329 -6.59674e-17   0.00207846 -4.85602e-17    0.0009448 -3.16751e-17  0.000392063 -1.92442e-17  0.000149691 -1.11949e-17  5.29182e-05 -6.16555e-18   1.7411e-05 -3.10044e-18   5.3543e-06 -1.36672e-18  1.54449e-06 -5.02213e-19  4.19141e-07 -1.35596e-19  1.07278e-07 -9.62699e-21  2.59501e-08  1.97885e-20  5.94306e-09  1.86183e-20  1.29049e-09  1.16738e-20  2.66009e-10  6.11034e-21  5.21024e-11  2.85204e-21  9.70462e-12  1.22455e-21  1.71995e-12  4.92238e-22  2.90173e-13  1.87011e-22  4.66146e-14  6.74049e-23  7.13126e-15   2.3054e-23  1.03893e-15  7.46808e-24  1.44118e-16  2.28169e-24  1.90302e-17  6.52084e-25  2.39103e-18   1.7169e-25  2.85698e-19  4.05366e-26  3.24425e-20  8.14321e-27  3.49824e-21  1.21011e-27  3.57843e-22   4.6192e-29  3.46858e-23 -5.20293e-29  3.18171e-24 -2.54458e-29  2.75784e-25 -8.07081e-30  2.25496e-26 -2.07742e-30  1.73592e-27 -4.63853e-31  1.25541e-28 -9.29583e-32  8.50779e-30  -1.7157e-32  5.38749e-31 -2.98542e-33  3.17743e-32 -4.98704e-34  1.73883e-33  -8.0393e-35  8.79122e-35 -1.23593e-35  4.08564e-36 -1.76905e-36  1.73507e-37 -2.29501e-37  6.68592e-39 -2.63644e-38    2.318e-40  -2.6345e-39  7.15599e-42 -2.26082e-40  1.94177e-43 -1.65189e-41  4.55263e-45 -1.02186e-42  9.03296e-47 -5.31913e-44  1.46789e-48 -2.29278e-45  1.98734e-50 -7.82929e-47  2.21037e-52 -1.91029e-48  2.44184e-54 -2.60434e-50  6.53085e-57
  1.0167e-05  -7.9879e-18 -0.000414796 -4.03653e-17  -0.00133317 -7.99822e-17 -0.000646354 -9.85088e-17    0.0031257 -9.14547e-17    0.0083271 -7.70683e-17     0.011916 -7.09157e-17    0.0123386 -7.34714e-17    0.0102047 -7.74743e-17   0.00708832 -7.58303e-17   0.00426458 -6.55073e-17   0.00226925 -4.92655e-17   0.00108428 -3.28409e-17  0.000470573 -2.01669e-17  0.000187164 -1.18145e-17  6.87094e-05 -6.63309e-18  2.34162e-05 -3.47075e-18  7.44349e-06 -1.62577e-18  2.21564e-06 -6.52277e-19  6.19588e-07 -2.07209e-19  1.63221e-07 -3.76003e-20  4.05985e-08   1.1459e-20    9.553e-09  1.74683e-20  2.12991e-09  1.24305e-20  4.50558e-10  6.97474e-21  9.05273e-11  3.41798e-21  1.72913e-11  1.52435e-21  3.14189e-12  6.32532e-22  5.43365e-13  2.47273e-22  8.94707e-14  9.16022e-23  1.40296e-14  3.22042e-23  2.09512e-15   1.0733e-23  2.97947e-16  3.38036e-24  4.03406e-17  9.99629e-25   5.1984e-18  2.74205e-25  6.37256e-19  6.82768e-26  7.42692e-20  1.48295e-26  8.22297e-21  2.56547e-27  8.64141e-22  2.43349e-28  8.61033e-23 -4.82137e-29  8.12465e-24 -3.59367e-29  7.24992e-25 -1.29349e-29  6.10817e-26 -3.59528e-30  4.85009e-27 -8.50854e-31  3.62203e-28 -1.78769e-31  2.53804e-29 -3.42831e-32  1.66428e-30 -6.14842e-33  1.01815e-31 -1.05295e-33  5.79078e-33 -1.74077e-34  3.04966e-34 -2.76296e-35  1.48022e-35 -4.12531e-36  6.58554e-37 -5.64189e-37  2.66836e-38 -6.89448e-38  9.77092e-40 -7.38195e-39  3.20342e-41 -6.82729e-40  9.29566e-43 -5.40187e-41   2.3531e-44 -3.63484e-42  5.08915e-46 -2.07097e-43  9.23058e-48 -9.89828e-45  1.34292e-49 -3.85731e-46  1.93564e-51 -1.14187e-47  2.50933e-53 -2.19486e-49  3.46676e-55 -1.73545e-51
-1.62228e-18 -6.23648e-05 -1.78426e-17 -0.000607301  -5.2833e-17 -0.000924769 -8.74506e-17  0.000641482 -1.04296e-16   0.00414257 -1.04379e-16   0.00761891 -9.84698e-17   0.00917027 -9.26555e-17   0.00845645 -8.66505e-17   0.00639955 -7.81706e-17    0.0041329 -6.55073e-17   0.00233647 -4.94933e-17    0.0011772 -3.35258e-17  0.000535664 -2.08027e-17  0.000222393 -1.22278e-17  8.49237e-05 -6.92952e-18  3.00205e-05 -3.72803e-18  9.87579e-06 -1.83464e-18  3.03649e-06 -7.91536e-19   8.7575e-07 -2.82688e-19  2.37628e-07 -7.12511e-20  6.08158e-08  -6.8902e-22  1.47112e-08  1.43575e-20  3.36941e-09   1.2353e-20  7.31761e-10  7.54926e-21  1.50875e-10  3.91033e-21  2.95613e-11  1.81814e-21  5.50835e-12  7.80473e-22   9.7672e-13   3.1428e-22  1.64875e-13    1.197e-22  2.65028e-14   4.3252e-23  4.05729e-15  1.48245e-23  5.91538e-16  4.80867e-24  8.21235e-17  1.46889e-24  1.08535e-17  4.18501e-25  1.36491e-18  1.09291e-25  1.63246e-19  2.53593e-26   1.8556e-20  4.90566e-27  2.00296e-21  6.51876e-28  2.05108e-22 -1.14751e-29  1.99033e-23 -4.52311e-29   1.8278e-24 -1.93688e-29  1.58616e-25 -5.88586e-30  1.29848e-26 -1.48444e-30  1.00082e-27  -3.2815e-31  7.24691e-29 -6.55895e-32  4.91738e-30 -1.21558e-32  3.11789e-31 -2.13685e-33  1.84126e-32 -3.61881e-34  1.00895e-33 -5.91011e-35  5.10784e-35 -9.16484e-36  2.37702e-36  -1.3158e-36  1.01083e-37 -1.70422e-37  3.90045e-39 -1.94905e-38  1.35417e-40 -1.93725e-39  4.18702e-42 -1.65531e-40  1.13849e-43 -1.20783e-41  2.68065e-45 -7.49757e-43  5.31332e-47  -3.9388e-44  8.94733e-49  -1.7212e-45  1.19174e-50 -5.96346e-47  2.71048e-52 -1.47154e-48  4.12835e-54 -2.01831e-50  4.53491e-56
 3.79269e-06 -5.80073e-18 -0.000178818 -2.76212e-17 -0.000601522 -6.15958e-17 -0.000282576 -9.15937e-17    0.0015939 -1.07416e-16   0.00427762  -1.1018e-16   0.00619487 -1.04832e-16   0.00647432 -9.46115e-17    0.0053898 -8.13227e-17   0.00376062 -6.59674e-17   0.00226925 -4.94933e-17   0.00120983 -3.38334e-17  0.000578777 -2.11964e-17  0.000251377 -1.24862e-17  0.000100028 -7.08959e-18  3.67318e-05 -3.87541e-18  1.25207e-05 -1.97976e-18  3.98074e-06 -9.06797e-19  1.18513e-06 -3.54785e-19  3.31484e-07  -1.0782e-19  8.73475e-08 -1.59711e-20  2.17334e-08  9.28231e-21  5.11602e-09     1.13e-20  1.14119e-09  7.71997e-21  2.41536e-10  4.26577e-21  4.85596e-11  2.07743e-21  9.28149e-12  9.25039e-22  1.68774e-12  3.84252e-22  2.92116e-13  1.50555e-22  4.81414e-14  5.59156e-23  7.55582e-15  1.97035e-23  1.12945e-15  6.57806e-24  1.60782e-16  2.07285e-24  2.17922e-17  6.11897e-25   2.8113e-18  1.66863e-25   3.4502e-19  4.10074e-26  4.02577e-20  8.66447e-27  4.46265e-21  1.39914e-27  4.69553e-22  8.92545e-29  4.68455e-23 -4.75964e-29    4.426e-24 -2.68562e-29  3.95466e-25 -9.09452e-30   3.3363e-26 -2.46179e-30  2.65271e-27  -5.7489e-31  1.98374e-28 -1.20149e-31  1.39197e-29  -2.3078e-32  9.14039e-31 -4.17221e-33  5.59967e-32 -7.23659e-34  3.18937e-33 -1.21286e-34  1.68206e-34 -1.94535e-35  8.17601e-36 -2.91933e-36  3.64279e-37 -3.99229e-37  1.47815e-38 -4.86116e-38  5.42061e-40 -5.17801e-39  1.77995e-41 -4.76571e-40  5.17719e-43 -3.76077e-41   1.3169e-44 -2.53435e-42  2.89676e-46 -1.45415e-43  5.26161e-48  -7.0359e-45  9.26197e-50 -2.78221e-46  1.32291e-51  -8.3418e-48  5.91617e-53 -1.61626e-49  7.42243e-55 -1.28151e-51
  -1.133e-18 -2.65012e-05 -1.08945e-17 -0.000259195  -3.4762e-17  -0.00039693 -6.55242e-17  0.000344686 -9.10138e-17   0.00204161 -1.04466e-16    0.0037648 -1.05653e-16   0.00455893  -9.7267e-17   0.00422556 -8.29665e-17   0.00320983 -6.61968e-17   0.00207846 -4.92655e-17    0.0011772 -3.38334e-17  0.000593874 -2.13836e-17  0.000270478 -1.26342e-17  0.000112371 -7.15865e-18  4.29334e-05 -3.93468e-18   1.5184e-05 -2.06041e-18  4.99732e-06 -9.89525e-19  1.53723e-06 -4.16652e-19  4.43572e-07  -1.4391e-19  1.20426e-07 -3.31733e-20   3.0839e-08     2.52e-21  7.46482e-09  9.24959e-21  1.71097e-09  7.41201e-21  3.71878e-10  4.42857e-21  7.67395e-11  2.27258e-21  1.50494e-11  1.05321e-21  2.80696e-12  4.52164e-22  4.98227e-13  1.82418e-22  8.41927e-14  6.96514e-23  1.35486e-14  2.52292e-23  2.07655e-15  8.66459e-24  3.03115e-16  2.81363e-24  4.21334e-17  8.58864e-25  5.57541e-18  2.43717e-25  7.02064e-19  6.30253e-26  8.40793e-20   1.4326e-26  9.57011e-21  2.64529e-27  1.03443e-21  2.98499e-28  1.06076e-22 -3.31389e-29   1.0308e-23 -3.39031e-29  9.47978e-25 -1.32122e-29  8.23843e-26 -3.87655e-30  6.75412e-27 -9.60922e-31  5.21351e-28 -2.10712e-31  3.78068e-29 -4.20749e-32  2.56922e-30 -7.84198e-33  1.63148e-31 -1.39405e-33  9.64921e-33 -2.39351e-34  5.29547e-34  -3.9561e-35  2.68495e-35 -6.17864e-36   1.2514e-36  -8.8858e-37  5.32974e-38 -1.14805e-37  2.05973e-39 -1.30676e-38  7.16247e-41 -1.29219e-39  2.21928e-42 -1.10011e-40  6.06949e-44 -8.02527e-42  1.45485e-45 -5.00597e-43  3.12244e-47 -2.65746e-44   5.4723e-49 -1.17777e-45  1.45468e-50 -4.13726e-47   2.6954e-52   -1.031e-48  1.42627e-53 -1.42058e-50  1.01971e-55
