 3.68424e-06  7.69273e-22 -3.06053e-05  9.64596e-21   8.1212e-05  4.30989e-19 -9.39822e-05 -2.97622e-18  3.48363e-05   8.1514e-18  1.68804e-05  -1.2295e-17 -8.53406e-06  1.09261e-17 -6.04073e-06 -4.96668e-18  2.59954e-07 -3.21092e-19  1.60931e-06  1.80589e-18  6.99702e-07 -8.28552e-19 -9.71631e-09 -8.58798e-20 -1.64211e-07  1.87195e-19 -9.59989e-08 -2.69379e-20 -2.51821e-08 -2.80577e-20    3.192e-09   1.2186e-20  6.88953e-09  3.83907e-21  3.93838e-09 -2.78535e-21   1.4051e-09 -1.71057e-21  2.81511e-10  9.01182e-23 -3.22194e-11  4.57486e-22 -6.16198e-11  2.84263e-22 -3.49591e-11  4.20971e-23 -1.41009e-11 -5.96693e-23 -4.52076e-12   -4.867e-23 -1.15788e-12 -1.33604e-23 -2.14151e-13  4.36271e-24 -1.19734e-14  4.80926e-24  1.20964e-14  1.48775e-24  7.37676e-15 -7.89665e-26  2.88148e-15 -2.68575e-25   9.2022e-16 -1.28559e-25  2.57225e-16 -3.14524e-26   6.4806e-17 -6.31345e-28  1.49447e-17  3.13624e-27  3.18317e-18  1.65518e-27   6.2983e-19   5.4541e-28  1.16206e-19  1.33131e-28  2.00459e-20  2.63795e-29  3.23933e-21  5.21753e-30  4.91134e-22  1.28929e-30  6.99657e-23  3.91489e-31  9.37919e-24  1.29717e-31   1.1852e-24  4.10949e-32  1.41456e-25  1.12493e-32  1.59806e-26  2.59248e-33   1.7122e-27  5.13129e-34   1.7419e-28  8.94843e-35  1.68211e-29   1.3889e-35  1.53786e-30  1.90993e-36  1.32403e-31  2.30938e-37  1.06493e-32  2.45037e-38  7.91948e-34  2.28621e-39  5.37942e-35  1.87209e-40  3.29186e-36  1.33181e-41  1.78665e-37  8.10828e-43  8.44732e-39  4.15863e-44  3.40464e-40  1.76492e-45  1.13762e-41  6.03213e-47   3.0319e-43  1.58664e-48  6.07731e-45  2.97617e-50  8.27287e-47  3.44278e-52  6.06939e-49  1.59016e-54
 7.69273e-22  4.71237e-05 -8.82743e-20 -0.000217281   8.9016e-19  0.000416073 -5.87753e-19 -0.000348525  -6.7813e-18   4.6754e-05  2.13314e-17  8.73428e-05 -3.08855e-17 -5.44557e-06  2.53393e-17 -2.44471e-05 -1.03921e-17 -6.94502e-06 -9.98496e-19  3.25505e-06  3.57818e-18   3.3089e-06 -1.42838e-18   1.0092e-06 -2.34944e-19  -1.7783e-07  3.16661e-19 -3.31247e-07 -4.12417e-20 -1.70941e-07 -4.16391e-20 -4.33342e-08  3.03363e-20  4.50633e-09  6.70058e-21  1.09095e-08 -8.23946e-21  6.45993e-09 -5.68735e-21  2.49295e-09 -2.04153e-22  6.44405e-10  1.68294e-21   5.8708e-11  1.09672e-21 -4.94725e-11  1.40027e-22 -3.84248e-11 -2.12708e-22 -1.77673e-11 -1.57173e-22 -6.44378e-12 -3.90155e-23   -1.957e-12  1.26007e-23 -5.04204e-13  1.29907e-23 -1.07432e-13  3.73692e-24  -1.6901e-14 -3.74936e-25 -8.29346e-16 -7.89974e-25   7.0741e-16  -3.7111e-25  3.79684e-16 -9.47613e-26  1.30985e-16 -5.88029e-27  3.71109e-17    7.069e-27   9.2406e-18  4.18028e-27  2.08135e-18  1.47181e-27  4.30466e-19  3.93843e-28  8.24601e-20   9.1682e-29   1.4708e-20   2.1621e-29  2.45065e-21    5.497e-30  3.82156e-22  1.46735e-30  5.58222e-23  4.04354e-31  7.63827e-24  1.09027e-31   9.7837e-25  2.65278e-32  1.17146e-25  5.59901e-33  1.30847e-26  1.02996e-33  1.35957e-27  1.68052e-34   1.3095e-28  2.44988e-35  1.16406e-29  3.17075e-36  9.50003e-31   3.6083e-37  7.07296e-32  3.59683e-38  4.76777e-33  3.14315e-39  2.88342e-34  2.40119e-40  1.54725e-35  1.58565e-41  7.26604e-37  8.89893e-43  2.93452e-38  4.16632e-44  9.96156e-40  1.59211e-45  2.75402e-41  4.80316e-47  5.91929e-43  1.08035e-48  9.16993e-45  1.63465e-50  8.84056e-47  1.32155e-52  3.42131e-49
-3.06053e-05 -8.82743e-20  0.000292552 -7.93254e-19 -0.000915171  5.63791e-18   0.00131801 -7.87332e-18 -0.000769681  -7.4056e-18  -0.00010174  3.59404e-17   0.00022124 -5.07175e-17  5.57858e-05  3.82931e-17 -4.57264e-05 -1.40452e-17 -3.16181e-05 -1.94118e-18 -2.19142e-06  4.78205e-18  6.84653e-06 -1.61147e-18  4.32222e-06 -3.97968e-19    9.516e-07  3.21313e-19 -3.80261e-07 -5.84182e-20 -4.47012e-07 -1.97054e-20 -2.14653e-07  6.38637e-20  -5.5623e-08  1.03767e-20  2.30923e-09 -2.03162e-20   1.1205e-08 -1.47941e-20  7.08463e-09 -9.14205e-22  2.95538e-09  4.37991e-21  9.06483e-10   2.7349e-21  1.83817e-10  3.09747e-22  2.06158e-12 -4.92912e-22  -2.0048e-11 -3.41957e-22 -1.21695e-11 -8.15223e-23 -5.05349e-12   2.2621e-23 -1.71982e-12  2.28969e-23 -5.06683e-13  5.73706e-24 -1.32005e-13 -1.36723e-24 -3.05877e-14 -1.75537e-24 -6.26096e-15 -7.95544e-25 -1.10309e-15 -2.12679e-25 -1.55059e-16 -2.29633e-26 -1.24527e-17  9.79334e-27  1.69272e-18  7.11718e-27  1.12299e-18  2.70734e-27  3.45148e-19  7.85599e-28  8.26854e-20  2.03329e-28  1.70581e-20  5.20103e-29  3.14375e-21  1.32521e-29  5.26485e-22  3.30569e-30   8.0822e-23  8.16206e-31  1.14236e-23   1.9573e-31  1.48944e-24  4.30535e-32  1.79166e-25  8.35903e-33  1.98612e-26  1.42899e-33  2.02442e-27  2.17816e-34  1.89115e-28  2.97601e-35  1.61224e-29  3.61639e-36  1.24759e-30  3.86376e-37   8.7052e-32  3.60918e-38  5.43267e-33  2.94596e-39  3.00207e-34  2.09308e-40  1.45065e-35  1.27821e-41    6.033e-37  6.58139e-43    2.115e-38  2.79506e-44  6.07719e-40  9.53224e-46  1.37503e-41  2.50366e-47  2.30305e-43  4.70102e-49  2.56356e-45   5.4451e-51  1.49011e-47  2.51302e-53
 9.64596e-21 -0.000217281 -7.93254e-19   0.00117567 -3.59059e-18  -0.00272688   1.9757e-17   0.00300758 -2.76421e-17  -0.00109263 -2.88388e-19 -0.000592159  4.58269e-17  0.000323009 -6.31947e-17  0.000222209  4.33876e-17 -2.60299e-05 -1.40968e-17 -7.09593e-05 -2.74426e-18 -2.59816e-05  5.06046e-18  4.66218e-06 -1.29839e-18  9.07554e-06  -5.4483e-19   4.3645e-06  1.33653e-19  6.85002e-07 -9.40327e-20 -5.01846e-07  5.53895e-20 -4.73926e-07  1.28912e-19 -2.19877e-07  1.73383e-20 -6.07362e-08 -4.40383e-20 -2.65223e-09 -3.15292e-20  8.15935e-09 -1.83659e-21  5.81615e-09  8.94153e-21  2.63144e-09  5.26849e-21  9.11823e-10  5.64936e-22  2.46019e-10 -8.71825e-22  4.58621e-11 -5.84845e-22  1.20468e-12 -1.41419e-22 -3.77633e-12  2.63609e-23 -2.20886e-12  2.81968e-23 -8.75243e-13  4.53186e-24 -2.86141e-13  -4.0858e-24 -8.19581e-14  -3.4715e-24 -2.11201e-14 -1.49506e-24 -4.96528e-15 -4.18822e-25 -1.07342e-15 -6.50009e-26 -2.14362e-16  6.53864e-27 -3.96366e-17  8.92128e-27 -6.79151e-18  3.81988e-27 -1.07783e-18  1.20503e-27 -1.58174e-19  3.37868e-28 -2.14048e-20  9.04696e-29  -2.6603e-21  2.29157e-29 -3.02022e-22  5.45612e-30 -3.11058e-23  1.24821e-30 -2.88289e-24  2.73624e-31 -2.38658e-25  5.52177e-32 -1.76595e-26  9.92063e-33 -1.20725e-27  1.57878e-33 -8.56273e-29  2.24756e-34 -7.51549e-30  2.87426e-35 -8.14913e-31  3.27299e-36 -9.06775e-32  3.27549e-37  -9.0955e-33   2.8598e-38 -7.85182e-34  2.17395e-39 -5.75046e-35  1.43151e-40 -3.54439e-36  8.04952e-42  -1.8194e-37  3.78126e-43 -7.64865e-39  1.44567e-44  -2.5646e-40  4.35143e-46 -6.57507e-42  9.77269e-48 -1.19938e-43  1.48016e-49 -1.34809e-45  1.19833e-51 -6.03635e-48
  8.1212e-05   8.9016e-19 -0.000915171 -3.59059e-18   0.00344276 -1.08443e-17  -0.00622297  4.82836e-17   0.00525292 -6.13343e-17 -0.000784216  1.35081e-17  -0.00144931   4.8487e-17  0.000183599 -6.35837e-17  0.000465797  3.86355e-17  9.49905e-05 -1.11627e-17 -9.20621e-05 -3.02094e-18 -7.02885e-05  4.75145e-18 -1.36899e-05  -5.8662e-19  9.76152e-06 -7.29355e-19  9.32366e-06 -2.81232e-19  3.72968e-06 -1.68339e-19   4.1381e-07  1.96747e-19 -4.98898e-07  2.42809e-19 -4.20341e-07   2.8444e-20 -1.93757e-07 -8.28611e-20 -5.83094e-08 -5.63558e-20 -7.62964e-09 -2.67576e-21  3.82808e-09  1.50789e-20  3.59268e-09  8.45344e-21  1.79888e-09  9.28445e-22  6.86815e-10 -1.25537e-21  2.15169e-10 -8.39629e-22  5.56864e-11 -2.19218e-22  1.12649e-11  9.61985e-24  1.33485e-12  1.84358e-23 -1.94023e-13 -4.67769e-24 -1.96858e-13 -1.02369e-23 -8.35328e-14 -6.46851e-24 -2.72637e-14 -2.63442e-24 -7.63576e-15 -7.69056e-25 -1.91158e-15 -1.51753e-25 -4.36389e-16 -9.54394e-27 -9.18762e-17  7.34967e-27 -1.79641e-17  4.13978e-27 -3.27671e-18  1.46664e-27 -5.59227e-19  4.44618e-28 -8.94694e-20  1.23326e-28 -1.34326e-20   3.1048e-29 -1.89327e-21  7.13719e-30 -2.50445e-22  1.54169e-30 -3.10648e-23  3.14747e-31 -3.60742e-24  5.90063e-32 -3.91296e-25   9.8753e-33 -3.95237e-26  1.46745e-33 -3.70299e-27  1.95307e-34 -3.20241e-28  2.33694e-35 -2.54135e-29  2.49046e-36 -1.83753e-30  2.33005e-37 -1.20029e-31   1.8968e-38 -7.01074e-33  1.33882e-39 -3.61595e-34  8.13986e-41 -1.62137e-35  4.19401e-42  -6.1949e-37  1.78571e-43 -1.96352e-38  6.08998e-45 -4.97053e-40  1.59533e-46 -9.48032e-42  2.99008e-48 -1.23012e-43   3.4659e-50 -8.61321e-46  1.60158e-52
 4.30989e-19  0.000416073  5.63791e-18  -0.00272688 -1.08443e-17   0.00784543 -2.44806e-17   -0.0113979  9.06655e-17   0.00719452 -1.00986e-16  0.000651571  2.59571e-17  -0.00237297  4.64072e-17 -0.000390624  -5.3198e-17  0.000639447  2.69834e-17  0.000336863 -7.60553e-18 -3.94015e-05 -2.67449e-18 -0.000113912   4.6386e-18 -5.27443e-05  4.12928e-19   -2.206e-06 -1.05264e-18  1.15865e-05 -9.50691e-19    8.097e-06 -2.96399e-19   2.8576e-06  4.12611e-19  2.45074e-07  4.11528e-19  -3.9863e-07  4.14518e-20 -3.20148e-07 -1.35481e-19 -1.49665e-07 -8.66774e-20 -4.92396e-08  -3.2974e-21 -1.01482e-08  2.17512e-20  3.00704e-10  1.17815e-20    1.522e-09  1.42537e-21   9.1548e-10 -1.51997e-21  3.86529e-10 -1.05642e-21  1.33681e-10 -3.22607e-22  3.97008e-11 -4.75624e-23  1.02707e-11 -1.96618e-23  2.30003e-12 -2.79154e-23  4.30124e-13 -2.20323e-23  5.92495e-14 -1.14691e-23  2.18155e-15 -4.44177e-24 -2.17514e-15 -1.33549e-24 -1.01694e-15 -3.05986e-25 -3.12269e-16 -4.57081e-26 -7.90259e-17  1.19458e-28 -1.75713e-17  2.98292e-27 -3.52671e-18  1.37183e-27 -6.47735e-19  4.67122e-28 -1.09681e-19  1.35712e-28  -1.7193e-20  3.42223e-29     -2.5e-21   7.6732e-30 -3.37397e-22  1.58646e-30 -4.22401e-23  3.05976e-31 -4.89842e-24  5.38783e-32 -5.24968e-25  8.45798e-33 -5.18312e-26  1.17828e-33 -4.69567e-27  1.46918e-34 -3.88429e-28  1.64587e-35 -2.91626e-29  1.64064e-36 -1.97281e-30  1.43298e-37 -1.19191e-31  1.08528e-38 -6.36178e-33  7.09152e-40 -2.95927e-34  3.96512e-41 -1.17898e-35  1.86188e-42 -3.93155e-37  7.13107e-44 -1.06305e-38  2.14526e-45   -2.224e-40  4.80324e-47 -3.33567e-42  7.25897e-49  -3.0937e-44  5.87889e-51 -1.14251e-46
-9.39822e-05 -5.87753e-19   0.00131801   1.9757e-17  -0.00622297 -2.44806e-17    0.0145221 -4.40777e-17   -0.0172943  1.38387e-16   0.00766623 -1.32226e-16   0.00324288  2.79645e-17  -0.00280735  4.36519e-17  -0.00139152 -3.69338e-17  0.000533455  1.32922e-17  0.000627873 -5.89142e-18  0.000126746 -1.87392e-18 -0.000114105  5.48657e-18  -0.00010041   1.6757e-18 -3.16914e-05  -1.5962e-18  4.71402e-06 -1.88521e-18  1.06873e-05  -4.7509e-19  6.23744e-06  6.96251e-19  2.04717e-06  6.20094e-19  1.78993e-07    5.196e-20 -2.58935e-07 -1.94877e-19 -2.10194e-07 -1.17448e-19 -1.01244e-07 -3.86219e-21  -3.6129e-08  2.75122e-20 -9.55289e-09  1.46578e-20 -1.44795e-09   2.0552e-21  2.36889e-10 -1.58223e-21  3.02248e-10 -1.22039e-21  1.53055e-10 -4.76477e-22  5.85868e-11 -1.70116e-22  1.89731e-11 -1.00108e-22  5.41717e-12 -7.12051e-23   1.3899e-12 -4.16642e-23  3.23413e-13  -1.9189e-23  6.84748e-14 -7.13386e-24  1.31718e-14 -2.17899e-24  2.28544e-15 -5.44051e-25  3.51804e-16 -1.06488e-25  4.62705e-17 -1.40726e-26  4.68135e-18 -2.97159e-29  2.03023e-19  8.07041e-28 -5.65091e-20  3.72659e-28    -2.09e-20  1.19636e-28 -4.55083e-21  3.09121e-29 -7.92456e-22  6.86143e-30 -1.18798e-22  1.37677e-30 -1.57647e-23  2.54207e-31 -1.87419e-24  4.24965e-32 -2.00553e-25  6.30399e-33 -1.93267e-26  8.27295e-34 -1.67327e-27  9.69357e-35 -1.29529e-28  1.01836e-35 -8.90048e-30  9.49855e-37 -5.37416e-31  7.73885e-38 -2.81201e-32  5.44307e-39 -1.25036e-33  3.28327e-40 -4.58925e-35  1.68131e-41 -1.32538e-36  7.15185e-43  -2.7361e-38  2.44225e-44 -2.97514e-40  6.39193e-46  2.29263e-42  1.19402e-47  1.38613e-43   1.3806e-49   1.7727e-45  6.37966e-52
-2.97622e-18 -0.000348525 -7.87332e-18   0.00300758  4.82836e-17   -0.0113979 -4.40777e-17    0.0225326 -6.61699e-17   -0.0222585  1.78519e-16   0.00587757 -1.43381e-16    0.0063779  1.67347e-17  -0.00225097  4.24602e-17  -0.00253404 -1.96021e-17  9.35632e-06  1.04286e-18  0.000815788 -7.46621e-18   0.00038808 -8.65124e-19 -2.99942e-05  7.70286e-18 -0.000127314  3.22762e-18 -7.24125e-05   -2.373e-18 -1.53662e-05 -3.03205e-18  7.02064e-06 -6.77292e-19  8.38431e-06  1.01584e-18  4.38752e-06   8.3286e-19  1.40818e-06  5.52177e-20    1.653e-07 -2.50682e-19 -1.31331e-07 -1.43186e-19 -1.17003e-07 -4.81318e-21 -5.90394e-08  3.10447e-20 -2.26034e-08  1.65846e-20 -6.93242e-09  2.73892e-21 -1.65532e-09 -1.47714e-21 -2.49556e-10  -1.3891e-21   1.8134e-11 -7.30929e-22  3.26101e-11 -3.86299e-22  1.60574e-11 -2.35087e-22    5.855e-12 -1.38952e-22  1.80629e-12 -7.05208e-23  4.94132e-13 -3.00082e-23  1.22582e-13 -1.07925e-23  2.79253e-14 -3.30837e-24  5.88764e-15 -8.63774e-25  1.15478e-15 -1.90252e-25  2.11464e-16 -3.45888e-26  3.62478e-17 -4.70827e-27  5.82741e-18 -1.83142e-28  8.79955e-19  1.71527e-28  1.24944e-19  7.82494e-29   1.6694e-20  2.21983e-29  2.09967e-21  5.03441e-30  2.48542e-22  1.00137e-30  2.76643e-23  1.80015e-31  2.89017e-24  2.89364e-32   2.8258e-25  4.09218e-33  2.57482e-26  5.08948e-34  2.17422e-27  5.62738e-35  1.68942e-28   5.5592e-36  1.19757e-29  4.85831e-37  7.66498e-31  3.69214e-38  4.37543e-32  2.40841e-39  2.19472e-33  1.33755e-40  9.49726e-35  6.24618e-42  3.46263e-36  2.39087e-43  1.03008e-37   7.2032e-45   2.3862e-39  1.61151e-46   3.9907e-41  2.42753e-48  4.16066e-43  1.96117e-50  1.74455e-45
 3.48363e-05  -6.7813e-18 -0.000769681 -2.76421e-17   0.00525292  9.06655e-17   -0.0172943 -6.61699e-17    0.0300704 -8.56169e-17   -0.0247693  2.00477e-16   0.00192832 -1.32823e-16    0.0090762 -2.48522e-18 -0.000571665  4.31963e-17  -0.00337353 -3.91185e-18  -0.00089185 -8.91568e-18  0.000742728  -1.2567e-17  0.000658563  1.61057e-19  0.000147171  1.12166e-17 -0.000100179  5.02796e-18 -0.000105613  -3.3049e-18 -4.55246e-05 -4.24143e-18 -5.80288e-06  -8.5813e-19  6.38933e-06  1.31712e-18  5.81399e-06  1.00419e-18  2.86017e-06  4.70552e-20  9.35739e-07 -2.93824e-19  1.56569e-07 -1.60425e-19 -4.33835e-08 -6.86171e-21 -5.26883e-08  3.15076e-20 -2.87392e-08  1.72019e-20 -1.17418e-08  3.23613e-21 -3.95549e-09 -1.41822e-21 -1.12737e-09 -1.71159e-21  -2.6904e-10 -1.16129e-21 -5.02643e-11 -7.23917e-22 -5.29046e-12 -4.31978e-22  9.38483e-13 -2.32252e-22  8.02614e-13 -1.08381e-22  3.17151e-13 -4.36412e-23  9.74949e-14 -1.52502e-23  2.58032e-14 -4.64748e-24  6.10952e-15 -1.23636e-24   1.3186e-15 -2.87444e-25  2.62127e-16 -5.85334e-26  4.82928e-17 -1.02526e-26  8.27623e-18 -1.39484e-27  1.32212e-18  -8.5827e-29   1.9706e-19  2.39774e-29  2.74041e-20  1.10143e-29  3.55285e-21  2.83104e-30  4.28762e-22  5.87099e-31  4.80572e-23  1.06061e-31   4.9878e-24  1.67355e-32  4.77567e-25  2.28641e-33  4.19889e-26  2.71856e-34  3.37121e-27  2.85417e-35  2.45513e-28  2.66335e-36  1.60876e-29  2.18693e-37  9.39208e-31  1.55183e-38  4.82647e-32  9.38186e-40  2.15018e-33  4.78594e-41  8.14194e-35  2.02913e-42  2.55184e-36  6.93661e-44  6.37451e-38  1.82034e-45  1.19739e-39  3.40071e-47  1.52704e-41  3.92223e-49  1.04866e-43  1.80895e-51
  8.1514e-18   4.6754e-05  -7.4056e-18  -0.00109263 -6.13343e-17   0.00719452  1.38387e-16   -0.0222585 -8.56169e-17    0.0353341 -9.78424e-17   -0.0242333  2.00434e-16  -0.00324964 -1.09055e-16    0.0104945 -2.09214e-17   0.00191322    4.629e-17  -0.00352841  9.57247e-18  -0.00194928 -1.75388e-17  0.000332042 -2.05194e-17  0.000817935  1.08517e-18  0.000379118  1.55042e-17 -1.54813e-06  6.88575e-18 -0.000107421  -4.2295e-18 -7.42542e-05 -5.28689e-18 -2.61235e-05 -9.69225e-19 -1.53348e-06  1.54083e-18  4.57549e-06  1.09385e-18  3.61741e-06  2.34667e-20  1.73024e-06 -3.21081e-19  5.91727e-07 -1.69545e-19  1.31756e-07 -1.11628e-20  1.59245e-09  2.84177e-20 -1.68542e-08  1.61027e-20 -1.09627e-08   3.0418e-21  -4.8531e-09 -1.81927e-21 -1.75302e-09 -2.41821e-21 -5.46148e-10 -1.85615e-21 -1.50019e-10 -1.20348e-21 -3.65766e-11 -6.90186e-22 -7.87376e-12 -3.47545e-22 -1.46328e-12 -1.52906e-22 -2.20076e-13 -5.89724e-23 -2.07445e-14 -2.00522e-23   1.5266e-15  -6.0321e-24   1.4415e-15 -1.60846e-24  4.75111e-16 -3.82067e-25  1.18434e-16 -8.14195e-26  2.51395e-17  -1.5492e-26  4.73598e-18  -2.5407e-27  8.06805e-19 -3.31334e-28  1.25466e-19 -2.77141e-29  1.78954e-20  6.13248e-31  2.34575e-21  8.69159e-31  2.82626e-22   2.3882e-31   3.1261e-23  4.79083e-32  3.16675e-24  7.80864e-33  2.92777e-25  1.05987e-33  2.45915e-26  1.22519e-34  1.86574e-27  1.23554e-35  1.26947e-28  1.09838e-36  7.67788e-30  8.52395e-38  4.08242e-31  5.66534e-39   1.8819e-32  3.17645e-40  7.38711e-34  1.48594e-41  2.41084e-35  5.69494e-43  6.32794e-37  1.72393e-44   1.2719e-38  3.87786e-46  1.80754e-40  5.85415e-48  1.55723e-42  4.72559e-50  5.18108e-45
 1.68804e-05  2.13314e-17  -0.00010174 -2.88388e-19 -0.000784216 -1.00986e-16   0.00766623  1.78519e-16   -0.0247693 -9.78424e-17    0.0374259 -1.00102e-16    -0.021167  1.80885e-16  -0.00842756 -8.50334e-17    0.0102909 -3.21031e-17   0.00461755  5.31426e-17   -0.0028492  2.14659e-17  -0.00286111 -2.59794e-17 -0.000370066 -3.00305e-17  0.000766239  1.82251e-18  0.000591416  1.97179e-17  0.000156858  8.48477e-18 -6.10294e-05 -4.94035e-18 -8.57215e-05 -5.93464e-18 -4.69611e-05 -9.72046e-19 -1.43213e-05  1.64548e-18 -2.51576e-07  1.07934e-18  2.72454e-06 -2.04031e-20  2.01606e-06 -3.37371e-19  9.59975e-07 -1.75377e-19  3.45815e-07 -1.97564e-20  9.37697e-08  2.10645e-20  1.53427e-08  1.24849e-20 -1.70907e-09  1.30483e-21 -2.76119e-09 -3.26212e-21 -1.45912e-09 -3.77808e-21  -5.7409e-10 -2.89356e-21 -1.90552e-10 -1.82903e-21 -5.58141e-11 -9.98471e-22 -1.47404e-11 -4.76142e-22 -3.55162e-12 -1.99688e-22 -7.86078e-13 -7.41677e-23 -1.60449e-13 -2.45303e-23 -3.02622e-14 -7.24464e-24 -5.27705e-15 -1.91557e-24 -8.50178e-16 -4.56269e-25 -1.26318e-16  -9.8611e-26 -1.72572e-17 -1.93008e-26 -2.15876e-18 -3.36149e-27 -2.45905e-19 -5.07572e-28  -2.5334e-20 -6.48664e-29  -2.3431e-21 -6.76056e-30 -1.93573e-22 -4.83152e-31  -1.4396e-23  7.59357e-33 -1.01316e-24   1.0989e-32 -7.70572e-26  2.42771e-33 -7.26751e-27  3.62516e-34 -7.98247e-28  4.28403e-35 -8.60849e-29  4.27955e-36 -8.24731e-30  3.70394e-37 -6.77084e-31  2.75766e-38 -4.69968e-32  1.73243e-39 -2.73058e-33  9.04773e-41 -1.31006e-34  3.88385e-42 -5.08203e-36   1.3412e-43 -1.54206e-37   3.5623e-45 -3.46647e-39   6.7289e-47 -5.22942e-41   7.8103e-49 -4.21084e-43  3.61125e-51
 -1.2295e-17  8.73428e-05  3.59404e-17 -0.000592159  1.35081e-17  0.000651571 -1.32226e-16   0.00587757  2.00477e-16   -0.0242333 -1.00102e-16    0.0366368 -9.12678e-17   -0.0167393  1.47389e-16   -0.0126536 -7.17648e-17   0.00865244 -3.45507e-17   0.00696264  6.50486e-17   -0.0014448  3.24588e-17  -0.00336846 -3.44465e-17  -0.00121556 -3.94028e-17  0.000466337  2.29331e-18  0.000702607   2.2916e-17  0.000334992  9.50391e-18  3.34046e-05 -5.24776e-18 -6.70752e-05 -6.01955e-18 -5.83448e-05 -8.42982e-19 -2.77094e-05   1.6233e-18 -7.84722e-06  9.60585e-19  -1.7285e-07 -9.06531e-20  1.34331e-06 -3.54915e-19  9.88886e-07 -1.86571e-19   4.7702e-07 -3.61193e-20  1.80302e-07  7.76737e-21  5.54239e-08  4.84715e-21  1.34703e-08  -3.1554e-21  2.17061e-09 -6.39832e-21 -6.14966e-11 -6.02903e-21 -2.29265e-10 -4.31044e-21 -1.18284e-10 -2.57921e-21 -4.39528e-11 -1.33396e-21 -1.37144e-11 -6.04989e-22  -3.7828e-12 -2.42961e-22 -9.44716e-13  -8.7061e-23 -2.16468e-13 -2.79698e-23 -4.58783e-14 -8.07512e-24 -9.04126e-15 -2.10149e-24  -1.6626e-15 -4.96071e-25 -2.85959e-16 -1.06872e-25 -4.60706e-17 -2.09834e-26 -6.95801e-18 -3.71524e-27 -9.85264e-19 -5.86826e-28 -1.30744e-19 -8.25839e-29 -1.62409e-20 -1.03996e-29 -1.88511e-21 -1.15734e-30 -2.03935e-22 -1.07458e-31 -2.04929e-23 -7.17661e-33 -1.90465e-24 -1.56288e-34 -1.62865e-25  4.02989e-35 -1.27307e-26  7.80299e-36  -9.0268e-28  9.22968e-37 -5.75225e-29  8.58181e-38 -3.25736e-30    6.505e-39 -1.61652e-31   4.0001e-40 -6.90804e-33  1.98486e-41 -2.48427e-34  7.90215e-43 -7.28462e-36  2.46701e-44 -1.66282e-37  5.71176e-46 -2.74004e-39  8.82967e-48 -2.81492e-41  7.23981e-50 -1.16317e-43
-8.53406e-06 -3.08855e-17   0.00022124  4.58269e-17  -0.00144931  2.59571e-17   0.00324288 -1.43381e-16   0.00192832  2.00434e-16    -0.021167 -9.12678e-17    0.0340364  -7.1093e-17   -0.0121144  1.05736e-16   -0.0155173 -7.46142e-17   0.00607053 -3.07489e-17   0.00857026   8.1511e-17  0.000407739  4.25652e-17  -0.00333465  -4.2026e-17  -0.00201419 -4.68421e-17 -4.45438e-05  2.41399e-18   0.00065488  2.43487e-17  0.000478152  9.75586e-18  0.000156324 -5.02988e-18  -1.5111e-05  -5.4841e-18 -5.16741e-05 -5.68188e-19 -3.56765e-05  1.50359e-18 -1.55921e-05  7.57362e-19 -4.40987e-06 -1.93478e-19 -3.31088e-07 -3.89814e-19  5.14962e-07 -2.14076e-19  4.10944e-07 -6.54401e-20  2.04796e-07 -1.45289e-20  8.07196e-08 -9.01011e-21  2.67831e-08 -1.16572e-20  7.61585e-09 -1.17831e-20  1.83899e-09 -9.29291e-21  3.58188e-10 -6.07386e-21  4.55621e-11 -3.40251e-21 -2.28908e-12 -1.66387e-21 -3.99793e-12 -7.18757e-22 -1.69817e-12 -2.76809e-22 -5.32845e-13 -9.56914e-23 -1.41584e-13 -2.98074e-23 -3.33801e-14 -8.38295e-24 -7.13446e-15 -2.13548e-24 -1.39836e-15 -4.95622e-25 -2.52986e-16 -1.05306e-25 -4.24047e-17 -2.04534e-26 -6.59784e-18 -3.60566e-27 -9.53531e-19 -5.73983e-28 -1.27954e-19 -8.27487e-29 -1.59228e-20 -1.08698e-29 -1.83383e-21 -1.29624e-30 -1.94923e-22 -1.37629e-31 -1.90537e-23 -1.26893e-32 -1.70521e-24 -9.99902e-34 -1.38968e-25 -6.68643e-35 -1.02459e-26 -3.67894e-36 -6.78024e-28 -1.42877e-37 -3.98836e-29 -8.99028e-40 -2.06061e-30  4.09986e-40 -9.21049e-32  3.93258e-41 -3.49233e-33  2.23327e-42 -1.09389e-34  9.10819e-44 -2.72552e-36  2.72828e-45 -5.09596e-38  5.65989e-47 -6.45462e-40  7.03857e-49 -4.39134e-42  3.41031e-51
 1.09261e-17 -5.44557e-06 -5.07175e-17  0.000323009   4.8487e-17  -0.00237297  2.79645e-17    0.0063779 -1.32823e-16  -0.00324964  1.80885e-16   -0.0167393  -7.1093e-17    0.0308022 -4.00594e-17  -0.00803422  6.09183e-17   -0.0170756  -9.2687e-17   0.00307617 -2.44966e-17   0.00930793  9.96255e-17   0.00238692  5.09779e-17  -0.00275834 -4.72575e-17  -0.00259469 -5.09319e-17 -0.000671992  2.09697e-18  0.000432732  2.36849e-17  0.000535862  9.26466e-18    0.0002745 -4.24881e-18  6.09848e-05 -4.36506e-18 -2.39246e-05 -1.32159e-19 -3.30536e-05  1.34517e-18 -2.00263e-05  5.03215e-19 -8.41307e-06 -3.32451e-19 -2.50553e-06 -4.57464e-19 -3.81828e-07 -2.69081e-19  1.18723e-07 -1.14139e-19  1.33522e-07 -4.98735e-20  7.18518e-08 -3.14947e-20  2.96301e-08 -2.52674e-20  1.03239e-08 -1.96665e-20  3.15349e-09 -1.34976e-20   8.5836e-10 -8.06457e-21  2.09439e-10 -4.21983e-21  4.57152e-11 -1.95031e-21  8.81983e-12 -8.02809e-22  1.45772e-12 -2.96513e-22  1.89064e-13 -9.87975e-23  1.26476e-14 -2.97805e-23 -2.48809e-15  -8.1344e-24 -1.31744e-15 -2.01981e-24 -3.66565e-16  -4.5826e-25 -8.03763e-17 -9.53411e-26 -1.51551e-17 -1.81589e-26 -2.53907e-18 -3.14969e-27 -3.83687e-19 -4.96197e-28 -5.26741e-20 -7.12257e-29 -6.58977e-21 -9.35587e-30 -7.51659e-22 -1.12111e-30 -7.80685e-23 -1.21112e-31 -7.36227e-24 -1.16594e-32 -6.27773e-25 -9.97902e-34 -4.81284e-26  -7.6269e-35 -3.29356e-27 -5.19243e-36 -1.99348e-28 -3.09026e-37 -1.05486e-29 -1.56511e-38 -4.80769e-31 -6.61626e-40 -1.85072e-32 -2.31236e-41 -5.85994e-34 -6.55444e-43 -1.46982e-35 -1.42572e-44 -2.75856e-37 -2.14942e-46 -3.51997e-39 -1.90585e-48 -2.52118e-41 -6.84604e-51  -5.7201e-44
-6.04073e-06  2.53393e-17  5.57858e-05 -6.31947e-17  0.000183599  4.64072e-17  -0.00280735  1.67347e-17    0.0090762 -1.09055e-16  -0.00842756  1.47389e-16   -0.0121144 -4.00594e-17    0.0277544  2.85923e-20  -0.00476333  1.72865e-17   -0.0176226 -1.20223e-16   7.6435e-05 -1.87646e-17   0.00922955  1.15024e-16   0.00421832   5.6509e-17   -0.0017401 -4.89564e-17  -0.00284375 -5.11012e-17  -0.00129579   1.2431e-18  6.52983e-05  2.10682e-17  0.000477832   8.2465e-18  0.000351781 -2.93173e-18  0.000141866  -2.7468e-18  2.02995e-05  4.91889e-19  -1.8025e-05  1.22337e-18 -1.83906e-05  2.39341e-19 -1.03418e-05 -5.05371e-19  -4.2976e-06 -5.68312e-19 -1.37246e-06  -3.6066e-19 -3.06759e-07 -1.88354e-19 -1.81382e-08 -1.02012e-19   2.6338e-08 -6.42843e-20  1.83952e-08 -4.42984e-20  8.27609e-09 -2.97995e-20  3.02705e-09 -1.83335e-20  9.62492e-10 -1.00818e-20  2.73974e-10 -4.93553e-21  7.09179e-11 -2.15718e-21  1.68493e-11 -8.46248e-22  3.69625e-12 -2.99604e-22  7.51635e-13 -9.61004e-23  1.42065e-13 -2.79785e-23  2.50058e-14 -7.40332e-24  4.10501e-15 -1.78575e-24  6.29338e-16  -3.9435e-25  9.02348e-17 -7.99232e-26  1.21215e-17 -1.48383e-26  1.52914e-18 -2.51319e-27  1.81687e-19 -3.87708e-28  2.04019e-20 -5.46175e-29  2.17223e-21 -7.04304e-30  2.19754e-22 -8.28498e-31  2.11154e-23 -8.81042e-32  1.91954e-24 -8.40219e-33  1.63819e-25 -7.17106e-34  1.29799e-26 -5.48049e-35  9.41935e-28 -3.73081e-36   6.1657e-29 -2.22953e-37  3.57985e-30 -1.14891e-38  1.80921e-31  -5.0302e-40  7.78386e-33 -1.84353e-41   2.7718e-34 -5.50758e-43  7.85996e-36 -1.27807e-44  1.67409e-37 -2.13021e-46  2.41847e-39 -2.20869e-48  1.88043e-41 -9.25251e-51
-4.96668e-18 -2.44471e-05  3.82931e-17  0.000222209 -6.35837e-17 -0.000390624  4.36519e-17  -0.00225097 -2.48522e-18    0.0104945 -8.50334e-17   -0.0126536  1.05736e-16  -0.00803422  2.85923e-20    0.0252533  4.53892e-17  -0.00225254 -2.12399e-17   -0.0174883 -1.49011e-16  -0.00268624 -1.48932e-17   0.00848553  1.23681e-16   0.00571395  5.82833e-17 -0.000433754 -4.68162e-17   -0.0027178 -4.78397e-17  -0.00180075 -2.80411e-19 -0.000384244  1.69829e-17  0.000302142  7.01136e-18  0.000360362 -1.14059e-18  0.000204048 -7.16517e-19  6.97314e-05  1.34141e-18  6.66253e-06  1.21487e-18 -9.99551e-06  8.86669e-21 -8.95187e-06 -7.02641e-19 -4.84455e-06 -7.25167e-19 -2.02085e-06 -4.93356e-19 -6.85965e-07 -2.91582e-19 -1.87925e-07 -1.72503e-19 -3.76528e-08 -1.07244e-19 -2.64995e-09 -6.78742e-20  2.14346e-09  -4.1339e-20  1.43754e-09 -2.32708e-20  5.98493e-10 -1.18732e-20  2.02021e-10 -5.45531e-21  5.94159e-11 -2.25757e-21  1.56999e-11 -8.44172e-22  3.78765e-12 -2.86308e-22  8.42284e-13 -8.82978e-23  1.73691e-13 -2.47863e-23  3.33451e-14 -6.33967e-24  5.97493e-15 -1.48134e-24   1.0008e-15 -3.17311e-25   1.5682e-16 -6.24025e-26  2.29883e-17 -1.12439e-26  3.15066e-18 -1.84983e-27  4.03215e-19 -2.77549e-28  4.80916e-20 -3.80437e-29  5.33154e-21  -4.7681e-30  5.47527e-22 -5.44313e-31  5.18664e-23   -5.616e-32  4.50864e-24 -5.20159e-33  3.57415e-25 -4.31157e-34  2.56456e-26 -3.19047e-35  1.65058e-27 -2.09195e-36  9.42458e-29 -1.19852e-37   4.7094e-30 -5.89903e-39  2.02405e-31 -2.45144e-40  7.31367e-33 -8.41606e-42  2.15319e-34 -2.30451e-43   4.9317e-36 -4.74528e-45  8.15027e-38 -6.63063e-47  8.39419e-40  -4.9977e-49   3.4763e-42
 2.59954e-07 -1.03921e-17 -4.57264e-05  4.33876e-17  0.000465797  -5.3198e-17  -0.00139152  4.24602e-17 -0.000571665 -2.09214e-17    0.0102909 -7.17648e-17   -0.0155173  6.09183e-17  -0.00476333  4.53892e-17    0.0233343  9.03622e-17 -0.000330633 -5.14216e-17   -0.0169355 -1.71104e-16  -0.00510213 -1.28482e-17   0.00725142  1.23512e-16   0.00677204  5.62444e-17  0.000995225 -4.15642e-17  -0.00223549 -4.25466e-17  -0.00209862 -2.66902e-18 -0.000835642  1.20071e-17  3.48478e-05  5.83502e-18  0.000288905  1.04198e-18  0.000227291  1.65087e-18  0.000109966  2.44909e-18  3.43328e-05  1.38095e-18  3.24992e-06  -1.5026e-19 -4.24248e-06 -9.08857e-19 -3.73211e-06 -9.22593e-19 -1.99981e-06 -6.65119e-19 -8.42318e-07 -4.22215e-19 -2.98136e-07 -2.58989e-19 -9.05767e-08 -1.57671e-19 -2.35381e-08 -9.37873e-20 -5.04825e-09 -5.29202e-20 -7.82527e-10 -2.76468e-20 -2.54088e-11 -1.31853e-20  4.08809e-11 -5.70656e-21  2.09203e-11  -2.2395e-21  7.15376e-12 -7.98493e-22  2.01803e-12 -2.59306e-22  4.99388e-13 -7.68064e-23  1.11318e-13 -2.07575e-23  2.26575e-14 -5.12228e-24   4.2431e-15 -1.15672e-24  7.34256e-16 -2.39673e-25  1.17677e-16 -4.55959e-26  1.74819e-17 -7.94664e-27  2.40682e-18 -1.26495e-27  3.06739e-19 -1.83706e-28  3.61186e-20 -2.43614e-29  3.91883e-21 -2.94894e-30  3.90413e-22 -3.24462e-31  3.55584e-23 -3.22186e-32  2.94509e-24  -2.8689e-33  2.20388e-25 -2.28112e-34  1.47843e-26 -1.61194e-35  8.80587e-28 -1.00309e-36  4.60179e-29 -5.41796e-38  2.07837e-30 -2.49532e-39  7.95506e-32 -9.59912e-41  2.51296e-33  -2.9987e-42  6.30878e-35 -7.27603e-44  1.18743e-36 -1.27153e-45  1.51259e-38 -1.38233e-47  1.03386e-40 -6.04118e-50
-3.21092e-19 -6.94502e-06 -1.40452e-17 -2.60299e-05  3.86355e-17  0.000639447 -3.69338e-17  -0.00253404  4.31963e-17   0.00191322 -3.21031e-17   0.00865244 -7.46142e-17   -0.0170756  1.72865e-17  -0.00225254  9.03622e-17    0.0218894  1.28545e-16   0.00117543 -7.12455e-17   -0.0161403 -1.81084e-16   -0.0071437 -1.18422e-17   0.00568831  1.15041e-16   0.00735815  5.12311e-17    0.0023963 -3.46932e-17  -0.00146105 -3.70939e-17  -0.00213904 -6.19183e-18  -0.00120901  6.58153e-18 -0.000277095   4.8548e-18  0.000145603  3.50013e-18  0.000200829  4.27262e-18  0.000128156  3.81507e-18  5.65922e-05  1.74891e-18  1.74084e-05  -2.1497e-19  2.44188e-06 -1.10768e-18 -1.22365e-06 -1.14824e-18 -1.26095e-06 -8.66221e-19  -6.9442e-07  -5.7201e-19 -2.97255e-07 -3.54448e-19 -1.07927e-07 -2.10304e-19    -3.44e-08 -1.18785e-19 -9.77828e-09 -6.29126e-20 -2.49437e-09 -3.08092e-20 -5.70529e-10 -1.38217e-20 -1.15935e-10 -5.65501e-21 -2.04332e-11 -2.10833e-21 -2.93399e-12 -7.17185e-22 -2.72005e-13 -2.22941e-22  1.36158e-14 -6.33689e-23  1.47613e-14 -1.64677e-23  4.64099e-15 -3.91445e-24  1.08425e-15  -8.5263e-25  2.13712e-16 -1.70498e-25  3.70914e-17  -3.1299e-26  5.77531e-18 -5.26218e-27  8.13941e-19 -8.07981e-28  1.04242e-19 -1.13167e-28  1.21441e-20  -1.4459e-29  1.28564e-21 -1.68298e-30  1.23353e-22 -1.77636e-31  1.06825e-23 -1.68857e-32   8.3033e-25  -1.4363e-33  5.75069e-26 -1.08735e-34  3.51594e-27 -7.27833e-36  1.87525e-28 -4.26159e-37  8.59224e-30 -2.14902e-38  3.31408e-31 -9.15261e-40  1.04652e-32 -3.21192e-41  2.59935e-34 -8.96548e-43  4.77219e-36 -1.88068e-44  5.81149e-38 -2.67795e-46  3.72246e-40 -2.05447e-48  5.50186e-43
 1.60931e-06 -9.98496e-19 -3.16181e-05 -1.40968e-17  9.49905e-05  2.69834e-17  0.000533455 -1.96021e-17  -0.00337353    4.629e-17   0.00461755 -3.45507e-17   0.00607053  -9.2687e-17   -0.0176226 -2.12399e-17 -0.000330633  1.28545e-16    0.0207894  1.54538e-16   0.00239668 -8.03554e-17   -0.0152091 -1.77192e-16  -0.00882473 -1.08012e-17   0.00392833  1.01037e-16   0.00748303  4.46863e-17   0.00364656 -2.79449e-17 -0.000486266 -3.32943e-17  -0.00191158 -1.11525e-17   -0.0014391  8.94353e-19 -0.000576648  4.02606e-18 -4.39172e-05  6.05871e-18  0.000126665  7.02011e-18  0.000117208  5.37721e-18  6.62379e-05  2.29501e-18  2.79428e-05 -1.87347e-19  8.91131e-06 -1.28795e-18  1.83061e-06 -1.38532e-18 -6.55653e-08 -1.07968e-18 -2.97806e-07 -7.26385e-19 -1.86559e-07 -4.47967e-19 -8.32949e-08 -2.58235e-19 -3.09392e-08 -1.39258e-19  -1.0074e-08 -6.97971e-20 -2.94705e-09  -3.2273e-20 -7.85265e-10 -1.36903e-20 -1.92195e-10 -5.31267e-21 -4.34465e-11 -1.88515e-21   -9.105e-12  -6.1226e-22 -1.77365e-12 -1.82177e-22  -3.2179e-13 -4.96626e-23 -5.44612e-14  -1.2398e-23  -8.6109e-15 -2.83513e-24  -1.2739e-15 -5.94673e-25 -1.76664e-16 -1.14545e-25 -2.30182e-17 -2.02489e-26 -2.82522e-18 -3.27682e-27 -3.27563e-19 -4.84119e-28 -3.59584e-20 -6.52057e-29 -3.74088e-21 -8.00108e-30 -3.68294e-22 -8.92461e-31 -3.41598e-23 -9.00399e-32 -2.96202e-24 -8.16063e-33 -2.37603e-25 -6.59962e-34 -1.74103e-26 -4.73141e-35 -1.14875e-27  -2.9822e-36 -6.71662e-29 -1.63232e-37 -3.41705e-30 -7.62685e-39 -1.47987e-31 -2.97525e-40 -5.30563e-33 -9.40686e-42  -1.5152e-34 -2.30606e-43 -3.25128e-36 -4.06976e-45 -4.73366e-38 -4.46773e-47 -3.71063e-40 -1.96973e-49
 1.80589e-18  3.25505e-06 -1.94118e-18 -7.09593e-05 -1.11627e-17  0.000336863  1.32922e-17  9.35632e-06 -3.91185e-18  -0.00352841  5.31426e-17   0.00696264 -3.07489e-17   0.00307617 -1.20223e-16   -0.0174883 -5.14216e-17   0.00117543  1.54538e-16     0.019933  1.65454e-16   0.00342124 -8.00807e-17   -0.0142036 -1.61044e-16   -0.0101756  -8.5287e-18   0.00207371  8.55114e-17    0.0071844  3.82433e-17   0.00465417 -2.27668e-17  0.000584859 -3.24461e-17  -0.00144179 -1.77825e-17  -0.00148485 -5.08271e-18 -0.000808418  3.15174e-18  -0.00024275  8.46982e-18  1.91962e-05  9.69048e-18  7.81128e-05  6.99371e-18  5.97571e-05  2.93598e-18  3.13988e-05 -1.00267e-19  1.29992e-05 -1.44777e-18  4.35616e-06 -1.61522e-18  1.13716e-06 -1.28345e-18  1.85261e-07 -8.66774e-19 -1.70032e-08 -5.26962e-19 -3.04292e-08 -2.94502e-19 -1.62049e-08 -1.52122e-19 -6.40882e-09 -7.25436e-20 -2.14256e-09 -3.18391e-20 -6.34106e-10  -1.2825e-20  -1.6987e-10 -4.73436e-21 -4.17097e-11 -1.60179e-21 -9.46001e-12 -4.97132e-22 -1.99194e-12 -1.41612e-22  -3.9071e-13 -3.70122e-23 -7.15445e-14 -8.87007e-24 -1.22465e-14 -1.94933e-24 -1.96072e-15 -3.93208e-25 -2.93597e-16 -7.28411e-26 -4.10884e-17 -1.23783e-26 -5.36707e-18 -1.92452e-27 -6.53046e-19  -2.7301e-28 -7.38201e-20 -3.52768e-29 -7.72568e-21 -4.14613e-30 -7.45388e-22 -4.41941e-31 -6.59573e-23 -4.24922e-32 -5.31955e-24 -3.65969e-33 -3.88124e-25 -2.80295e-34 -2.53888e-26 -1.89443e-35 -1.47273e-27 -1.11869e-36 -7.47335e-29 -5.69091e-38 -3.26074e-30 -2.44628e-39 -1.19581e-31 -8.65978e-41 -3.57236e-33 -2.43491e-42 -8.30157e-35 -5.13944e-44 -1.39189e-36 -7.36147e-46 -1.45444e-38 -5.68007e-48 -6.11174e-41
 6.99702e-07  3.57818e-18 -2.19142e-06 -2.74426e-18 -9.20621e-05 -7.60553e-18  0.000627873  1.04286e-18  -0.00089185  9.57247e-18   -0.0028492  6.50486e-17   0.00857026 -2.44966e-17   7.6435e-05 -1.49011e-16   -0.0169355 -7.12455e-17   0.00239668  1.65454e-16    0.0192524  1.61443e-16   0.00430666 -7.30372e-17   -0.0131585 -1.36306e-16   -0.0112303 -3.71708e-18  0.000201403   7.2577e-17   0.00651419  3.34026e-17   0.00535681 -1.99141e-17   0.00164779 -3.50482e-17 -0.000784084 -2.60846e-17   -0.0013341 -1.14425e-17 -0.000929099   1.9723e-18 -0.000411165  1.04336e-17 -9.85108e-05  1.20103e-17  1.97262e-05   8.4511e-18  3.85191e-05   3.5372e-18  2.66541e-05 -1.29828e-20  1.34064e-05 -1.59376e-18  5.50641e-06 -1.81947e-18  1.91551e-06 -1.45398e-18  5.67255e-07 -9.74502e-19  1.39447e-07 -5.80161e-19  2.57779e-08 -3.13833e-19  1.94435e-09 -1.55586e-19  -1.0672e-09 -7.08563e-20 -6.96614e-10 -2.96348e-20 -2.71841e-10 -1.13731e-20 -8.54697e-11 -4.00394e-21 -2.33547e-11 -1.29383e-21 -5.72146e-12 -3.84083e-22 -1.27652e-12 -1.04778e-22 -2.61674e-13 -2.62525e-23 -4.95383e-14 -6.03683e-24 -8.68638e-15 -1.27397e-24 -1.41278e-15 -2.46861e-25 -2.13202e-16 -4.39233e-26 -2.98361e-17 -7.16496e-27 -3.86669e-18 -1.06854e-27 -4.63105e-19 -1.45285e-28 -5.11143e-20 -1.79726e-29  -5.1806e-21 -2.01866e-30 -4.80047e-22 -2.05116e-31 -4.04516e-23 -1.87453e-32 -3.07988e-24 -1.52956e-33 -2.10224e-25 -1.10556e-34 -1.27418e-26 -7.01523e-36 -6.77693e-28 -3.86251e-37 -3.11589e-29 -1.81565e-38 -1.21453e-30 -7.12721e-40 -3.90895e-32 -2.26633e-41 -1.00048e-33 -5.58206e-43 -1.92146e-35 -9.89082e-45 -2.50031e-37 -1.08995e-46 -1.74836e-39 -4.82292e-49
-8.28552e-19   3.3089e-06  4.78205e-18 -2.59816e-05 -3.02094e-18 -3.94015e-05 -5.89142e-18  0.000815788 -8.91568e-18  -0.00194928  2.14659e-17   -0.0014448   8.1511e-17   0.00930793 -1.87646e-17  -0.00268624 -1.71104e-16   -0.0161403 -8.03554e-17   0.00342124  1.61443e-16    0.0187053  1.45053e-16   0.00509161 -6.24735e-17   -0.0120931 -1.07076e-16   -0.0120211  4.97761e-18  -0.00163112  6.55536e-17   0.00553073  3.13653e-17   0.00571819 -1.92863e-17   0.00260566 -4.07088e-17 -1.31466e-05 -3.56804e-17  -0.00100392 -1.81538e-17 -0.000915119  2.83389e-19 -0.000515374   1.1656e-17 -0.000200651   1.3678e-17 -4.38314e-05  9.50202e-18  8.27739e-06  3.94087e-18  1.52577e-05  4.99382e-21  1.01582e-05 -1.73544e-18  4.99024e-06 -1.98098e-18  2.03709e-06 -1.57046e-18  7.21246e-07 -1.03496e-18   2.2568e-07 -6.00332e-19  6.28464e-08 -3.13908e-19  1.55446e-08  -1.4955e-19  3.36969e-09 -6.52086e-20  6.17351e-10 -2.60644e-20  8.57004e-11 -9.55557e-21  4.62168e-12 -3.21508e-21 -2.22297e-12 -9.93758e-22 -1.09064e-12 -2.82433e-22 -3.26092e-13 -7.38185e-23 -7.86984e-14 -1.77314e-23  -1.6469e-14 -3.91122e-24 -3.07525e-15 -7.92125e-25 -5.19435e-16 -1.47322e-25 -7.99106e-17 -2.51492e-26 -1.12328e-17 -3.93315e-27 -1.44401e-18  -5.6187e-28 -1.69644e-19  -7.3105e-29 -1.81762e-20 -8.64215e-30 -1.77037e-21 -9.25717e-31 -1.56069e-22 -8.94658e-32 -1.23825e-23 -7.75214e-33 -8.77916e-25 -5.97579e-34 -5.51311e-26 -4.06234e-35 -3.03252e-27 -2.41026e-36 -1.44054e-28 -1.23127e-37  -5.8019e-30 -5.31532e-39 -1.93306e-31 -1.88976e-40 -5.14747e-33  -5.3341e-42 -1.04082e-34 -1.12944e-43 -1.46962e-36 -1.62211e-45 -1.23255e-38 -1.25484e-47 -3.84023e-41
-9.71631e-09 -1.42838e-18  6.84653e-06  5.06046e-18 -7.02885e-05 -2.67449e-18  0.000126746 -7.46621e-18  0.000742728 -1.75388e-17  -0.00286111  3.24588e-17  0.000407739  9.96255e-17   0.00922955 -1.48932e-17  -0.00510213 -1.81084e-16   -0.0152091 -8.00807e-17   0.00430666  1.45053e-16    0.0182645  1.19846e-16   0.00580354 -5.16029e-17   -0.0110173 -7.66891e-17   -0.0125757  1.86865e-17  -0.00338055  6.64507e-17   0.00429439  3.29725e-17   0.00572434 -2.00031e-17   0.00337505 -4.82307e-17  0.000785099 -4.57326e-17 -0.000537244 -2.49208e-17 -0.000766552 -1.96049e-18 -0.000534793  1.19262e-17   -0.0002652  1.44346e-17 -9.72888e-05  9.92522e-18 -2.27775e-05  4.00871e-18  7.72954e-07 -1.02616e-19  4.50741e-06 -1.87712e-18   3.1376e-06 -2.08486e-18  1.54284e-06 -1.61865e-18  6.27557e-07 -1.04081e-18  2.22697e-07 -5.85857e-19  7.06909e-08 -2.95763e-19  2.03519e-08 -1.35504e-19  5.35865e-09 -5.66688e-20   1.2971e-09 -2.16935e-20   2.8957e-10 -7.61303e-21  5.97313e-11  -2.4523e-21  1.13942e-11  -7.2599e-22  2.01012e-12  -1.9771e-22  3.27797e-13 -4.95324e-23  4.93692e-14 -1.14079e-23  6.86125e-15 -2.41346e-24  8.79673e-16 -4.68879e-25  1.04184e-16 -8.36385e-26  1.14532e-17 -1.36863e-26  1.18157e-18 -2.04993e-27  1.16653e-19 -2.80169e-28  1.13191e-20 -3.48331e-29  1.10448e-21 -3.92846e-30  1.08644e-22 -4.00549e-31  1.05249e-23 -3.67411e-32  9.68062e-25  -3.0112e-33  8.16589e-26 -2.18664e-34  6.14772e-27 -1.39325e-35   4.0437e-28 -7.69694e-37  2.27967e-29 -3.62897e-38  1.07894e-30 -1.42888e-39  4.17678e-32 -4.55737e-41  1.27512e-33 -1.12547e-42  2.90094e-35 -1.99849e-44  4.44817e-37 -2.20637e-46  3.65249e-39 -9.78029e-49
-8.58798e-20   1.0092e-06 -1.61147e-18  4.66218e-06  4.75145e-18 -0.000113912 -1.87392e-18   0.00038808  -1.2567e-17  0.000332042 -2.59794e-17  -0.00336846  4.25652e-17   0.00238692  1.15024e-16   0.00848553 -1.28482e-17   -0.0071437 -1.77192e-16   -0.0142036 -7.30372e-17   0.00509161  1.19846e-16    0.0179126  8.90023e-17   0.00646314 -4.31005e-17  -0.00993502 -4.72713e-17   -0.0129168  3.79591e-17  -0.00501317  7.57994e-17   0.00286574  3.86739e-17   0.00538062 -2.06597e-17   0.00389017 -5.58424e-17   0.00152256 -5.49935e-17  3.58944e-06 -3.11487e-17 -0.000506873 -4.59336e-18 -0.000466288  1.11846e-17 -0.000279306  1.41374e-17 -0.000128536  9.58988e-18 -4.66705e-05   3.6656e-18 -1.25589e-05 -3.56994e-19 -1.62867e-06 -2.01178e-18  7.01971e-07 -2.11968e-18  6.92393e-07 -1.59333e-18  3.64357e-07 -9.93236e-19  1.50639e-07 -5.40736e-19  5.34872e-08 -2.63265e-19   1.6911e-08  -1.1603e-19  4.85077e-09 -4.65953e-20   1.2764e-09 -1.71092e-20  3.10319e-10 -5.75641e-21  7.00467e-11 -1.77764e-21  1.47302e-11 -5.04593e-22   2.8928e-12 -1.31775e-22  5.31417e-13 -3.16595e-23  9.14127e-14 -6.99264e-24  1.47312e-14 -1.41876e-24  2.22378e-15 -2.64315e-25  3.14258e-16 -4.51948e-26  4.15219e-17 -7.08361e-27  5.11942e-18 -1.01517e-27  5.87433e-19 -1.32594e-28  6.25148e-20 -1.57318e-29  6.14331e-21 -1.68997e-30  5.54507e-22 -1.63717e-31  4.56785e-23 -1.42234e-32  3.40787e-24 -1.09992e-33   2.2815e-25 -7.50228e-35  1.35544e-26 -4.46431e-36  7.04829e-28 -2.28602e-37  3.15263e-29 -9.88995e-39   1.1856e-30 -3.52389e-40  3.63294e-32 -9.96779e-42  8.66132e-34 -2.11439e-43   1.4902e-35 -3.04113e-45  1.59833e-37 -2.35555e-47  6.89626e-40
