 0.000165074  3.51018e-22  -0.00105196  1.61792e-20   0.00173104 -1.69711e-19 -0.000662276  4.76626e-19 -0.000322476 -4.53813e-19  3.97604e-05  2.36126e-20  4.65075e-05  2.02718e-19  1.06681e-05 -1.30993e-19  8.17817e-07  1.50074e-20 -3.86716e-08  1.18733e-21 -5.66404e-09
 3.51018e-22   0.00169047 -1.50912e-22   -0.0055975  9.98257e-20   0.00573368 -7.81903e-19 -0.000408389  1.75966e-18  -0.00114281 -1.27982e-18 -0.000220019 -1.12767e-20  4.40804e-05  3.85319e-19  2.44644e-05 -2.25602e-19  3.89902e-06  1.58585e-20  2.33147e-07  6.28104e-22
 -0.00105196 -1.50912e-22   0.00799191  9.20143e-21   -0.0166878  2.23109e-19    0.0102598 -2.06154e-18   0.00252416  4.02865e-18  -0.00153795 -2.26794e-18 -0.000761721 -8.93219e-20 -0.000102598  3.63906e-19  7.27748e-06   -2.371e-19   3.1233e-06  1.00421e-20  1.90559e-07
 1.61792e-20   -0.0055975  9.20143e-21    0.0232888  1.53405e-19   -0.0331807 -1.02363e-19    0.0100858 -3.60954e-18   0.00778118  6.71869e-18 -0.000108744 -2.91711e-18 -0.000945509 -2.07635e-19 -0.000268489  1.03843e-19 -2.95046e-05 -1.63962e-19 -8.35086e-07  6.10131e-21
  0.00173104  9.98257e-20   -0.0166878  1.53405e-19    0.0472886  8.52375e-19   -0.0475634   -1.907e-18    0.0013647 -4.25835e-18    0.0115892  8.83644e-18    0.0029148 -2.85314e-18 -0.000253823 -4.20112e-19 -0.000222947 -1.68985e-19 -3.54517e-05 -5.52935e-20 -1.59917e-06
-1.69711e-19   0.00573368  2.23109e-19   -0.0331807  8.52375e-19    0.0721598  2.63466e-18   -0.0513429 -5.67169e-18   -0.0136577 -2.69513e-18     0.009942  9.79063e-18   0.00521053 -2.13535e-18  0.000809894 -6.84064e-19  -5.5758e-06  -2.1321e-19 -1.09929e-05   2.0359e-20
-0.000662276 -7.81903e-19    0.0102598 -1.02363e-19   -0.0475634  2.63466e-18    0.0880679  5.09351e-18   -0.0424641 -9.90284e-18   -0.0281592  1.52367e-18   0.00257431  9.77196e-18   0.00465929 -1.22195e-18   0.00123308  -7.7297e-19  0.000126838 -4.60703e-20  3.37965e-06
 4.76626e-19 -0.000408389 -2.06154e-18    0.0100858   -1.907e-18   -0.0513429  5.09351e-18    0.0917751  5.87991e-18   -0.0255995  -1.1824e-17    -0.035971  7.21123e-18    -0.006633  9.10529e-18   0.00164742 -6.01765e-19  0.000766318 -5.25897e-19  8.97308e-05  9.10417e-20
-0.000322476  1.75966e-18   0.00252416 -3.60954e-18    0.0013647 -5.67169e-18   -0.0424641  5.87991e-18    0.0880747  1.84833e-18  -0.00631847 -1.02338e-17   -0.0344265  1.17357e-17   -0.0125521  7.58011e-18  -0.00135034 -3.83935e-19  9.83611e-05 -1.10302e-19   1.7851e-05
-4.53813e-19  -0.00114281  4.02865e-18   0.00778118 -4.25835e-18   -0.0136577 -9.90284e-18   -0.0255995  1.84833e-18    0.0840748 -7.59869e-18    0.0128571 -6.89187e-18     -0.02419  1.26193e-17   -0.0123485   5.0217e-18  -0.00233863 -2.82539e-19 -0.000163328  1.22689e-19
 3.97604e-05 -1.27982e-18  -0.00153795  6.71869e-18    0.0115892 -2.69513e-18   -0.0281592  -1.1824e-17  -0.00631847 -7.59869e-18     0.083913 -1.85706e-17    0.0311035 -4.38425e-18   -0.0089156  9.58894e-18   -0.0073667  2.22689e-18  -0.00153249 -8.06125e-20 -9.26289e-05
 2.36126e-20 -0.000220019 -2.26794e-18 -0.000108744  8.83644e-18     0.009942  1.52367e-18    -0.035971 -1.02338e-17    0.0128571 -1.85706e-17    0.0871937 -2.51355e-17    0.0459112 -3.43543e-18   0.00527273  4.90682e-18  -0.00178253  4.33291e-19 -0.000452489  7.66678e-20
 4.65075e-05 -1.12767e-20 -0.000761721 -2.91711e-18    0.0029148  9.79063e-18   0.00257431  7.21123e-18   -0.0344265 -6.89187e-18    0.0311035 -2.51355e-17    0.0894718 -2.40836e-17      0.05247 -3.02278e-18    0.0126825  1.33109e-18   0.00112505  -6.9618e-20   3.0127e-06
 2.02718e-19  4.40804e-05 -8.93219e-20 -0.000945509 -2.85314e-18   0.00521053  9.77196e-18    -0.006633  1.17357e-17     -0.02419 -4.38425e-18    0.0459112 -2.40836e-17    0.0844664 -1.72079e-17     0.047484  -2.2702e-18    0.0120935 -1.08104e-19   0.00128298 -9.90042e-21
 1.06681e-05  3.85319e-19 -0.000102598 -2.07635e-19 -0.000253823 -2.13535e-18   0.00465929  9.10529e-18   -0.0125521  1.26193e-17   -0.0089156 -3.43543e-18      0.05247 -1.72079e-17    0.0687617 -9.16567e-18     0.033495 -1.27664e-18   0.00724938  -2.0378e-19  0.000508006
-1.30993e-19  2.44644e-05  3.63906e-19 -0.000268489 -4.20112e-19  0.000809894 -1.22195e-18   0.00164742  7.58011e-18   -0.0123485  9.58894e-18   0.00527273 -3.02278e-18     0.047484 -9.16567e-18    0.0457766 -3.53265e-18    0.0178724 -4.98961e-19   0.00280092 -3.94068e-20
 8.17817e-07 -2.25602e-19  7.27748e-06  1.03843e-19 -0.000222947 -6.84064e-19   0.00123308 -6.01765e-19  -0.00135034   5.0217e-18   -0.0073667  4.90682e-18    0.0126825  -2.2702e-18     0.033495 -3.53265e-18    0.0237838 -9.27541e-19   0.00689199 -1.16086e-19  0.000616662
 1.50074e-20  3.89902e-06   -2.371e-19 -2.95046e-05 -1.68985e-19  -5.5758e-06  -7.7297e-19  0.000766318 -3.83935e-19  -0.00233863  2.22689e-18  -0.00178253  1.33109e-18    0.0120935 -1.27664e-18    0.0178724 -9.27541e-19   0.00917129 -1.45417e-19    0.0017771 -8.23978e-21
-3.86716e-08  1.58585e-20   3.1233e-06 -1.63962e-19 -3.54517e-05  -2.1321e-19  0.000126838 -5.25897e-19  9.83611e-05 -2.82539e-19  -0.00153249  4.33291e-19   0.00112505 -1.08104e-19   0.00724938 -4.98961e-19   0.00689199 -1.45417e-19   0.00245081 -7.05111e-21  0.000257509
 1.18733e-21  2.33147e-07  1.00421e-20 -8.35086e-07 -5.52935e-20 -1.09929e-05 -4.60703e-20  8.97308e-05 -1.10302e-19 -0.000163328 -8.06125e-20 -0.000452489  -6.9618e-20   0.00128298  -2.0378e-19   0.00280092 -1.16086e-19    0.0017771 -7.05111e-21  0.000403049  1.76259e-21
-5.66404e-09  6.28104e-22  1.90559e-07  6.10131e-21 -1.59917e-06   2.0359e-20  3.37965e-06  9.10417e-20   1.7851e-05  1.22689e-19 -9.26289e-05  7.66678e-20   3.0127e-06 -9.90042e-21  0.000508006 -3.94068e-20  0.000616662 -8.23978e-21  0.000257509  1.76259e-21  3.06184e-05
