 2.25267e-21  1.81216e-29 -9.62055e-20  -5.9787e-28  1.65844e-18  7.30833e-27  -1.7849e-17 -5.89856e-26   1.3856e-16  3.57856e-25 -8.34627e-16 -1.72826e-24  4.07556e-15   6.8811e-24 -1.66038e-14  -2.3133e-23  5.75699e-14  6.67963e-23 -1.72309e-13 -1.67744e-22  4.49722e-13  3.69768e-22 -1.03078e-12 -7.20337e-22  2.08413e-12  1.24612e-21 -3.72514e-12 -1.92038e-21  5.88389e-12  2.64113e-21 -8.18515e-12 -3.24309e-21  9.95127e-12  3.55236e-21 -1.04147e-11 -3.46321e-21  9.09834e-12  2.99358e-21 -6.15901e-12 -2.28135e-21   2.4329e-12  1.52062e-21  9.18909e-13 -8.76719e-22 -2.98045e-12  4.30502e-22  3.49787e-12 -1.76056e-22 -2.87837e-12  5.79527e-23  1.82335e-12 -1.44935e-23 -9.00745e-13  2.44342e-24  3.39129e-13 -1.82535e-25 -9.16027e-14  -2.0042e-26  1.55024e-14   4.9791e-27 -1.07046e-15
 1.81216e-29   1.3646e-19  2.59836e-28 -3.34854e-18  -5.6885e-27  4.44623e-17  5.52088e-26 -4.01821e-16 -3.78514e-25  2.73077e-15  2.01786e-24 -1.47551e-14 -8.73609e-24  6.56565e-14  3.15938e-23 -2.46393e-13 -9.73651e-23  7.92997e-13  2.59443e-22 -2.21521e-12 -6.04219e-22  5.41685e-12  1.23967e-21 -1.16614e-11 -2.25362e-21  2.21744e-11  3.64466e-21 -3.72769e-11 -5.25701e-21  5.53002e-11  6.77108e-21 -7.20067e-11  -7.7877e-21   8.1394e-11  7.98829e-21 -7.81556e-11 -7.28957e-21  6.07979e-11  5.89468e-21 -3.33984e-11   -4.201e-21  4.35854e-12  2.61942e-21   1.7561e-11 -1.41539e-21 -2.75138e-11  6.54712e-22  2.63405e-11 -2.55227e-22 -1.89005e-11  8.21984e-23  1.05775e-11 -2.13216e-23 -4.58438e-12    4.308e-24  1.47829e-12 -6.44938e-25  -3.2433e-13  6.44196e-26  3.87929e-14 -2.90301e-27
-9.62055e-20  2.59836e-28   4.1141e-18   1.8748e-27 -7.10131e-17  -2.9976e-26   7.6525e-16  2.37774e-25 -5.94798e-15 -1.40694e-24  3.58719e-14  6.65211e-24 -1.75375e-13 -2.59502e-23  7.15304e-13   8.5426e-23 -2.48294e-12 -2.41312e-22  7.43952e-12  5.92358e-22 -1.94366e-11 -1.27548e-21   4.4591e-11  2.42559e-21 -9.02326e-11 -4.09386e-21  1.61388e-10  6.15277e-21 -2.55027e-10 -8.25106e-21  3.54802e-10  9.88161e-21  -4.3114e-10 -1.05668e-20  4.50496e-10  1.00776e-20 -3.92007e-10  -8.5538e-21  2.62573e-10   6.4429e-21 -9.89416e-11 -4.29062e-21 -4.78267e-11  2.51528e-21  1.37437e-10 -1.29161e-21 -1.58793e-10  5.77621e-22  1.30005e-10 -2.23228e-22 -8.22055e-11  7.35885e-23  4.05975e-11 -2.01734e-23  -1.5293e-11  4.36742e-24  4.13528e-12  -6.7181e-25 -7.00885e-13  5.73219e-26  4.84864e-14
 -5.9787e-28 -3.34854e-18   1.8748e-27  8.22747e-17  8.42705e-27 -1.09384e-15 -9.92445e-26  9.89778e-15  6.43155e-25 -6.73475e-14 -3.28542e-24  3.64333e-13  1.37422e-23 -1.62308e-12 -4.79782e-23  6.09792e-12  1.42157e-22 -1.96471e-11 -3.62599e-22  5.49401e-11  8.05239e-22 -1.34475e-10 -1.56961e-21   2.8975e-10  2.70052e-21 -5.51375e-10 -4.11654e-21   9.2742e-10  5.57321e-21  -1.3762e-09 -6.71058e-21  1.79164e-09  7.19015e-21 -2.02322e-09  -6.8563e-21  1.93775e-09   5.8196e-21 -1.49778e-09 -4.40106e-21  8.06164e-10  2.97291e-21 -7.49324e-11 -1.80208e-21 -4.74674e-10  9.85847e-22  7.20362e-10 -4.87864e-22  -6.8396e-10  2.16358e-22  4.89315e-10 -8.33982e-23 -2.73599e-10  2.63211e-23  1.18602e-10 -6.13216e-24 -3.82765e-11   8.5063e-25  8.40858e-12 -2.39651e-26 -1.00742e-12   -6.046e-27
 1.65844e-18  -5.6885e-27 -7.10131e-17  8.42705e-27  1.22731e-15  2.28076e-26 -1.32422e-14 -1.71423e-25  1.03053e-13  8.17085e-25 -6.22251e-13 -3.38848e-24   3.0457e-12  1.18308e-23 -1.24367e-11  -3.3942e-23  4.32173e-11  7.94325e-23 -1.29626e-10 -1.50594e-22     3.39e-10  2.23539e-22 -7.78434e-10 -2.25938e-22  1.57647e-09   3.2361e-23 -2.82147e-09   4.9498e-22  4.46039e-09 -1.41723e-21 -6.20582e-09  2.62723e-21    7.537e-09 -3.83149e-21 -7.86239e-09  4.65413e-21  6.81384e-09 -4.82307e-21 -4.51399e-09  4.31688e-21  1.61441e-09 -3.36477e-21   9.7885e-10  2.30315e-21  -2.5506e-09 -1.40025e-21  2.90504e-09  7.67037e-22 -2.36714e-09 -3.82619e-22  1.49431e-09   1.7253e-22 -7.37787e-10 -6.76446e-23  2.78076e-10  2.13826e-23 -7.52743e-11 -4.81812e-24  1.27771e-11  6.04398e-25 -8.85519e-13
 7.30833e-27  4.44623e-17  -2.9976e-26 -1.09384e-15  2.28076e-26  1.45608e-14  1.63353e-26 -1.31917e-13  1.73122e-25  8.98683e-13 -1.57406e-24 -4.86736e-12  7.58869e-24  2.17086e-11 -2.93407e-23 -8.16497e-11  9.95521e-23   2.6335e-10 -2.96933e-22 -7.37167e-10  7.70705e-22  1.80604e-09 -1.74256e-21 -3.89474e-09  3.45544e-21  7.41679e-09 -6.04676e-21 -1.24818e-08   9.3795e-21  1.85265e-08 -1.29416e-20  -2.4114e-08  1.59333e-20  2.72032e-08 -1.75602e-20 -2.59855e-08  1.73937e-20  1.99531e-08 -1.55719e-20 -1.05096e-08  1.26966e-20  5.49483e-10 -9.51081e-21  6.90519e-09  6.58841e-21 -1.01852e-08 -4.21623e-21  9.59671e-09  2.45832e-21 -6.84672e-09 -1.26942e-21  3.82526e-09  5.56775e-22 -1.65856e-09 -1.96028e-22   5.3572e-10  5.10044e-23 -1.17838e-10 -8.43799e-24  1.41414e-11  5.72222e-25
 -1.7849e-17  5.52088e-26   7.6525e-16 -9.92445e-26 -1.32422e-14  1.63353e-26  1.43054e-13 -1.62412e-25  -1.1146e-12  2.19868e-24  6.73811e-12 -1.11241e-23 -3.30186e-11  4.07211e-23  1.34977e-10 -1.27642e-22 -4.69549e-10   3.5884e-22  1.40982e-09 -8.96005e-22 -3.69055e-09  1.96361e-21  8.48204e-09 -3.77897e-21 -1.71911e-08  6.42191e-21  3.07869e-08 -9.68754e-21 -4.86895e-08  1.30464e-20  6.77453e-08 -1.58191e-20 -8.22304e-08  1.75006e-20   8.5635e-08 -1.80072e-20  -7.3905e-08  1.76367e-20  4.84012e-08 -1.67445e-20 -1.63339e-08  1.54239e-20 -1.22636e-08  -1.3505e-20  2.94692e-08  1.08736e-20 -3.31271e-08 -7.77314e-21  2.68746e-08  4.77401e-21 -1.69392e-08 -2.43726e-21  8.36176e-09  9.94394e-22 -3.15338e-09 -3.06322e-22   8.5453e-10  6.45281e-23 -1.45261e-10 -7.40285e-24  1.00854e-11
-5.89856e-26 -4.01821e-16  2.37774e-25  9.89778e-15 -1.71423e-25 -1.31917e-13 -1.62412e-25  1.19657e-12 -8.76649e-25 -8.16123e-12  7.24316e-24   4.4253e-11 -2.51549e-23 -1.97591e-10  6.13822e-23  7.43982e-10 -1.25793e-22 -2.40212e-09  2.23152e-22  6.73065e-09 -2.87823e-22 -1.65051e-08  7.27072e-23   3.5623e-08  9.06373e-22 -6.78847e-08 -3.26416e-21  1.14303e-07  7.38657e-21 -1.69696e-07 -1.28524e-20  2.20824e-07  1.80274e-20 -2.48851e-07 -2.04029e-20  2.37071e-07  1.78303e-20   -1.808e-07 -1.00402e-20  9.30702e-08 -6.80341e-22 -7.63978e-10  1.04425e-20 -6.80333e-08 -1.58914e-20  9.78215e-08  1.60148e-20 -9.15179e-08 -1.23262e-20  6.51259e-08  7.47919e-21 -3.63596e-08 -3.56114e-21  1.57687e-08  1.29117e-21 -5.09764e-09 -3.34342e-22  1.12272e-09  5.38657e-23 -1.34952e-10 -3.50868e-24
  1.3856e-16 -3.78514e-25 -5.94798e-15  6.43155e-25  1.03053e-13  1.73122e-25  -1.1146e-12 -8.76649e-25  8.69466e-12 -2.29293e-24 -5.26224e-11  8.57435e-24  2.58154e-10  1.43256e-23 -1.05647e-09 -1.84393e-22  3.67904e-09  7.91749e-22 -1.10575e-08 -2.48867e-21  2.89731e-08  6.57319e-21  -6.6647e-08 -1.50583e-20   1.3518e-07  3.01409e-20 -2.42236e-07 -5.29268e-20  3.83241e-07  8.16534e-20  -5.3324e-07 -1.10427e-19  6.46871e-07  1.30083e-19 -6.72483e-07 -1.31822e-19  5.77889e-07  1.12121e-19 -3.73977e-07 -7.57722e-20  1.18275e-07  3.43784e-20  1.09111e-07 -6.19295e-22 -2.44917e-07 -1.80246e-20  2.72027e-07   2.1887e-20 -2.19782e-07 -1.68308e-20  1.38335e-07  9.54758e-21 -6.82764e-08 -4.07621e-21  2.57633e-08  1.27031e-21 -6.98901e-09 -2.65223e-22  1.18977e-09  2.97601e-23  -8.2751e-11
 3.57856e-25  2.73077e-15 -1.40694e-24 -6.73475e-14  8.17085e-25  8.98683e-13  2.19868e-24 -8.16123e-12 -2.29293e-24   5.5728e-11 -1.22924e-24 -3.02517e-10 -4.47749e-23  1.35223e-09  3.77873e-22 -5.09693e-09 -1.62876e-21  1.64734e-08  5.18293e-21 -4.62026e-08 -1.38025e-20  1.13401e-07   3.2044e-20 -2.44952e-07 -6.54734e-20  4.67108e-07  1.18132e-19 -7.86894e-07 -1.88597e-19  1.16848e-06  2.66306e-19 -1.52014e-06 -3.31483e-19  1.71123e-06  3.61342e-19 -1.62572e-06 -3.40924e-19  1.23119e-06  2.72477e-19 -6.18571e-07 -1.76548e-19 -2.44695e-08  8.25626e-20   5.0175e-07 -1.44016e-20 -7.05079e-07 -1.95594e-20  6.55328e-07   2.6139e-20 -4.65238e-07  -1.9034e-20  2.59574e-07  9.77321e-21 -1.12604e-07 -3.64626e-21  3.64328e-08   9.4763e-22 -8.03412e-09 -1.50929e-22  9.67245e-10  9.62003e-24
-8.34627e-16  2.01786e-24  3.58719e-14 -3.28542e-24 -6.22251e-13 -1.57406e-24  6.73811e-12  7.24316e-24 -5.26224e-11 -1.22924e-24  3.18844e-10  2.24075e-23  -1.5659e-09 -3.58257e-22  6.41513e-09  1.91265e-21 -2.23631e-08 -6.73187e-21  6.72791e-08   1.8981e-20 -1.76449e-07 -4.61281e-20  4.06231e-07  9.85862e-20 -8.24569e-07 -1.86174e-19  1.47845e-06  3.11551e-19 -2.33988e-06 -4.62593e-19  3.25568e-06  6.08632e-19 -3.94702e-06   -7.069e-19  4.09601e-06  7.19922e-19  -3.5045e-06 -6.35472e-19  2.24005e-06   4.7633e-19 -6.58665e-07 -2.91366e-19 -7.43674e-07  1.31869e-19  1.57512e-06 -2.83254e-20 -1.73029e-06 -1.78768e-20  1.39268e-06  2.55111e-20 -8.75439e-07  -1.7216e-20  4.32036e-07  7.86438e-21 -1.63119e-07  -2.5109e-21   4.4297e-08  5.25067e-22  -7.5515e-09  -5.8201e-23  5.26126e-10
-1.72826e-24 -1.47551e-14  6.65211e-24  3.64333e-13 -3.38848e-24 -4.86736e-12 -1.11241e-23   4.4253e-11  8.57435e-24 -3.02517e-10  2.24075e-23  1.64401e-09  1.45175e-22 -7.35652e-09  -1.5148e-21  2.77574e-08  6.55529e-21 -8.98022e-08 -2.02825e-20  2.52104e-07  5.22698e-20 -6.19314e-07 -1.17717e-19  1.33879e-06  2.34013e-19 -2.55468e-06 -4.12045e-19  4.30565e-06  6.44402e-19 -6.39476e-06 -8.95534e-19    8.317e-06  1.10373e-18 -9.35212e-06 -1.20164e-18  8.85996e-06  1.14779e-18 -6.66189e-06  -9.5104e-19  3.26233e-06  6.70603e-19  2.97672e-07 -3.88414e-19 -2.92918e-06  1.70492e-19  4.03211e-06  -4.2147e-20 -3.72494e-06 -1.02848e-20  2.63865e-06  1.87729e-20 -1.47135e-06 -1.18919e-20  6.38462e-07   4.8036e-21 -2.06745e-07 -1.28586e-21   4.5647e-08  2.05674e-22 -5.50402e-09 -1.29643e-23
 4.07556e-15 -8.73609e-24 -1.75375e-13  1.37422e-23   3.0457e-12  7.58869e-24 -3.30186e-11 -2.51549e-23  2.58154e-10 -4.47749e-23  -1.5659e-09  1.45175e-22  7.69871e-09  5.73399e-22 -3.15726e-08 -4.70006e-21  1.10172e-07  1.74287e-20 -3.31769e-07 -4.86756e-20  8.70897e-07  1.16158e-19 -2.00667e-06 -2.43955e-19  4.07605e-06  4.53129e-19 -7.31243e-06 -7.47152e-19   1.1577e-05  1.09636e-18 -1.61077e-05 -1.43114e-18  1.95157e-05  1.65814e-18  -2.0216e-05 -1.69859e-18    1.722e-05  1.52847e-18 -1.08676e-05 -1.19568e-18  2.94357e-06  7.99874e-19  4.06399e-06 -4.44912e-19 -8.18891e-06  1.94477e-19  8.90528e-06  -5.7198e-20 -7.14256e-06  2.97375e-21   4.4845e-06  8.24933e-21 -2.21298e-06 -5.54574e-21  8.36016e-07  2.02543e-21 -2.27264e-07  -4.4685e-22  3.87956e-08  5.02928e-23 -2.70745e-09
  6.8811e-24  6.56565e-14 -2.59502e-23 -1.62308e-12  1.18308e-23  2.17086e-11  4.07211e-23 -1.97591e-10  1.43256e-23  1.35223e-09 -3.58257e-22 -7.35652e-09  5.73399e-22  3.29528e-08  1.69885e-21 -1.24462e-07 -1.14975e-20  4.03056e-07  3.74671e-20 -1.13254e-06 -9.60348e-20  2.78455e-06  2.14028e-19 -6.02403e-06 -4.20961e-19  1.15023e-05  7.33417e-19 -1.93946e-05 -1.13732e-18  2.88097e-05  1.57254e-18 -3.74589e-05  -1.9367e-18  4.20737e-05  2.12043e-18  -3.9747e-05 -2.05718e-18  2.96693e-05  1.75879e-18 -1.41432e-05 -1.31444e-18 -2.07847e-06   8.4888e-19  1.40212e-05 -4.65505e-19 -1.89458e-05  2.10614e-19  1.74051e-05 -7.46755e-20 -1.23044e-05  1.85244e-20  6.85759e-06 -2.00535e-21 -2.97659e-06 -6.01598e-22  9.64654e-07  3.31491e-22 -2.13237e-07 -6.53505e-23  2.57499e-08  4.35019e-24
-1.66038e-14  3.15938e-23  7.15304e-13 -4.79782e-23 -1.24367e-11 -2.93407e-23  1.34977e-10  6.13822e-23 -1.05647e-09  3.77873e-22  6.41513e-09  -1.5148e-21 -3.15726e-08  1.69885e-21  1.29611e-07  3.97914e-21 -4.52717e-07 -2.27124e-20  1.36456e-06  6.63426e-20 -3.58509e-06   -1.586e-19  8.26712e-06  3.32852e-19 -1.68041e-05 -6.16465e-19  3.01628e-05  1.01404e-18 -4.77684e-05 -1.48984e-18  6.64601e-05  1.95617e-18 -8.04696e-05 -2.29339e-18  8.32067e-05  2.39904e-18 -7.05597e-05 -2.23467e-18  4.39543e-05  1.84728e-18 -1.08504e-05 -1.34941e-18 -1.83466e-05  8.66244e-19  3.54119e-05  -4.8472e-19 -3.81572e-05  2.33786e-19  3.05056e-05 -9.59945e-20 -1.91324e-05  3.31325e-20  9.44091e-06 -9.43612e-21 -3.56862e-06  2.14015e-21  9.71059e-07 -3.57907e-22 -1.65984e-07  3.57419e-23   1.1602e-08
 -2.3133e-23 -2.46393e-13   8.5426e-23  6.09792e-12  -3.3942e-23 -8.16497e-11 -1.27642e-22  7.43982e-10 -1.84393e-22 -5.09693e-09  1.91265e-21  2.77574e-08 -4.70006e-21 -1.24462e-07  3.97914e-21   4.7055e-07  7.49015e-21 -1.52524e-06 -3.66643e-20  4.28956e-06  9.86874e-20 -1.05552e-05 -2.24916e-19  2.28516e-05   4.4989e-19 -4.36592e-05 -7.93731e-19  7.36475e-05  1.25035e-18 -0.000109416 -1.76699e-18  0.000142221   2.2389e-18 -0.000159563  -2.5456e-18  0.000150315  2.59983e-18 -0.000111383 -2.38394e-18  5.16285e-05  1.96072e-18  1.06646e-05 -1.44435e-18 -5.63481e-05  9.49386e-19   7.4884e-05 -5.52508e-19  -6.8444e-05  2.81589e-19  4.82962e-05  -1.2401e-19 -2.69046e-05  4.61747e-20  1.16816e-05  -1.3964e-20 -3.78874e-06  3.19277e-21  8.38444e-07 -4.78414e-22 -1.01391e-07  3.04468e-23
 5.75699e-14 -9.73651e-23 -2.48294e-12  1.42157e-22  4.32173e-11  9.95521e-23 -4.69549e-10 -1.25793e-22  3.67904e-09 -1.62876e-21 -2.23631e-08  6.55529e-21  1.10172e-07 -1.14975e-20 -4.52717e-07  7.49015e-21  1.58277e-06  1.14161e-20 -4.77498e-06 -4.96532e-20  1.25557e-05  1.29895e-19 -2.89751e-05 -2.91653e-19   5.8935e-05  5.67771e-19  -0.00010584  -9.7767e-19  0.000167667  1.51387e-18 -0.000233262 -2.10938e-18   0.00028225  2.64503e-18 -0.000291329 -2.99463e-18  0.000245955  3.06585e-18 -0.000151213 -2.83768e-18  3.36148e-05  2.37247e-18  6.98376e-05 -1.78582e-18  -0.00012989  1.20039e-18  0.000138801 -7.11421e-19  -0.00011064  3.66232e-19  6.93224e-05 -1.60502e-19 -3.42066e-05  5.79079e-20   1.2937e-05 -1.62629e-20 -3.52358e-06  3.21916e-21   6.0303e-07 -3.57626e-22 -4.22135e-08
 6.67963e-23  7.92997e-13 -2.41312e-22 -1.96471e-11  7.94325e-23   2.6335e-10   3.5884e-22 -2.40212e-09  7.91749e-22  1.64734e-08 -6.73187e-21 -8.98022e-08  1.74287e-20  4.03056e-07 -2.27124e-20 -1.52524e-06  1.14161e-20  4.94836e-06  1.45393e-20 -1.39284e-05 -6.22471e-20  3.43001e-05   1.7233e-19 -7.43098e-05 -3.93568e-19  0.000142055  7.65567e-19 -0.000239724 -1.32526e-18    0.0003562  2.06395e-18 -0.000462854 -2.88489e-18   0.00051872  3.63335e-18   -0.0004873 -4.14004e-18  0.000358479  4.26955e-18 -0.000161453 -3.98143e-18 -4.35073e-05  3.34804e-18  0.000193259 -2.52076e-18 -0.000253071  1.67851e-18   0.00023024 -9.73945e-19 -0.000162191  4.83959e-19  9.03159e-05  -2.0055e-19 -3.92252e-05  6.63394e-20  1.27313e-05 -1.62827e-20 -2.82037e-06  2.57035e-21  3.41505e-07 -1.69161e-22
-1.72309e-13  2.59443e-22  7.43952e-12 -3.62599e-22 -1.29626e-10 -2.96933e-22  1.40982e-09  2.23152e-22 -1.10575e-08  5.18293e-21  6.72791e-08 -2.02825e-20 -3.31769e-07  3.74671e-20  1.36456e-06 -3.66643e-20 -4.77498e-06  1.45393e-20  1.44176e-05  1.78499e-20  -3.7941e-05 -9.01177e-20  8.76203e-05  2.71639e-19 -0.000178329 -6.25576e-19  0.000320413  1.22436e-18  -0.00050772 -2.13412e-18  0.000706311  3.31622e-18 -0.000854106  -4.6061e-18  0.000880049  5.76286e-18  -0.00073978 -6.51332e-18  0.000448927  6.64794e-18  -8.8736e-05 -6.11722e-18 -0.000227359  5.04829e-18  0.000409652 -3.69756e-18 -0.000434514  2.36997e-18  0.000345438 -1.30861e-18 -0.000216245  6.09423e-19  0.000106703 -2.31286e-19 -4.03755e-05  6.76444e-20  1.10062e-05  -1.3813e-20 -1.88573e-06  1.56919e-21  1.32183e-07
-1.67744e-22 -2.21521e-12  5.92358e-22  5.49401e-11 -1.50594e-22 -7.37167e-10 -8.96005e-22  6.73065e-09 -2.48867e-21 -4.62026e-08   1.8981e-20  2.52104e-07 -4.86756e-20 -1.13254e-06  6.63426e-20  4.28956e-06 -4.96532e-20 -1.39284e-05  1.78499e-20  3.92363e-05  2.81932e-20 -9.66945e-05 -1.68841e-19  0.000209622  5.04206e-19 -0.000400941 -1.13421e-18  0.000676862  2.20092e-18  -0.00100585 -3.77816e-18   0.00130664  5.74309e-18   -0.0014628 -7.80849e-18   0.00137056  9.56498e-18  -0.00100119 -1.05678e-17  0.000438125  1.05218e-17  0.000146462 -9.40841e-18 -0.000572095  7.49354e-18  0.000739566 -5.24814e-18 -0.000670087  3.18438e-18  0.000471327 -1.64467e-18 -0.000262361  7.03786e-19  0.000113976 -2.38851e-19 -3.70169e-05   5.9787e-20  8.20798e-06  -9.5703e-21 -9.95015e-07  6.34919e-22
 4.49722e-13 -6.04219e-22 -1.94366e-11  8.05239e-22     3.39e-10  7.70705e-22 -3.69055e-09 -2.87823e-22  2.89731e-08 -1.38025e-20 -1.76449e-07  5.22698e-20  8.70897e-07 -9.60348e-20 -3.58509e-06  9.86874e-20  1.25557e-05 -6.22471e-20  -3.7941e-05  2.81932e-20  9.99182e-05  5.86567e-20 -0.000230905 -3.42289e-19  0.000470222  9.56817e-19 -0.000845249 -2.09732e-18    0.0013397  3.99529e-18  -0.00186361 -6.67088e-18   0.00225224  9.85848e-18  -0.00231687   -1.306e-17   0.00193967  1.55753e-17  -0.00116245 -1.67213e-17   0.00020195  1.61278e-17  0.000639075 -1.38919e-17  -0.00112117  1.05692e-17   0.00118154 -7.00325e-18 -0.000937124  3.97905e-18  0.000586176  -1.8976e-18 -0.000289233  7.33977e-19  0.000109491 -2.17843e-19 -2.98687e-05  4.49752e-20  5.12239e-06 -5.15055e-21 -3.59474e-07
 3.69768e-22  5.41685e-12 -1.27548e-21 -1.34475e-10  2.23539e-22  1.80604e-09  1.96361e-21 -1.65051e-08  6.57319e-21  1.13401e-07 -4.61281e-20 -6.19314e-07  1.16158e-19  2.78455e-06   -1.586e-19 -1.05552e-05  1.29895e-19  3.43001e-05 -9.01177e-20 -9.66945e-05  5.86567e-20  0.000238457  1.22758e-19 -0.000517258 -6.47005e-19  0.000989845  1.73277e-18  -0.00167162 -3.75877e-18    0.0024844  7.01212e-18  -0.00322645 -1.13836e-17   0.00360859  1.63871e-17   -0.0033728 -2.11402e-17   0.00244788  2.44876e-17  -0.00104203 -2.54515e-17 -0.000414973  2.36489e-17   0.00147247 -1.94766e-17  -0.00188287  1.40371e-17   0.00169995 -8.72721e-18  -0.00119414  4.60006e-18  0.000664486 -2.00125e-18 -0.000288723  6.88176e-19  9.38206e-05 -1.74054e-19 -2.08192e-05  2.80856e-20  2.52618e-06 -1.87302e-21
-1.03078e-12  1.23967e-21   4.4591e-11 -1.56961e-21 -7.78434e-10 -1.74256e-21  8.48204e-09  7.27072e-23  -6.6647e-08   3.2044e-20  4.06231e-07 -1.17717e-19 -2.00667e-06  2.14028e-19  8.26712e-06 -2.24916e-19 -2.89751e-05   1.7233e-19  8.76203e-05 -1.68841e-19 -0.000230905  1.22758e-19  0.000533934  2.29089e-19  -0.00108789 -1.13351e-18   0.00195634  3.03775e-18  -0.00310149 -6.56115e-18   0.00431419  1.19524e-17  -0.00521115 -1.88964e-17   0.00535297  2.64991e-17  -0.00446523 -3.32001e-17    0.0026459  3.72081e-17 -0.000401646 -3.72507e-17  -0.00155963  3.31247e-17   0.00267791 -2.58863e-17  -0.00280691  1.75431e-17   0.00222184 -1.01581e-17  -0.00138881  4.92152e-18  0.000685231 -1.92867e-18 -0.000259478  5.78753e-19  7.08237e-05 -1.20634e-19 -1.21548e-05  1.39399e-20  8.53722e-07
-7.20337e-22 -1.16614e-11  2.42559e-21   2.8975e-10 -2.25938e-22 -3.89474e-09 -3.77897e-21   3.5623e-08 -1.50583e-20 -2.44952e-07  9.85862e-20  1.33879e-06 -2.43955e-19 -6.02403e-06  3.32852e-19  2.28516e-05 -2.91653e-19 -7.43098e-05  2.71639e-19  0.000209622 -3.42289e-19 -0.000517258  2.29089e-19   0.00112263  3.92585e-19  -0.00214926 -1.95255e-18   0.00363074  5.32508e-18   -0.0053967 -1.13145e-17   0.00700714  2.00177e-17  -0.00783075 -3.07606e-17   0.00730402  4.18422e-17   -0.0052717 -5.06482e-17   0.00219004  5.46237e-17  0.000999039 -5.23522e-17  -0.00330757  4.42423e-17   0.00419302 -3.25796e-17  -0.00377483  2.06273e-17   0.00264873 -1.10423e-17  -0.00147342  4.86767e-18  0.000640267 -1.69297e-18 -0.000208125  4.32478e-19  4.62069e-05 -7.03965e-20 -5.61014e-06  4.72408e-21
 2.08413e-12 -2.25362e-21 -9.02326e-11  2.70052e-21  1.57647e-09  3.45544e-21 -1.71911e-08  9.06373e-22   1.3518e-07 -6.54734e-20 -8.24569e-07  2.34013e-19  4.07605e-06 -4.20961e-19 -1.68041e-05   4.4989e-19   5.8935e-05 -3.93568e-19 -0.000178329  5.04206e-19  0.000470222 -6.47005e-19  -0.00108789  3.92585e-19   0.00221759  6.70226e-19  -0.00398929 -3.46069e-18    0.0063258  9.38248e-18  -0.00879916 -1.92623e-17    0.0106245  3.29271e-17   -0.0109014 -4.89485e-17   0.00906744  6.42117e-17  -0.00532435 -7.46981e-17  0.000713432  7.71146e-17   0.00330991 -7.03337e-17  -0.00559424  5.61331e-17   0.00583985 -3.87237e-17  -0.00461544  2.27682e-17   0.00288326  -1.1178e-17  -0.00142239  4.43139e-18  0.000538684 -1.34358e-18 -0.000147072  2.82757e-19  2.52497e-05 -3.29973e-20 -1.77419e-06
 1.24612e-21  2.21744e-11 -4.09386e-21 -5.51375e-10   3.2361e-23  7.41679e-09  6.42191e-21 -6.78847e-08  3.01409e-20  4.67108e-07 -1.86174e-19 -2.55468e-06  4.53129e-19  1.15023e-05 -6.16465e-19 -4.36592e-05  5.67771e-19  0.000142055 -6.25576e-19 -0.000400941  9.56817e-19  0.000989845 -1.13351e-18  -0.00214926  6.70226e-19   0.00411627  1.19876e-18  -0.00695551 -6.23658e-18    0.0103399   1.6261e-17    -0.013424 -3.19695e-17    0.0149938  5.26598e-17   -0.0139652 -7.53939e-17    0.0100399  9.49659e-17  -0.00409757 -1.05744e-16   -0.0020456  1.04021e-16   0.00648413 -8.98107e-17  -0.00817221   6.7332e-17   0.00734239 -4.32896e-17   -0.0051477  2.34839e-17   0.00286256 -1.04722e-17  -0.00124379  3.67916e-18  0.000404319 -9.48275e-19 -8.97733e-05  1.55528e-19  1.09008e-05 -1.04779e-20
-3.72514e-12  3.64466e-21  1.61388e-10 -4.11654e-21 -2.82147e-09 -6.04676e-21  3.07869e-08 -3.26416e-21 -2.42236e-07  1.18132e-19  1.47845e-06 -4.12045e-19 -7.31243e-06  7.33417e-19  3.01628e-05 -7.93731e-19  -0.00010584  7.65567e-19  0.000320413 -1.13421e-18 -0.000845249  1.73277e-18   0.00195634 -1.95255e-18  -0.00398929  1.19876e-18   0.00717857  2.19115e-18   -0.0113853 -1.09627e-17    0.0158379   2.7116e-17   -0.0191202  -5.1114e-17    0.0196069  8.10534e-17   -0.0162823 -1.11448e-16   0.00951141  1.34426e-16  -0.00117703 -1.42822e-16  -0.00608874  1.33322e-16    0.0102036  -1.0845e-16    -0.010627  7.60214e-17   0.00839072 -4.53148e-17   -0.0052391  2.25113e-17   0.00258386 -9.01631e-18 -0.000978354  2.75885e-18   0.00026706 -5.85617e-19 -4.58392e-05  6.89885e-20  3.21993e-06
-1.92038e-21 -3.72769e-11  6.15277e-21   9.2742e-10   4.9498e-22 -1.24818e-08 -9.68754e-21  1.14303e-07 -5.29268e-20 -7.86894e-07  3.11551e-19  4.30565e-06 -7.47152e-19 -1.93946e-05  1.01404e-18  7.36475e-05  -9.7767e-19 -0.000239724  1.22436e-18  0.000676862 -2.09732e-18  -0.00167162  3.03775e-18   0.00363074 -3.46069e-18  -0.00695551  2.19115e-18    0.0117558  3.88077e-18   -0.0174787 -1.82992e-17    0.0226935  4.31456e-17    -0.025345  -7.8305e-17    0.0235972  1.19436e-16   -0.0169443 -1.57424e-16   0.00687692  1.81423e-16   0.00352717 -1.83328e-16   -0.0110388  1.61716e-16    0.0138866 -1.23382e-16   -0.0124669  8.04983e-17   0.00873617 -4.42157e-17  -0.00485608  1.99273e-17    0.0021091 -7.06528e-18 -0.000685276  1.83544e-18  0.000152066 -3.02914e-19  -1.8451e-05   2.0421e-20
 5.88389e-12 -5.25701e-21 -2.55027e-10  5.57321e-21  4.46039e-09   9.3795e-21 -4.86895e-08  7.38657e-21  3.83241e-07 -1.88597e-19 -2.33988e-06  6.44402e-19   1.1577e-05 -1.13732e-18 -4.77684e-05  1.25035e-18  0.000167667 -1.32526e-18  -0.00050772  2.20092e-18    0.0013397 -3.75877e-18  -0.00310149  5.32508e-18    0.0063258 -6.23658e-18   -0.0113853  3.88077e-18    0.0180607  6.47529e-18   -0.0251287 -2.89347e-17    0.0303429  6.56583e-17   -0.0311242 -1.14907e-16    0.0258602  1.68284e-16   -0.0151285 -2.12194e-16   0.00191542  2.33017e-16   0.00960478 -2.23117e-16   -0.0161305  1.85179e-16    0.0168059 -1.31952e-16   -0.0132679  7.97385e-17    0.0082813 -4.00742e-17  -0.00408191  1.62125e-17   0.00154439 -5.00577e-18 -0.000421154  1.07198e-18  7.21982e-05  -1.2766e-19 -5.06351e-06
 2.64113e-21  5.53002e-11 -8.25106e-21  -1.3762e-09 -1.41723e-21  1.85265e-08  1.30464e-20 -1.69696e-07  8.16534e-20  1.16848e-06 -4.62593e-19 -6.39476e-06  1.09636e-18  2.88097e-05 -1.48984e-18 -0.000109416  1.51387e-18    0.0003562 -2.13412e-18  -0.00100585  3.99529e-18    0.0024844 -6.56115e-18   -0.0053967  9.38248e-18    0.0103399 -1.09627e-17   -0.0174787  6.47529e-18    0.0259935  1.01952e-17   -0.0337614 -4.37609e-17    0.0377314  9.60008e-17   -0.0351773 -1.61661e-16    0.0253461  2.26722e-16   -0.0104448 -2.72747e-16  -0.00496726  2.84421e-16    0.0161081  -2.5698e-16   -0.0203558  1.99815e-16    0.0182964 -1.32397e-16   -0.0128219  7.36663e-17   0.00712309 -3.35646e-17  -0.00309057  1.20127e-17   0.00100274 -3.14583e-18 -0.000222106  5.22204e-19  2.68871e-05 -3.50978e-20
-8.18515e-12  6.77108e-21  3.54802e-10 -6.71058e-21 -6.20582e-09 -1.29416e-20  6.77453e-08 -1.28524e-20  -5.3324e-07  2.66306e-19  3.25568e-06 -8.95534e-19 -1.61077e-05  1.57254e-18  6.64601e-05 -1.76699e-18 -0.000233262  2.06395e-18  0.000706311 -3.77816e-18  -0.00186361  7.01212e-18   0.00431419 -1.13145e-17  -0.00879916   1.6261e-17    0.0158379 -1.82992e-17   -0.0251287  1.01952e-17    0.0349775  1.53633e-17   -0.0422722  -6.3835e-17    0.0434389  1.35059e-16   -0.0362416 -2.17972e-16    0.0214731  2.91838e-16  -0.00325264 -3.33883e-16   -0.0126628  3.29367e-16    0.0217226 -2.79639e-16   -0.0227467  2.02887e-16    0.0179824 -1.24433e-16   -0.0112216  6.33211e-17   0.00552485  -2.5897e-17  -0.00208643  8.07621e-18   0.00056753 -1.74729e-18 -9.69775e-05  2.11017e-19  6.77384e-06
-3.24309e-21 -7.20067e-11  9.88161e-21  1.79164e-09  2.62723e-21  -2.4114e-08 -1.58191e-20  2.20824e-07 -1.10427e-19 -1.52014e-06  6.08632e-19    8.317e-06 -1.43114e-18 -3.74589e-05  1.95617e-18  0.000142221 -2.10938e-18 -0.000462854  3.31622e-18   0.00130664 -6.67088e-18  -0.00322645  1.19524e-17   0.00700714 -1.92623e-17    -0.013424   2.7116e-17    0.0226935 -2.89347e-17   -0.0337614  1.53633e-17    0.0438913  2.23868e-17   -0.0491516 -8.98886e-17    0.0460281  1.82417e-16   -0.0335433 -2.81094e-16    0.0145178  3.58198e-16   0.00521674 -3.88409e-16    -0.019549  3.61032e-16    0.0251303 -2.86877e-16   -0.0227001    1.934e-16     0.015924 -1.09149e-16  -0.00883796  5.03286e-17    0.0038259 -1.81968e-17  -0.00123716  4.80567e-18  0.000272817  -8.0178e-19 -3.28412e-05  5.33665e-20
 9.95127e-12  -7.7877e-21  -4.3114e-10  7.19015e-21    7.537e-09  1.59333e-20 -8.22304e-08  1.80274e-20  6.46871e-07 -3.31483e-19 -3.94702e-06  1.10373e-18  1.95157e-05  -1.9367e-18 -8.04696e-05   2.2389e-18   0.00028225 -2.88489e-18 -0.000854106  5.74309e-18   0.00225224 -1.13836e-17  -0.00521115  2.00177e-17    0.0106245 -3.19695e-17   -0.0191202  4.31456e-17    0.0303429 -4.37609e-17   -0.0422722  2.23868e-17    0.0511945  3.15513e-17   -0.0528477 -1.21636e-16    0.0445609  2.35671e-16   -0.0272561 -3.45754e-16    0.0057888  4.18178e-16    0.0130599 -4.28346e-16   -0.0239375  3.73781e-16    0.0254506 -2.76969e-16   -0.0202095  1.72767e-16    0.0126118 -8.91647e-17  -0.00619389   3.6916e-17    0.0023289 -1.16449e-17  -0.00062966  2.55055e-18  0.000106754 -3.13862e-19 -7.38317e-06
 3.55236e-21   8.1394e-11 -1.05668e-20 -2.02322e-09 -3.83149e-21  2.72032e-08  1.75006e-20 -2.48851e-07  1.30083e-19  1.71123e-06   -7.069e-19 -9.35212e-06  1.65814e-18  4.20737e-05 -2.29339e-18 -0.000159563  2.64503e-18   0.00051872  -4.6061e-18   -0.0014628  9.85848e-18   0.00360859 -1.88964e-17  -0.00783075  3.29271e-17    0.0149938  -5.1114e-17    -0.025345  6.56583e-17    0.0377314  -6.3835e-17   -0.0491516  3.15513e-17    0.0552954   4.2743e-17   -0.0523115 -1.57348e-16    0.0391113  2.90276e-16   -0.0187241 -4.04574e-16  -0.00257619  4.63172e-16    0.0182281 -4.46654e-16   -0.0246398  3.64566e-16     0.022576 -2.50902e-16   -0.0158889  1.43956e-16   0.00880049  -6.7285e-17   -0.0037887  2.46033e-17   0.00121487 -6.55451e-18 -0.000264897  1.09706e-18  3.14278e-05 -7.14065e-20
-1.04147e-11  7.98829e-21  4.50496e-10  -6.8563e-21 -7.86239e-09 -1.75602e-20   8.5635e-08 -2.04029e-20 -6.72483e-07  3.61342e-19  4.09601e-06 -1.20164e-18  -2.0216e-05  2.12043e-18  8.32067e-05  -2.5456e-18 -0.000291329  3.63335e-18  0.000880049 -7.80849e-18  -0.00231687  1.63871e-17   0.00535297 -3.07606e-17   -0.0109014  5.26598e-17    0.0196069  -7.8305e-17   -0.0311242  9.60008e-17    0.0434389 -8.98886e-17   -0.0528477   4.2743e-17    0.0551057  5.53338e-17   -0.0475447 -1.93959e-16    0.0310295  3.40146e-16   -0.0102606 -4.49487e-16  -0.00820841   4.8579e-16    0.0192219 -4.39637e-16   -0.0214223  3.34574e-16    0.0172419 -2.13054e-16   -0.0107667   1.1182e-16   0.00525269 -4.69721e-17  -0.00195123  1.50217e-17  0.000518523 -3.34193e-18 -8.59177e-05  4.22271e-19  5.76615e-06
-3.46321e-21 -7.81556e-11  1.00776e-20  1.93775e-09  4.65413e-21 -2.59855e-08 -1.80072e-20  2.37071e-07 -1.31822e-19 -1.62572e-06  7.19922e-19  8.85996e-06 -1.69859e-18  -3.9747e-05  2.39904e-18  0.000150315 -2.99463e-18   -0.0004873  5.76286e-18   0.00137056   -1.306e-17   -0.0033728  2.64991e-17   0.00730402 -4.89485e-17   -0.0139652  8.10534e-17    0.0235972 -1.14907e-16   -0.0351773  1.35059e-16    0.0460281 -1.21636e-16   -0.0523115  5.53338e-17    0.0506007  6.82176e-17   -0.0398914  -2.2741e-16    0.0227457  3.78548e-16   -0.0044929 -4.73251e-16  -0.00932268  4.81393e-16    0.0156723 -4.07419e-16   -0.0151353  2.87906e-16    0.0107809 -1.68576e-16  -0.00593245  8.00745e-17    0.0025062 -2.96586e-17 -0.000779971  7.97172e-18  0.000163074 -1.33354e-18 -1.82641e-05  8.28318e-20
 9.09834e-12 -7.28957e-21 -3.92007e-10   5.8196e-21  6.81384e-09  1.73937e-20  -7.3905e-08  1.78303e-20  5.77889e-07 -3.40924e-19  -3.5045e-06  1.14779e-18    1.722e-05 -2.05718e-18 -7.05597e-05  2.59983e-18  0.000245955 -4.14004e-18  -0.00073978  9.56498e-18   0.00193967 -2.11402e-17  -0.00446523  4.18422e-17   0.00906744 -7.53939e-17   -0.0162823  1.19436e-16    0.0258602 -1.61661e-16   -0.0362416  1.82417e-16    0.0445609 -1.57348e-16   -0.0475447  6.82176e-17    0.0431206  8.00265e-17   -0.0318466 -2.53407e-16    0.0170725  3.99767e-16  -0.00344306 -4.71767e-16  -0.00542203  4.50391e-16   0.00853622 -3.55463e-16  -0.00743168  2.32504e-16   0.00466041 -1.24636e-16  -0.00219272  5.33101e-17  0.000758743 -1.73474e-17 -0.000180166  3.94155e-18  2.50253e-05 -5.17681e-19 -1.24373e-06
 2.99358e-21  6.07979e-11  -8.5538e-21 -1.49778e-09 -4.82307e-21  1.99531e-08  1.76367e-20   -1.808e-07  1.12121e-19  1.23119e-06 -6.35472e-19 -6.66189e-06  1.52847e-18  2.96693e-05 -2.23467e-18 -0.000111383  3.06585e-18  0.000358479 -6.51332e-18  -0.00100119  1.55753e-17   0.00244788 -3.32001e-17   -0.0052717  6.42117e-17    0.0100399 -1.11448e-16   -0.0169443  1.68284e-16    0.0253461 -2.17972e-16   -0.0335433  2.35671e-16    0.0391113 -1.93959e-16   -0.0398914  8.00265e-17     0.035181  8.91687e-17   -0.0263328 -2.67933e-16    0.0162059  3.99853e-16   -0.0077146 -4.44147e-16   0.00243853  3.96508e-16 -0.000213763 -2.90499e-16 -0.000187333  1.74617e-16  4.67082e-06 -8.46129e-17  0.000121177  3.18085e-17 -9.99401e-05 -8.62058e-18  3.98646e-05  1.42998e-18 -7.52858e-06 -8.04301e-20
-6.15901e-12  5.89468e-21  2.62573e-10 -4.40106e-21 -4.51399e-09 -1.55719e-20  4.84012e-08 -1.00402e-20 -3.73977e-07  2.72477e-19  2.24005e-06  -9.5104e-19 -1.08676e-05  1.75879e-18  4.39543e-05 -2.38394e-18 -0.000151213  4.26955e-18  0.000448927 -1.05678e-17  -0.00116245  2.44876e-17    0.0026459 -5.06482e-17  -0.00532435  9.49659e-17   0.00951141 -1.57424e-16   -0.0151285  2.26722e-16    0.0214731 -2.81094e-16   -0.0272561  2.90276e-16    0.0310295  -2.2741e-16   -0.0318466  8.91687e-17    0.0297407  9.44523e-17   -0.0256511 -2.68884e-16    0.0208264  3.78913e-16   -0.0161652 -3.95168e-16    0.0119856  3.29103e-16  -0.00828815 -2.23343e-16   0.00512672  1.23109e-16  -0.00269608 -5.39052e-17   0.00113606  1.79491e-17 -0.000353679 -4.20137e-18  7.02519e-05  5.84239e-19 -5.76643e-06
-2.28135e-21 -3.33984e-11   6.4429e-21  8.06164e-10  4.31688e-21 -1.05096e-08 -1.67445e-20  9.30702e-08 -7.57722e-20 -6.18571e-07   4.7633e-19  3.26233e-06 -1.19568e-18 -1.41432e-05  1.84728e-18  5.16285e-05 -2.83768e-18 -0.000161453  6.64794e-18  0.000438125 -1.67213e-17  -0.00104203  3.72081e-17   0.00219004 -7.46981e-17  -0.00409757  1.34426e-16   0.00687692 -2.12194e-16   -0.0104448  2.91838e-16    0.0145178 -3.45754e-16   -0.0187241  3.40146e-16    0.0227457 -2.53407e-16   -0.0263328  9.44523e-17    0.0291354     9.47e-17   -0.0305271 -2.55293e-16    0.0297209  3.38729e-16   -0.0262587 -3.30242e-16    0.0205389  2.55121e-16   -0.0138655   -1.589e-16   0.00785149  7.89569e-17  -0.00359422 -3.01862e-17   0.00125872  8.22504e-18 -0.000305894 -1.32943e-18  4.11612e-05  5.89051e-20
  2.4329e-12   -4.201e-21 -9.89416e-11  2.97291e-21  1.61441e-09  1.26966e-20 -1.63339e-08 -6.80341e-22  1.18275e-07 -1.76548e-19 -6.58665e-07  6.70603e-19  2.94357e-06 -1.31444e-18 -1.08504e-05  1.96072e-18  3.36148e-05 -3.98143e-18  -8.8736e-05  1.05218e-17   0.00020195 -2.54515e-17 -0.000401646  5.46237e-17  0.000713432 -1.05744e-16  -0.00117703  1.81423e-16   0.00191542 -2.72747e-16  -0.00325264  3.58198e-16    0.0057888 -4.04574e-16   -0.0102606  3.78548e-16    0.0170725 -2.67933e-16   -0.0256511     9.47e-17    0.0341057  9.04484e-17   -0.0397006 -2.30106e-16    0.0401473  2.86701e-16   -0.0349749 -2.60845e-16    0.0259498   1.8688e-16   -0.0161262 -1.07049e-16   0.00818383  4.83757e-17  -0.00325836 -1.66261e-17  0.000949909  4.06414e-18 -0.000176303 -6.14171e-19  1.35395e-05
 1.52062e-21  4.35854e-12 -4.29062e-21 -7.49324e-11 -3.36477e-21  5.49483e-10  1.54239e-20 -7.63978e-10  3.43784e-20 -2.44695e-08 -2.91366e-19  2.97672e-07  7.99874e-19 -2.07847e-06 -1.34941e-18  1.06646e-05  2.37247e-18 -4.35073e-05 -6.11722e-18  0.000146462  1.61278e-17 -0.000414973 -3.72507e-17  0.000999039  7.71146e-17   -0.0020456 -1.42822e-16   0.00352717  2.33017e-16  -0.00496726 -3.33883e-16   0.00521674  4.18178e-16  -0.00257619 -4.49487e-16   -0.0044929  3.99767e-16    0.0162059 -2.68884e-16   -0.0305271  9.04484e-17     0.043375  8.10714e-17   -0.0502983 -1.94628e-16    0.0488218  2.26486e-16   -0.0398854 -1.90787e-16    0.0272612  1.25071e-16   -0.0153377 -6.42009e-17   0.00689899  2.49899e-17  -0.00235899 -6.78702e-18  0.000557823  1.02428e-18 -7.29148e-05 -1.77372e-20
 9.18909e-13  2.61942e-21 -4.78267e-11 -1.80208e-21   9.7885e-10 -9.51081e-21 -1.22636e-08  1.04425e-20  1.09111e-07  8.25626e-20 -7.43674e-07 -3.88414e-19  4.06399e-06   8.4888e-19 -1.83466e-05 -1.44435e-18  6.98376e-05  3.34804e-18 -0.000227359 -9.40841e-18  0.000639075  2.36489e-17  -0.00155963 -5.23522e-17   0.00330991  1.04021e-16  -0.00608874 -1.83328e-16   0.00960478  2.84421e-16   -0.0126628 -3.88409e-16    0.0130599  4.63172e-16  -0.00820841 -4.73251e-16  -0.00344306  3.99853e-16    0.0208264 -2.55293e-16   -0.0397006  8.10714e-17    0.0540243  6.98889e-17   -0.0588688 -1.56732e-16    0.0531027  1.70159e-16   -0.0399279 -1.33236e-16    0.0248372  8.08014e-17   -0.0125254  -3.8199e-17    0.0049339   1.3749e-17  -0.00141931 -3.58786e-18   0.00025952  6.09484e-19 -1.96166e-05
-8.76719e-22   1.7561e-11  2.51528e-21 -4.74674e-10  2.30315e-21  6.90519e-09  -1.3505e-20 -6.80333e-08 -6.19295e-22   5.0175e-07  1.31869e-19 -2.92918e-06 -4.44912e-19  1.40212e-05  8.66244e-19 -5.63481e-05 -1.78582e-18  0.000193259  5.04829e-18 -0.000572095 -1.38919e-17   0.00147247  3.31247e-17  -0.00330757 -7.03337e-17   0.00648413  1.33322e-16   -0.0110388 -2.23117e-16    0.0161081  3.29367e-16    -0.019549 -4.28346e-16    0.0182281   4.8579e-16  -0.00932268 -4.71767e-16   -0.0077146  3.78913e-16    0.0297209 -2.30106e-16   -0.0502983  6.98889e-17    0.0625453  5.47047e-17   -0.0626376 -1.15417e-16     0.051857   1.1576e-16   -0.0355777 -8.24681e-17    0.0199832  4.42693e-17  -0.00894428 -1.75252e-17   0.00303714  4.63338e-18 -0.000712299 -5.72889e-19  9.22703e-05 -3.64369e-20
-2.98045e-12 -1.41539e-21  1.37437e-10  9.85847e-22  -2.5506e-09  6.58841e-21  2.94692e-08 -1.58914e-20 -2.44917e-07 -1.44016e-20  1.57512e-06  1.70492e-19 -8.18891e-06 -4.65505e-19  3.54119e-05  9.49386e-19  -0.00012989 -2.52076e-18  0.000409652  7.49354e-18  -0.00112117 -1.94766e-17   0.00267791  4.42423e-17  -0.00559424 -8.98107e-17    0.0102036  1.61716e-16   -0.0161305  -2.5698e-16    0.0217226  3.61032e-16   -0.0239375 -4.46654e-16    0.0192219  4.81393e-16  -0.00542203 -4.44147e-16   -0.0161652  3.38729e-16    0.0401473 -1.94628e-16   -0.0588688  5.47047e-17     0.066118   4.2994e-17    -0.060432 -8.31648e-17    0.0456657   7.7799e-17   -0.0284223 -5.19079e-17    0.0143044  2.63364e-17   -0.0056145 -1.01883e-17   0.00160772  2.93665e-18 -0.000292444 -5.80627e-19  2.19817e-05
 4.30502e-22 -2.75138e-11 -1.29161e-21  7.20362e-10 -1.40025e-21 -1.01852e-08  1.08736e-20  9.78215e-08 -1.80246e-20 -7.05079e-07 -2.83254e-20  4.03211e-06  1.94477e-19 -1.89458e-05  -4.8472e-19   7.4884e-05  1.20039e-18 -0.000253071 -3.69756e-18  0.000739566  1.05692e-17  -0.00188287 -2.58863e-17   0.00419302  5.61331e-17  -0.00817221  -1.0845e-16    0.0138866  1.85179e-16   -0.0203558 -2.79639e-16    0.0251303  3.73781e-16   -0.0246398 -4.39637e-16    0.0156723  4.50391e-16   0.00243853 -3.95168e-16   -0.0262587  2.86701e-16    0.0488218 -1.56732e-16   -0.0626376   4.2994e-17    0.0635575  2.73716e-17   -0.0529093 -5.06216e-17    0.0363615  4.28116e-17    -0.020415 -2.46439e-17   0.00912238  9.83034e-18  -0.00309009 -2.34012e-18  0.000722616  9.10998e-20 -9.33084e-05  9.02129e-20
 3.49787e-12  6.54712e-22 -1.58793e-10 -4.87864e-22  2.90504e-09 -4.21623e-21 -3.31271e-08  1.60148e-20  2.72027e-07 -1.95594e-20 -1.73029e-06  -4.2147e-20  8.90528e-06  2.10614e-19 -3.81572e-05 -5.52508e-19  0.000138801  1.67851e-18 -0.000434514 -5.24814e-18   0.00118154  1.40371e-17  -0.00280691 -3.25796e-17   0.00583985   6.7332e-17    -0.010627 -1.23382e-16    0.0168059  1.99815e-16   -0.0227467 -2.86877e-16    0.0254506  3.64566e-16   -0.0214223 -4.07419e-16   0.00853622  3.96508e-16    0.0119856 -3.30242e-16   -0.0349749  2.26486e-16    0.0531027 -1.15417e-16    -0.060432  2.73716e-17    0.0555485  2.14047e-17   -0.0420705 -3.47098e-17    0.0261973  2.79286e-17   -0.0131778 -1.59689e-17   0.00516658  6.92601e-18  -0.00147731 -2.29808e-18  0.000268282  5.37507e-19  -2.0131e-05
-1.76056e-22  2.63405e-11  5.77621e-22  -6.8396e-10  7.67037e-22  9.59671e-09 -7.77314e-21 -9.15179e-08   2.1887e-20  6.55328e-07 -1.78768e-20 -3.72494e-06  -5.7198e-20  1.74051e-05  2.33786e-19  -6.8444e-05 -7.11421e-19   0.00023024  2.36997e-18 -0.000670087 -7.00325e-18   0.00169995  1.75431e-17  -0.00377483 -3.87237e-17   0.00734239  7.60214e-17   -0.0124669 -1.31952e-16    0.0182964  2.02887e-16   -0.0227001 -2.76969e-16     0.022576  3.34574e-16   -0.0151353 -3.55463e-16 -0.000213763  3.29103e-16    0.0205389 -2.60845e-16   -0.0398854  1.70159e-16     0.051857 -8.31648e-17   -0.0529093  2.14047e-17    0.0441522  8.57147e-18    -0.030372 -1.46476e-17    0.0170549  9.74618e-18  -0.00761881 -3.70298e-18   0.00257946  4.63043e-19 -0.000602836  2.98004e-19  7.77934e-05 -1.28468e-19
-2.87837e-12 -2.55227e-22  1.30005e-10  2.16358e-22 -2.36714e-09  2.45832e-21  2.68746e-08 -1.23262e-20 -2.19782e-07   2.6139e-20  1.39268e-06 -1.02848e-20 -7.14256e-06 -7.46755e-20  3.05056e-05  2.81589e-19  -0.00011064 -9.73945e-19  0.000345438  3.18438e-18 -0.000937124 -8.72721e-18   0.00222184  2.06273e-17  -0.00461544 -4.32896e-17   0.00839072  8.04983e-17   -0.0132679 -1.32397e-16    0.0179824    1.934e-16   -0.0202095 -2.50902e-16    0.0172419  2.87906e-16  -0.00743168 -2.90499e-16  -0.00828815  2.55121e-16    0.0259498 -1.90787e-16   -0.0399279   1.1576e-16    0.0456657 -5.06216e-17   -0.0420705  8.57147e-18    0.0318973  9.85573e-18   -0.0198727 -1.26031e-17   0.00999873  8.83558e-18  -0.00392057 -4.52081e-18   0.00112112  1.77096e-18 -0.000203623 -4.79962e-19  1.52829e-05
 5.79527e-23 -1.89005e-11 -2.23228e-22  4.89315e-10 -3.82619e-22 -6.84672e-09  4.77401e-21  6.51259e-08 -1.68308e-20 -4.65238e-07  2.55111e-20  2.63865e-06  2.97375e-21 -1.23044e-05 -9.59945e-20  4.82962e-05  3.66232e-19 -0.000162191 -1.30861e-18  0.000471327  3.97905e-18  -0.00119414 -1.01581e-17   0.00264873  2.27682e-17   -0.0051477 -4.53148e-17   0.00873617  7.97385e-17   -0.0128219 -1.24433e-16     0.015924  1.72767e-16   -0.0158889 -2.13054e-16    0.0107809  2.32504e-16 -0.000187333 -2.23343e-16   -0.0138655   1.8688e-16    0.0272612 -1.33236e-16   -0.0355777   7.7799e-17    0.0363615 -3.47098e-17    -0.030372  9.85573e-18    0.0209058 -2.35219e-19   -0.0117452 -1.04217e-18   0.00524942 -7.47591e-20  -0.00177823  6.99733e-19   0.00041585 -5.15936e-19 -5.37066e-05  1.40838e-19
