 2.46457e-35  1.74994e-51 -3.07567e-35 -1.22847e-50  1.25926e-36 -1.01506e-50 -1.75854e-35  2.78062e-50   1.7629e-35  1.89898e-50 -8.28957e-36  1.77442e-50 -3.47278e-37 -3.81703e-50  1.45607e-36  9.82841e-49  1.74828e-36 -2.09859e-48   -2.008e-36 -2.41068e-49   -7.381e-38  3.64433e-48  1.06154e-36  -4.4052e-47 -6.24245e-37  1.52679e-46  1.09846e-38  1.31782e-46  1.15456e-37 -2.15217e-46 -6.35199e-38  1.93566e-46   1.7573e-38  6.55101e-46   2.1798e-39  6.70428e-46  9.96019e-39  2.47114e-46  -7.3583e-39 -6.70765e-45 -2.47142e-39  4.03361e-45  2.36616e-39 -6.74652e-45  1.82406e-42  7.61247e-45 -3.50315e-40 -1.29244e-44  2.23294e-40  -3.2118e-45  9.50493e-41 -1.09305e-44 -1.05868e-40 -1.26397e-45  1.66101e-41 -2.22924e-44 -1.28509e-41 -1.58866e-45  5.70234e-43 -1.46192e-44  1.48897e-42  7.86514e-45 -7.18477e-43 -3.19805e-45  2.75812e-43  3.73524e-45 -1.86518e-43  7.34439e-46   1.9385e-43  3.75208e-46 -2.99459e-43 -4.30945e-46   5.1918e-43  6.60413e-46 -1.10705e-42 -2.21485e-45  2.18849e-42   4.6666e-45 -3.92769e-42 -9.81579e-45  6.37513e-42  1.90972e-44 -9.26836e-42 -3.47155e-44  1.19323e-41  5.88396e-44 -1.33807e-41 -9.27482e-44  1.27193e-41  1.35639e-43 -9.71073e-42 -1.83524e-43  5.10745e-42  2.28992e-43 -3.89846e-43 -2.62513e-43  -3.0229e-42  2.75306e-43  4.52208e-42 -2.62811e-43 -4.43924e-42   2.2704e-43  3.55177e-42 -1.76285e-43 -2.50414e-42  1.22022e-43  1.59961e-42 -7.45631e-44 -9.17378e-43  3.97453e-44  4.59247e-43 -1.82091e-44 -1.94955e-43  7.03637e-45  6.84913e-44 -2.23733e-45 -1.93918e-44  5.65893e-46  4.24697e-45 -1.08377e-46 -6.71368e-46  1.45187e-47  6.78355e-47 -1.16924e-48 -3.36438e-48  3.62882e-50
 1.74994e-51  9.26759e-35  1.14549e-50 -7.65188e-35  -4.0647e-50  5.38277e-36 -3.19525e-50 -1.92673e-35  5.73478e-50  3.04938e-35 -2.39195e-51 -1.52077e-35  1.51654e-49 -5.80909e-36 -3.04778e-49  4.34339e-36  9.00278e-48   5.0272e-36 -1.89914e-47 -4.61773e-36   7.5183e-48 -6.73066e-37  1.52136e-47  2.52212e-36 -4.12012e-46 -1.21116e-36  1.27602e-45 -1.76912e-37   9.1426e-46  3.56968e-37 -1.52159e-45 -1.94827e-37  1.22979e-45  6.78519e-38  5.81994e-45 -5.12857e-39  5.15507e-45  3.80236e-38  1.40657e-45 -2.04881e-38 -4.13841e-44 -1.09499e-38  3.35362e-44  8.00228e-39 -4.46739e-44    2.779e-40  5.86755e-44 -1.41596e-39 -7.19678e-44  7.47924e-40 -1.48299e-45  3.66631e-40 -6.98367e-44 -3.25428e-40  -1.0058e-44   3.1227e-41 -1.16016e-43 -4.44783e-41 -1.10678e-44  5.21592e-42 -7.61818e-44  3.31356e-42  3.71624e-44 -1.99352e-42 -1.39262e-44  1.05999e-42  1.91702e-44  -1.6441e-42  3.17297e-45  3.19813e-42  3.31836e-45  -7.1625e-42 -6.53226e-45  1.55584e-41  1.42019e-44  -3.2113e-41 -3.52873e-44  6.05957e-41  7.48944e-44 -1.03695e-40 -1.51113e-43  1.59855e-40  2.84279e-43 -2.19976e-40  -4.9917e-43  2.66964e-40  8.16365e-43 -2.80795e-40 -1.24057e-42  2.48849e-40  1.74716e-42 -1.75853e-40 -2.27359e-42  8.48971e-41  2.72435e-42 -5.96747e-42 -2.99402e-42 -4.08895e-41  3.00389e-42  5.45842e-41 -2.73664e-42 -4.78161e-41  2.24967e-42   3.4667e-41 -1.65634e-42 -2.27541e-41  1.08255e-42   1.3809e-41 -6.21345e-43 -7.52489e-42  3.09065e-43  3.53037e-42  -1.3103e-43 -1.38342e-42  4.63419e-44  4.43384e-43 -1.32858e-44 -1.13043e-43  2.96524e-45  2.17799e-44   -4.845e-46 -2.89861e-45  5.21201e-47  2.25472e-46 -2.91368e-48 -6.40589e-48
-3.07567e-35  1.14549e-50  1.83858e-34  3.94856e-50 -1.21137e-34 -7.62775e-50 -9.70792e-36 -7.98419e-50  4.94736e-36  1.53663e-49  3.25363e-35 -4.60169e-49 -1.64892e-35  1.68973e-48 -1.20532e-35 -3.02297e-48  5.01056e-36  5.72258e-47  9.57118e-36 -1.28429e-46 -6.05353e-36  1.10124e-46 -2.84837e-36  7.53041e-48   4.4431e-36 -2.70787e-45 -1.61324e-36  7.31227e-45  -5.7619e-37  3.95555e-45  6.82181e-37 -6.61339e-45 -3.92099e-37  4.15661e-45   1.8738e-37  3.61127e-44 -5.23394e-38  2.84025e-44  1.01782e-37  2.06533e-45 -3.93904e-38 -1.72031e-43 -3.02913e-38  1.86929e-43  1.88859e-38 -1.93219e-43   7.5755e-40  3.06877e-43 -3.65937e-39 -2.75004e-43  1.69931e-39  8.00884e-44  1.08247e-39 -2.92868e-43 -7.30958e-40 -5.14559e-44  2.43634e-41  -4.1069e-43 -1.16506e-40 -5.25934e-44  2.00159e-41 -2.69196e-43  5.15806e-42  1.22939e-43 -6.18237e-42 -4.07614e-44  1.00487e-41  7.05086e-44 -2.63822e-41  3.18548e-45  6.44672e-41  3.20386e-44 -1.50194e-40 -7.55768e-44   3.2339e-40  1.74186e-43 -6.39127e-40 -3.94262e-43  1.14965e-39  8.17504e-43 -1.87011e-39 -1.59181e-42  2.73025e-39  2.89399e-42 -3.54236e-39 -4.90665e-42  4.03066e-39  7.74131e-42 -3.94547e-39 -1.13377e-41  3.22004e-39  1.53712e-41  -2.0591e-39 -1.92301e-41  8.59622e-40  2.21176e-41  1.07116e-41 -2.32879e-41 -4.12883e-40  2.23359e-41   4.5531e-40 -1.94017e-41 -3.43628e-40  1.51591e-41  2.23037e-40 -1.05677e-41 -1.37563e-40  6.50904e-42  8.03232e-41 -3.50033e-42 -4.16279e-41  1.61929e-42  1.81555e-41  -6.3239e-43 -6.50964e-42  2.03404e-43  1.89139e-42 -5.20901e-44 -4.30869e-43  1.01105e-44  7.18309e-44 -1.37424e-45  -7.7732e-45  1.12461e-46  4.25136e-46 -3.55598e-48
-1.22847e-50 -7.65188e-35  3.94856e-50  2.68195e-34  8.96778e-50 -1.54396e-34 -8.51435e-50 -4.39544e-35 -3.94748e-49  4.35485e-35   9.0137e-49  2.24263e-35 -5.04218e-48 -1.15937e-35  1.40894e-47 -1.51058e-35 -2.59624e-47  1.66548e-36  2.93263e-46  1.39994e-35 -7.55718e-46 -4.22397e-36  8.69428e-46 -7.35167e-36 -3.75401e-46  6.44523e-36 -1.44258e-44 -1.57679e-36  3.31024e-44 -1.05795e-36  1.00284e-44  9.16708e-37 -1.79657e-44 -6.03283e-37  1.06692e-45  4.21602e-37  1.79395e-43  -1.8729e-37  1.23469e-43  2.18906e-37 -2.75607e-44 -6.21541e-38 -5.56581e-43 -6.31759e-38  8.12203e-43  3.58467e-38 -6.33121e-43  6.72389e-40  1.25591e-42 -7.09175e-39 -8.29877e-43  2.96896e-39  5.90465e-43  2.75665e-39 -9.35419e-43 -1.41342e-39 -2.06478e-43 -2.23467e-41 -1.13867e-42 -2.59894e-40 -1.96056e-43  4.79033e-41  -7.4421e-43  2.19025e-41  3.31352e-43 -6.47113e-41 -9.80283e-44  1.76196e-40  2.29535e-43 -4.70147e-40  -7.2349e-44  1.14744e-39  2.95215e-43  -2.5864e-39 -7.11346e-43   5.3461e-39  1.62033e-42 -1.00844e-38 -3.49679e-42  1.72595e-38  7.02915e-42 -2.66219e-38  -1.3225e-41  3.66959e-38  2.32284e-41 -4.47087e-38 -3.80173e-41  4.74283e-38  5.78503e-41 -4.28484e-38 -8.16343e-41  3.17685e-38  1.06512e-40 -1.78928e-38 -1.28057e-40  5.91562e-39   1.4131e-40  1.17567e-39  -1.4247e-40 -3.43092e-39  1.30538e-40  2.95384e-39 -1.08015e-40 -1.85367e-39   8.0121e-41  1.07481e-39 -5.28034e-41 -6.40481e-40  3.05883e-41  3.65937e-40 -1.53699e-41  -1.7924e-40  6.58831e-42  7.16801e-41 -2.35789e-42 -2.33099e-41  6.84578e-43  6.11335e-42 -1.54837e-43 -1.23229e-42  2.56527e-44  1.73474e-43  -2.7994e-45 -1.44716e-44  1.58823e-46  4.55385e-46
 1.25926e-36  -4.0647e-50 -1.21137e-34  8.96778e-50  3.38048e-34   1.6556e-49 -1.78534e-34 -3.73543e-50  -7.6984e-35 -2.75557e-48  7.74594e-35  5.48981e-48  3.03756e-36 -3.94125e-47 -1.77083e-36  8.69821e-47 -1.39105e-35 -1.82859e-46  -5.4779e-36   1.2722e-45  1.65486e-35 -4.06616e-45  2.33478e-36  4.97901e-45 -1.41411e-35 -3.68336e-45  7.69659e-36 -6.61859e-44  -8.0973e-37  1.24678e-43  -1.4103e-36 -5.42057e-45  8.34996e-37  -1.3429e-44 -7.50534e-37 -8.84245e-44  8.14288e-37   7.5361e-43 -4.58568e-37  4.27317e-43  4.01637e-37 -2.82919e-43 -8.83826e-38 -1.49524e-42 -1.08077e-37  2.92652e-42  5.78591e-38  -1.6666e-42 -1.68705e-39  4.26352e-42 -1.08658e-38 -2.08709e-42  4.10449e-39  2.67566e-42  6.23993e-39 -2.40748e-42  -2.5285e-39 -7.06149e-43 -9.57664e-41 -2.60996e-42 -4.86482e-40 -6.06947e-43  2.04811e-42 -1.70685e-42   3.4725e-40  7.90685e-43 -1.05201e-39 -2.61102e-43  2.90119e-39  8.11506e-43 -7.42175e-39 -8.55081e-43   1.7452e-38  2.38704e-42 -3.76947e-38 -5.63027e-42  7.44489e-38  1.24671e-41 -1.33787e-37 -2.59345e-41  2.17432e-37  5.04396e-41 -3.17206e-37 -9.17104e-41  4.11474e-37  1.55584e-40 -4.68689e-37 -2.45768e-40  4.60648e-37  3.60635e-40 -3.80397e-37 -4.90238e-40  2.51864e-37  6.15425e-40 -1.20094e-37 -7.10873e-40  2.56192e-38  7.52354e-40  1.76985e-38 -7.25987e-40 -2.35591e-38   6.3505e-40  1.51953e-38 -5.00152e-40  -7.6262e-39  3.51797e-40  4.05149e-39 -2.18846e-40 -2.47278e-39  1.18976e-40  1.39703e-39 -5.56951e-41 -6.33612e-40  2.20295e-41  2.28136e-40 -7.18215e-42 -6.69732e-41  1.86558e-42  1.58267e-41 -3.67441e-43 -2.77942e-42  5.06858e-44  3.18339e-43 -4.20816e-45 -1.87025e-44  1.34871e-46
-1.01506e-50  5.38277e-36 -7.62775e-50 -1.54396e-34   1.6556e-49  3.94926e-34  3.99759e-49 -1.96583e-34 -7.72166e-50 -9.13785e-35 -1.70886e-47  9.90826e-35  2.76785e-47 -2.44715e-35 -2.45784e-46  1.23798e-35  4.12188e-46 -9.03185e-36 -1.07789e-45 -1.54946e-35  4.70289e-45  1.53663e-35 -2.02498e-44  1.41733e-35  2.26221e-44 -2.23558e-35 -2.46401e-44  7.05292e-36 -2.70842e-43   9.9751e-37  3.97668e-43 -1.47716e-36 -2.30954e-43  2.87868e-37  1.64618e-43 -7.58556e-37 -7.05785e-43   1.3901e-36  2.76076e-42 -8.89766e-37  1.13224e-42  6.49751e-37 -1.64952e-42 -1.20202e-37 -3.51025e-42  -1.5964e-37  9.04282e-42  8.16799e-38  -3.6289e-42 -8.72512e-39  1.23983e-41 -1.30609e-38 -4.47837e-42  4.28761e-39   9.3271e-42  1.26815e-38  -5.0963e-42 -4.29144e-39  -2.1424e-42 -2.25296e-40 -5.06566e-42 -3.81503e-40 -1.60341e-42 -1.58202e-39 -3.37919e-42  5.47782e-39   1.8585e-42 -1.57761e-38 -1.11969e-42  4.19178e-38  3.63864e-42 -1.02785e-37 -6.70827e-42   2.3169e-37  1.67791e-41 -4.78531e-37 -3.83722e-41  9.01494e-37  8.22833e-41 -1.54061e-36 -1.65415e-40  2.37243e-36  3.11079e-40  -3.2645e-36 -5.46566e-40  3.97065e-36   8.9549e-40 -4.20718e-36 -1.36515e-39   3.8027e-36  1.93158e-39 -2.83551e-36 -2.52927e-39  1.63652e-36  3.05471e-39 -6.14906e-37 -3.38956e-39  2.07428e-38   3.4399e-39  1.64352e-37 -3.17592e-39 -1.31202e-37  2.65095e-39   5.9983e-38 -1.98573e-39 -2.27498e-38  1.32302e-39  1.23571e-38 -7.75641e-40 -8.45771e-39  3.94851e-40  4.63162e-39 -1.71643e-40 -1.87113e-39  6.23538e-41  5.96621e-40 -1.83903e-41 -1.59032e-40  4.22777e-42  3.37865e-41 -7.12092e-43 -5.02714e-42  7.89736e-44  4.42612e-43 -4.54789e-45 -1.50341e-44
-1.75854e-35 -3.19525e-50 -9.70792e-36 -8.51435e-50 -1.78534e-34  3.99759e-49  4.33898e-34  1.70813e-48 -2.11326e-34 -1.61437e-48 -8.45159e-35 -9.15092e-47  1.14028e-34   1.1316e-46  -6.0492e-35 -1.28296e-45  2.94051e-35  1.48815e-45 -2.02816e-37 -5.47831e-45 -2.72997e-35  1.43398e-44  8.67639e-36 -9.33354e-44  3.08724e-35  8.43044e-44 -3.07849e-35 -1.36292e-43  3.49705e-36 -1.01114e-42  4.05967e-36  1.06453e-42 -1.26882e-36 -1.59998e-42 -6.99433e-37  1.15782e-42 -5.70195e-37 -3.68245e-42  2.13991e-36  9.00882e-42 -1.45463e-36   1.9205e-42   9.4406e-37 -7.30475e-42 -1.59166e-37 -7.67424e-42 -2.12065e-37  2.44699e-41   1.0233e-37 -6.64994e-42 -2.28063e-38  3.15256e-41 -1.07958e-38   -8.222e-42  2.45495e-39    2.708e-41  2.32024e-38 -8.79104e-42 -6.50251e-39 -5.87361e-42  -2.1169e-39 -8.38185e-42  6.54658e-39 -3.61659e-42 -2.53775e-38 -6.16885e-42  7.65123e-38  5.15122e-42 -2.11416e-37 -6.60827e-42  5.39499e-37  1.93791e-41 -1.26813e-36 -4.35262e-41  2.73602e-36  1.03282e-40 -5.39632e-36 -2.28544e-40  9.68148e-36  4.74143e-40 -1.57043e-35 -9.21587e-40  2.28596e-35   1.6755e-39  -2.9577e-35 -2.84466e-39  3.35915e-35  4.50121e-39 -3.29126e-35 -6.62287e-39  2.71055e-35  9.03695e-39 -1.79491e-35 -1.14002e-38  8.68499e-36  1.32484e-38 -2.15452e-36 -1.41237e-38 -7.56514e-37   1.3745e-38  1.10907e-36 -1.21409e-38 -5.70547e-37  9.66759e-39   1.5919e-37 -6.88362e-39  -3.9668e-38  4.34008e-39   3.3552e-38 -2.39424e-39  -2.7245e-38  1.13857e-39  1.34116e-38  -4.5798e-40 -4.58114e-39  1.51986e-40  1.29375e-39 -4.02168e-41 -3.19913e-40  8.07304e-42  6.02613e-41 -1.13499e-42 -7.24429e-42   9.5962e-44  4.47781e-43 -3.12503e-45
 2.78062e-50 -1.92673e-35 -7.98419e-50 -4.39544e-35 -3.73543e-50 -1.96583e-34  1.70813e-48  4.54482e-34  8.64946e-48 -2.30194e-34 -1.35443e-47 -6.49232e-35 -4.36653e-46  1.31609e-34  3.51295e-46 -1.02979e-34 -5.79319e-45   4.4837e-35  3.63625e-45   1.4255e-35 -2.46923e-44 -3.91672e-35  3.17683e-44 -4.72673e-36 -3.97715e-43  5.11025e-35  2.57653e-43 -3.85461e-35 -6.55392e-43 -3.39337e-36 -3.49431e-42  8.35626e-36  2.26357e-42 -9.84872e-37 -7.79564e-42 -1.91564e-36  4.93054e-42 -1.53633e-37 -1.52886e-41  3.02142e-36   2.6632e-41 -2.06698e-36 -5.65598e-43  1.24308e-36   -2.678e-41 -1.99826e-37 -1.69774e-41 -2.64096e-37  5.88349e-41   1.1428e-37 -1.04494e-41 -4.52615e-38   7.1104e-41 -7.14797e-40 -1.25704e-41 -2.12563e-39  6.82402e-41   3.6838e-38 -1.15513e-41 -2.12283e-39 -1.46492e-41 -3.15858e-38 -1.17792e-41  1.06532e-37 -6.54349e-42 -3.35766e-37 -1.24392e-41  9.64788e-37   1.9191e-41 -2.56129e-36 -3.89638e-41  6.27198e-36  1.04654e-40 -1.41223e-35 -2.45168e-40  2.91283e-35   5.5978e-40 -5.47853e-35 -1.19791e-39  9.34459e-35  2.40357e-39 -1.43571e-34 -4.51722e-39  1.97014e-34  7.93949e-39 -2.38835e-34 -1.30273e-38  2.52039e-34  1.99138e-38 -2.26684e-34   -2.829e-38  1.68035e-34  3.72445e-38 -9.63975e-35 -4.52901e-38  3.62813e-35   5.0673e-38 -2.11252e-36 -5.19301e-38 -7.93557e-36  4.84866e-38  5.67311e-36 -4.09885e-38 -1.75348e-36  3.11389e-38  9.97853e-38 -2.10702e-38  1.35308e-38  1.25618e-38  1.02292e-37 -6.51118e-39  -8.4136e-38  2.88537e-39  3.28601e-38  -1.0697e-39   -9.035e-39  3.22278e-40  2.36842e-39 -7.57411e-41 -5.58826e-40  1.30474e-41  8.92168e-41 -1.47967e-42 -8.07461e-42  8.70237e-44  2.90761e-43
  1.7629e-35  5.73478e-50  4.94736e-36 -3.94748e-49  -7.6984e-35 -7.72166e-50 -2.11326e-34  8.64946e-48   4.7187e-34  4.05075e-47 -2.62007e-34 -8.27034e-47 -4.45799e-35 -1.90416e-45   1.5707e-34  5.69772e-46 -1.45903e-34 -2.32435e-44  5.17739e-35  1.45615e-45   3.5773e-35 -1.01194e-43 -4.82001e-35  1.80355e-44 -2.47289e-35 -1.56795e-42  7.29343e-35  6.14918e-43 -4.55928e-35 -2.79485e-42 -1.32406e-35 -1.12751e-41  1.35477e-35  3.00484e-42 -9.48967e-37 -3.12116e-41 -3.03088e-36  1.63181e-41   4.7556e-37 -5.39487e-41  3.98304e-36  7.23829e-41  -2.5956e-36  -2.0529e-41  1.48599e-36 -8.46352e-41 -2.24239e-37  -4.0559e-41 -3.22973e-37  1.27081e-40  1.12703e-37 -1.47546e-41 -7.52607e-38   1.4377e-40  1.91013e-38 -1.42498e-41 -3.98194e-39  1.53186e-40  2.76767e-38 -8.12478e-42  1.04845e-37 -3.31925e-41  -4.1781e-37 -1.43844e-41  1.34814e-36 -6.20831e-42 -4.02616e-36 -3.61913e-41  1.11141e-35   8.6014e-41 -2.83341e-35 -2.06161e-40  6.65239e-35  5.22211e-40 -1.43342e-34 -1.21051e-39  2.82285e-34  2.66828e-39 -5.05522e-34 -5.52024e-39  8.18217e-34  1.07102e-38 -1.18787e-33 -1.94642e-38  1.53194e-33  3.30823e-38 -1.73281e-33 -5.24889e-38  1.68896e-33  7.75714e-38 -1.38138e-33 -1.06506e-37  9.05951e-34  1.35445e-37 -4.31917e-34 -1.58971e-37  1.03903e-34   1.7148e-37    3.715e-35 -1.69162e-37 -5.00357e-35  1.51726e-37  2.15548e-35 -1.22882e-37 -2.27569e-36  8.91299e-38 -1.58142e-36 -5.73281e-38  2.52604e-37  3.23059e-38  3.98285e-37 -1.57131e-38 -2.34872e-37  6.47194e-39  6.26376e-38 -2.20162e-39 -1.37579e-38   5.9773e-40  3.86225e-39 -1.23204e-40 -8.57137e-40  1.77929e-41  1.05832e-40 -1.54491e-42 -6.57124e-42   5.1582e-44
 1.89898e-50  3.04938e-35  1.53663e-49  4.35485e-35 -2.75557e-48 -9.13785e-35 -1.61437e-48 -2.30194e-34  4.05075e-47  5.07983e-34  1.66637e-46 -3.08802e-34 -4.29542e-46 -3.38604e-35  -7.7441e-45  1.90907e-34 -2.16986e-45 -1.81711e-34 -8.49955e-44  4.40635e-35 -4.55155e-44  6.33592e-35 -3.85183e-43  -5.0679e-35 -2.95424e-43 -4.94246e-35 -5.73295e-42  9.44653e-35  9.04518e-43 -5.27879e-35  -1.0696e-41 -2.49988e-35 -3.41203e-41  1.89835e-35  -2.7148e-42 -1.49945e-36 -1.08582e-40 -3.69332e-36  4.49875e-41  1.20762e-36 -1.67149e-40  5.00428e-36  1.83301e-40 -2.90192e-36 -1.02114e-40  1.60313e-36 -2.35996e-40 -2.02789e-37 -1.03769e-40 -4.04464e-37  2.48874e-40  9.32643e-38 -2.12051e-41 -1.05289e-37  2.62779e-40  3.05209e-38  -4.5704e-42  8.19008e-38  3.12086e-40 -3.33039e-37  1.13577e-41  1.47838e-36 -6.75196e-41 -5.00123e-36 -1.98914e-41  1.54912e-35   2.0723e-41 -4.44412e-35 -1.43459e-40  1.17878e-34  3.84672e-40 -2.88361e-34 -9.50953e-40  6.48505e-34  2.30259e-39  -1.3357e-33 -5.19131e-39  2.50798e-33  1.10491e-38 -4.26916e-33 -2.20895e-38  6.54311e-33  4.14392e-38  -8.9517e-33 -7.28569e-38   1.0811e-32  1.19859e-37 -1.13532e-32  -1.8415e-37  1.01446e-32   2.6361e-37 -7.45021e-33 -3.50613e-37  4.21057e-33  4.31841e-37  -1.5349e-33 -4.90608e-37  5.17958e-35  5.11725e-37  3.52528e-34 -4.87352e-37 -2.28478e-34  4.21053e-37  5.26142e-35 -3.27482e-37  1.24513e-35  2.27207e-37 -9.55677e-36 -1.39075e-37   -9.744e-38  7.40974e-38  1.57115e-36 -3.37861e-38 -5.21445e-37  1.29004e-38  7.41744e-38 -4.00646e-39 -1.62479e-38  9.71415e-40  6.13761e-39  -1.7276e-40 -1.11477e-39  2.02351e-41  9.35891e-41  -1.2288e-42 -3.45606e-42
-8.28957e-36 -2.39195e-51  3.25363e-35   9.0137e-49  7.74594e-35 -1.70886e-47 -8.45159e-35 -1.35443e-47 -2.62007e-34  1.66637e-46   5.7463e-34   5.8438e-46 -3.63429e-34 -2.02567e-45 -3.95818e-35 -2.99056e-44  2.32012e-34 -2.70237e-44 -2.04752e-34 -2.90864e-43  1.95319e-35 -3.30491e-43  9.29628e-35 -1.38485e-42  -4.3425e-35 -2.12937e-42 -7.53257e-35 -1.95024e-41  1.14518e-34  -9.0317e-43 -6.15099e-35 -3.70872e-41 -3.72685e-35 -9.70127e-41  2.37897e-35 -3.72625e-41 -2.88884e-36 -3.37655e-40 -3.61058e-36   1.0597e-40  1.79189e-36  -4.6374e-40  6.13064e-36  4.37661e-40 -2.88508e-36 -3.58225e-40  1.53234e-36 -5.89164e-40 -1.04555e-37 -2.67132e-40 -5.25333e-37  4.45849e-40  3.98448e-38 -3.70974e-41 -6.82611e-38  4.37161e-40 -2.27914e-37   3.5427e-41  1.29411e-36  5.85609e-40 -4.87007e-36  6.04583e-41  1.71945e-35 -1.19373e-40 -5.53141e-35 -5.43556e-41  1.64816e-34  1.65644e-40 -4.54571e-34 -5.75365e-40   1.1578e-33  1.52231e-39 -2.71534e-33 -3.69633e-39  5.84326e-33  8.58058e-39 -1.14895e-32 -1.86773e-38  2.05376e-32  3.83314e-38 -3.31673e-32 -7.40049e-38  4.80199e-32  1.34289e-37 -6.17176e-32 -2.28764e-37  6.95052e-32  3.65269e-37 -6.73536e-32 -5.45536e-37  5.46392e-32  7.60141e-37 -3.53834e-32 -9.85009e-37  1.64683e-32  1.18245e-36 -3.62952e-33 -1.30894e-36 -1.67391e-33  1.32893e-36  1.96245e-33 -1.22963e-36  -7.5426e-34  1.02925e-36  8.59181e-36 -7.72615e-37  1.04818e-34  5.14802e-37 -2.84073e-35 -3.00731e-37 -6.97523e-36  1.51698e-37  4.92932e-36 -6.48234e-38 -6.91418e-37  2.28858e-38 -6.96033e-39 -6.45098e-39 -2.16423e-38  1.38117e-39  9.66642e-39 -2.07301e-40 -1.09504e-39  1.87138e-41  5.51775e-41 -6.49533e-43
 1.77442e-50 -1.52077e-35 -4.60169e-49  2.24263e-35  5.48981e-48  9.90826e-35 -9.15092e-47 -6.49232e-35 -8.27034e-47 -3.08802e-34   5.8438e-46  6.67526e-34  1.61443e-45 -4.15174e-34 -8.99728e-45 -6.45873e-35  -1.1136e-43  2.79375e-34 -1.67872e-43  -2.1279e-34 -9.56863e-43 -1.89472e-35 -1.59698e-42  1.19095e-34 -4.75629e-42 -2.54931e-35 -9.98514e-42 -9.81548e-35 -6.19262e-41  1.32994e-34 -1.34979e-41 -7.29812e-35 -1.17489e-40 -4.85765e-35 -2.59323e-40  2.70105e-35 -1.67679e-40 -5.22213e-36 -9.54995e-40 -2.60316e-36  2.13856e-40  1.83755e-36  -1.1678e-39  7.47658e-36  9.94918e-40 -2.51428e-36  -1.0372e-39  1.23795e-36 -1.32953e-39  7.96797e-38 -6.54594e-40 -6.62289e-37  7.38049e-40 -2.22648e-37 -7.94108e-41  7.95759e-37  6.66058e-40  -3.8348e-36  1.42229e-40  1.53611e-35  1.02466e-39  -5.5165e-35  1.50551e-40  1.84212e-34 -1.72579e-40 -5.69878e-34 -1.98984e-40  1.63345e-33  6.57954e-40 -4.32893e-33 -1.87572e-39  1.05791e-32  4.71375e-39 -2.37636e-32 -1.09612e-38  4.88762e-32  2.42215e-38 -9.16191e-32 -5.04429e-38  1.55642e-31  9.93543e-38 -2.37956e-31  -1.8497e-37  3.24555e-31  3.25405e-37 -3.90445e-31 -5.40476e-37  4.07946e-31  8.46081e-37 -3.61978e-31 -1.24505e-36  2.63083e-31  1.71605e-36 -1.46039e-31 -2.20532e-36  5.09204e-32  2.62819e-36  4.26584e-34 -2.88661e-36 -1.32163e-32  2.90158e-36  7.89283e-33 -2.64861e-36 -1.47536e-33  2.17647e-36 -6.72841e-34 -1.59416e-36  4.22683e-34  1.02885e-36 -2.52885e-35 -5.77096e-37 -4.03067e-35  2.76607e-37  1.02927e-35  -1.1087e-37  3.88029e-37  3.61065e-38 -2.08944e-37 -9.17362e-39  -5.4566e-38   1.7091e-39  1.28002e-38 -2.09736e-40 -6.08778e-40   1.3349e-41  1.93072e-41
-3.47278e-37  1.51654e-49 -1.64892e-35 -5.04218e-48  3.03756e-36  2.76785e-47  1.14028e-34 -4.36653e-46 -4.45799e-35 -4.29542e-46 -3.63429e-34  1.61443e-45  7.73996e-34  2.43187e-45 -4.57254e-34 -3.83697e-44 -1.07885e-34 -4.04121e-43  3.30727e-34 -8.12686e-43 -2.06475e-34 -3.09517e-42 -6.48275e-35 -6.31969e-42  1.37679e-34 -1.56916e-41  7.69134e-37 -3.81812e-41 -1.13778e-34 -1.84099e-40  1.50644e-34 -6.60381e-41 -8.76151e-35 -3.42597e-40 -5.75125e-35 -6.51963e-40  2.77763e-35 -5.67831e-40 -8.43104e-36 -2.48619e-39 -6.39546e-37  3.61284e-40  8.96093e-37 -2.69683e-39  9.18405e-36  2.16828e-39  -1.8386e-36 -2.61939e-39  7.41074e-37  -2.7282e-39  2.43116e-37 -1.48473e-39 -3.65245e-37   1.1438e-39  -2.7219e-36 -1.74417e-40  1.10525e-35  9.35001e-40 -4.45514e-35  3.80235e-40  1.66279e-34  1.68492e-39 -5.74668e-34  2.95098e-40  1.84507e-33 -2.32668e-40 -5.49336e-33 -4.27595e-40  1.51391e-32  1.30172e-39 -3.85242e-32 -3.15439e-39  9.02525e-32  6.93174e-39 -1.93972e-31 -1.39996e-38  3.80824e-31   2.6931e-38  -6.7949e-31 -4.95035e-38  1.09491e-30  8.86579e-38  -1.5809e-30  -1.5696e-37  2.02488e-30   2.7696e-37 -2.27027e-30 -4.85008e-37  2.18687e-30  8.29782e-37 -1.75889e-30 -1.35879e-36  1.12347e-30  2.08919e-36 -5.08526e-31 -2.97036e-36  9.92998e-32  3.86059e-36  6.25066e-32 -4.54604e-36 -6.44732e-32  4.81317e-36  2.26733e-32  -4.5484e-36  1.12897e-33  3.80626e-36  -3.8963e-33 -2.79524e-36  1.00843e-33  1.78183e-36  1.96886e-34 -9.72489e-37 -1.30782e-34  4.46477e-37  7.31233e-36 -1.68407e-37  4.59714e-36  5.05011e-38 -2.11592e-37 -1.14686e-38 -1.37761e-37  1.82252e-39  9.94822e-39 -1.74077e-40  3.76997e-41  6.39414e-42
-3.81703e-50 -5.80909e-36  1.68973e-48 -1.15937e-35 -3.94125e-47 -2.44715e-35   1.1316e-46  1.31609e-34 -1.90416e-45 -3.38604e-35 -2.02567e-45 -4.15174e-34  2.43187e-45  8.84353e-34 -7.93457e-45 -4.89784e-34  -1.5789e-43 -1.65349e-34 -1.43496e-42  3.80224e-34  -3.3721e-42 -1.88409e-34  -9.9604e-42 -1.10513e-34 -2.18582e-41  1.48352e-34 -4.97604e-41  2.98828e-35 -1.27076e-40 -1.18865e-34 -5.13772e-40  1.68379e-34 -2.42378e-40 -1.04642e-34 -9.25664e-40 -6.27727e-35 -1.54276e-39  2.54648e-35 -1.64033e-39 -1.22625e-35  -6.0111e-39   2.1405e-36  4.68026e-40  -1.3856e-36 -5.76027e-39  1.13528e-35   4.5472e-39 -1.00536e-36 -5.93233e-39  3.12188e-37 -5.10487e-39  -7.5612e-37 -3.08883e-39  5.50496e-36   1.6894e-39 -2.98567e-35 -3.44809e-40  1.22179e-34  1.21341e-39 -4.70389e-34  8.68692e-40  1.68582e-33  2.55833e-39 -5.61386e-33  7.23893e-40  1.73539e-32  -1.0708e-39 -4.97058e-32  1.71575e-39   1.3162e-31  -5.2318e-39 -3.21343e-31  1.58942e-38  7.20994e-31 -4.38632e-38 -1.48089e-30  1.10685e-37  2.77138e-30 -2.54665e-37 -4.69865e-30  5.35863e-37  7.16612e-30 -1.03021e-36 -9.74439e-30  1.80589e-36  1.16772e-29  -2.8744e-36 -1.21381e-29  4.12652e-36  1.06936e-29 -5.28657e-36 -7.68823e-30  5.93668e-36  4.18599e-30 -5.64855e-36 -1.38584e-30  4.19951e-36 -8.44493e-32 -1.76614e-36  4.13612e-31 -1.04954e-36 -2.29555e-31  3.43574e-36  3.52817e-32 -4.74113e-36  2.38791e-32  4.77805e-36 -1.31229e-32 -3.86053e-36  6.33005e-34  2.56625e-36  1.17497e-33 -1.40728e-36 -2.42369e-34  6.30157e-37 -3.64183e-35 -2.25516e-37   1.0941e-35  6.22495e-38  8.11041e-37 -1.25041e-38 -2.12899e-37  1.64669e-39 -1.93774e-39 -1.12219e-40  2.07395e-40
 1.45607e-36 -3.04778e-49 -1.20532e-35  1.40894e-47 -1.77083e-36 -2.45784e-46  -6.0492e-35  3.51295e-46   1.5707e-34  -7.7441e-45 -3.95818e-35 -8.99728e-45 -4.57254e-34 -7.93457e-45  9.97365e-34 -9.53958e-44 -5.16982e-34 -6.23978e-43 -2.30994e-34 -4.97333e-42  4.17943e-34 -1.24525e-41 -1.63111e-34 -3.18246e-41 -1.49914e-34 -6.81203e-41  1.54944e-34 -1.51318e-40  5.45174e-35 -3.78849e-40 -1.11142e-34 -1.34906e-39  1.86513e-34  -7.5678e-40 -1.22154e-34 -2.33087e-39 -6.32345e-35 -3.44077e-39   1.9807e-35  -4.2314e-39 -1.62633e-35 -1.35932e-38  5.42505e-36  2.86522e-40 -5.11033e-36 -1.14673e-38  1.40364e-35  9.18445e-39 -6.38076e-37 -1.22544e-38  2.56566e-36 -8.70483e-39 -1.51926e-35 -5.89152e-39  7.23093e-35  2.43171e-39 -3.15583e-34 -5.69561e-40  1.25609e-33  1.41913e-39 -4.66255e-33  1.95144e-39  1.61022e-32  2.98616e-39 -5.16583e-32  3.78747e-39  1.53703e-31  -1.0164e-38 -4.23271e-31  2.83235e-38  1.07614e-30 -7.98825e-38 -2.51851e-30  2.12061e-37   5.4061e-30 -5.23466e-37 -1.05981e-29  1.20141e-36  1.88761e-29   -2.559e-36 -3.03503e-29  5.05156e-36  4.37036e-29 -9.22264e-36 -5.57869e-29  1.55332e-35  6.22707e-29 -2.40578e-35 -5.96227e-29  3.41277e-35  4.75362e-29 -4.41179e-35 -2.99308e-29   5.1634e-35  1.31435e-29 -5.42314e-35 -2.19566e-30  5.04823e-35 -1.93237e-30 -4.08525e-35  1.78552e-30  2.77771e-35 -5.77086e-31 -1.47151e-35 -6.11402e-32  4.64418e-36  1.13771e-31  1.11271e-36 -2.64262e-32 -3.05508e-36 -6.19812e-33  2.72534e-36  3.46225e-33 -1.66011e-36 -5.33538e-35  7.58957e-37 -1.57142e-34 -2.62797e-37  8.25305e-36   6.6974e-38  3.20543e-36 -1.17391e-38 -1.21912e-37  1.22421e-39 -1.25778e-38  -4.8848e-41
 9.82841e-49  4.34339e-36 -3.02297e-48 -1.51058e-35  8.69821e-47  1.23798e-35 -1.28296e-45 -1.02979e-34  5.69772e-46  1.90907e-34 -2.99056e-44 -6.45873e-35 -3.83697e-44 -4.89784e-34 -9.53958e-44    1.118e-33 -5.65695e-43 -5.42019e-34 -2.34839e-42 -2.98234e-34 -1.67133e-41  4.32234e-34  -4.1718e-41 -1.37637e-34  -9.9798e-41 -1.80267e-34 -1.94602e-40   1.6403e-34  -4.3971e-40  6.72788e-35 -1.02744e-39 -8.94027e-35 -3.33971e-39  2.04317e-34 -2.10463e-39 -1.37539e-34 -5.49737e-39 -5.81329e-35 -7.24733e-39  1.08922e-35 -9.97063e-39 -1.97667e-35 -2.89157e-38    8.791e-36 -7.41495e-40 -1.01764e-35 -2.14331e-38  1.80464e-35  1.78461e-38  -6.3576e-36  -2.3361e-38  3.51837e-35 -1.34543e-38  -1.7246e-34 -1.03272e-38  7.66396e-34  3.47588e-39 -3.17083e-33 -6.52983e-40  1.21935e-32  1.10086e-39 -4.36536e-32  5.36959e-39  1.45292e-31 -2.30588e-39 -4.48867e-31  2.63788e-38  1.28479e-30 -7.82896e-38 -3.39941e-30  2.21827e-37  8.29165e-30 -5.96068e-37 -1.85832e-29  1.49973e-36  3.81181e-29 -3.52069e-36 -7.12215e-29  7.70393e-36  1.20516e-28 -1.56883e-35 -1.83365e-28  2.96792e-35  2.48591e-28 -5.20494e-35 -2.96754e-28  8.44065e-35  3.06889e-28 -1.26193e-34 -2.68425e-28  1.73321e-34  1.90855e-28 -2.17764e-34 -1.01821e-28  2.49003e-34  3.17926e-29 -2.57485e-34  3.92798e-30  2.38856e-34  -1.0964e-29 -1.96679e-34  5.67877e-30  1.41642e-34  -6.9304e-31 -8.72299e-35 -6.82921e-31  4.41678e-35   3.3367e-31   -1.685e-35 -7.20498e-33   3.4816e-36 -3.14585e-32  9.52387e-37  5.44399e-33 -1.35341e-36   1.2046e-33  7.38266e-37  -2.9203e-34 -2.60327e-37 -2.31861e-35  6.19488e-38  4.86164e-36 -9.30003e-39  1.69117e-37  7.07757e-40 -8.80843e-39
 1.74828e-36  9.00278e-48  5.01056e-36 -2.59624e-47 -1.39105e-35  4.12188e-46  2.94051e-35 -5.79319e-45 -1.45903e-34 -2.16986e-45  2.32012e-34  -1.1136e-43 -1.07885e-34  -1.5789e-43 -5.16982e-34 -5.65695e-43  1.25175e-33 -2.63234e-42 -5.63916e-34 -8.35117e-42 -3.60453e-34 -5.40376e-41  4.13909e-34 -1.28224e-40 -1.21588e-34 -3.02905e-40 -2.03002e-34 -5.15076e-40  1.82316e-34 -1.21694e-39  6.23391e-35 -2.55818e-39  -5.3499e-35 -7.80868e-39  2.20079e-34  -5.3329e-39 -1.48196e-34 -1.21962e-38 -4.72919e-35 -1.44559e-38 -9.24006e-37 -2.17467e-38 -2.19459e-35 -5.81394e-38  1.20766e-35 -3.65939e-39 -1.79862e-35 -3.78885e-38  3.43361e-35   3.3288e-38 -7.72808e-35   -4.146e-38  3.85086e-34 -1.85927e-38 -1.77268e-33 -1.66599e-38  7.58133e-33  4.86791e-39 -3.02165e-32   3.8967e-40   1.1212e-31 -2.63761e-39 -3.87009e-31  2.13739e-38  1.24094e-30 -4.61262e-38    -3.69e-30   1.6881e-37  1.01543e-29 -4.93429e-37  -2.5795e-29  1.35549e-36  6.03076e-29 -3.49548e-36 -1.29299e-28  8.43398e-36  2.53113e-28 -1.90061e-35 -4.50032e-28  3.99508e-35  7.22058e-28 -7.82032e-35   -1.037e-27   1.4229e-34  1.31927e-27 -2.40115e-34 -1.46614e-27  3.74845e-34  1.39536e-27 -5.39744e-34 -1.10268e-27  7.14379e-34  6.84096e-28 -8.65605e-34 -2.90783e-28  9.55635e-34  3.95319e-29 -9.55815e-34  5.04372e-29  8.60123e-34 -4.23655e-29 -6.90422e-34  1.25467e-29  4.88912e-34  2.09905e-30 -3.00904e-34 -2.79827e-30  1.57519e-34  5.71223e-31 -6.77339e-35  1.72776e-31  2.23524e-35 -8.13318e-32 -4.66352e-36 -1.11377e-33 -4.34243e-38  4.02759e-33  4.87911e-37 -1.45635e-34 -2.09042e-37 -8.16204e-35   4.8076e-38   1.9705e-36 -6.01236e-39   3.5758e-37  2.76114e-40
-2.09859e-48   5.0272e-36  5.72258e-47  1.66548e-36 -1.82859e-46 -9.03185e-36  1.48815e-45   4.4837e-35 -2.32435e-44 -1.81711e-34 -2.70237e-44  2.79375e-34 -4.04121e-43 -1.65349e-34 -6.23978e-43 -5.42019e-34 -2.63234e-42  1.40078e-33  -1.0581e-41  -5.7859e-34 -2.79083e-41  -4.1087e-34 -1.66939e-40  3.60223e-34 -3.64135e-40 -1.25555e-34 -8.79853e-40 -2.23382e-34 -1.27198e-39  2.13975e-34 -3.19966e-39  3.65472e-35 -5.88083e-39 -4.46256e-36 -1.72724e-38  2.31602e-34 -1.24762e-38 -1.52314e-34 -2.55448e-38 -3.12912e-35 -2.73975e-38  -1.5094e-35 -4.42793e-38 -2.24071e-35 -1.10936e-37  1.87083e-35 -1.01455e-38 -4.99567e-35 -6.38229e-38  1.82494e-34  5.94662e-38 -8.17795e-34 -6.89746e-38  3.88856e-33 -2.22661e-38 -1.72239e-32 -2.45707e-38  7.10925e-32  5.71837e-39 -2.73366e-31  7.67263e-39  9.78302e-31 -2.68137e-38 -3.25454e-30  1.07044e-37  1.00491e-29 -3.07006e-37 -2.87451e-29  9.55846e-37  7.59983e-29 -2.70191e-36 -1.85203e-28  7.16006e-36  4.14631e-28 -1.77772e-35 -8.49405e-28  4.12903e-35  1.58461e-27 -8.95869e-35  -2.6763e-27  1.81311e-34   4.0625e-27 -3.41699e-34 -5.49143e-27   5.9847e-34  6.53051e-27 -9.71919e-34 -6.71921e-27  1.45971e-33  5.83467e-27 -2.02136e-33 -4.10192e-27  2.57186e-33  2.14226e-27 -2.99455e-33 -6.26112e-28  3.17583e-33 -1.24193e-28 -3.05091e-33  2.50417e-28  2.63749e-33 -1.21315e-28 -2.03554e-33  1.08574e-29  1.38867e-33  1.65478e-29 -8.26862e-34 -7.25126e-30  4.22468e-34 -7.03486e-32 -1.80759e-34  7.35163e-31  6.23151e-35 -1.06438e-31 -1.60944e-35 -3.14294e-32  2.55859e-36  6.30764e-33 -1.77868e-40  6.52827e-34 -1.19902e-37 -1.07337e-34  3.00096e-38 -4.86548e-36 -2.98001e-39  1.94743e-37
  -2.008e-36 -1.89914e-47  9.57118e-36  2.93263e-46  -5.4779e-36 -1.07789e-45 -2.02816e-37  3.63625e-45  5.17739e-35 -8.49955e-44 -2.04752e-34 -1.67872e-43  3.30727e-34 -1.43496e-42 -2.30994e-34 -2.34839e-42 -5.63916e-34  -1.0581e-41  1.56405e-33 -3.81449e-41 -5.82895e-34 -8.73823e-41 -4.42431e-34 -4.90274e-40   2.7685e-34 -9.59835e-40 -1.58264e-34 -2.42823e-39  -2.4862e-34 -2.94428e-39  2.58842e-34 -7.97979e-39 -9.99673e-36 -1.25222e-38  5.53018e-35 -3.62011e-38  2.36968e-34 -2.71818e-38 -1.49524e-34  -5.0662e-38 -1.15607e-35 -4.95294e-38 -3.00954e-35 -8.46577e-38 -2.71127e-35 -2.01553e-37  7.01069e-35 -2.25416e-38  -3.3786e-34 -1.03216e-37   1.6741e-33  1.01526e-37 -8.11697e-33 -1.08116e-37  3.72192e-32 -2.14122e-38 -1.59109e-31 -3.16979e-38  6.33837e-31 -7.40773e-40 -2.35117e-30  4.80106e-38   8.1123e-30 -1.62037e-37 -2.59992e-29  5.54134e-37  7.72655e-29 -1.66579e-36 -2.12478e-28  4.88079e-36   5.3932e-28 -1.33165e-35 -1.25969e-27  3.40485e-35  2.69766e-27 -8.15222e-35 -5.27361e-27  1.82551e-34  9.36072e-27 -3.81777e-34 -1.49879e-26  7.44513e-34  2.14698e-26  -1.3514e-33 -2.72241e-26  2.27844e-33  3.01235e-26 -3.55958e-33 -2.84976e-26  5.13901e-33  2.23197e-26 -6.83481e-33 -1.36379e-26  8.34427e-33  5.59788e-27 -9.31279e-33 -5.69119e-28  9.45666e-33 -1.13276e-27 -8.68873e-33  8.74572e-28  7.17626e-33 -2.35845e-28 -5.28651e-33 -5.63015e-29  3.44051e-33  5.95175e-29 -1.95463e-33  -1.0496e-29  9.54458e-34 -4.13844e-30  -3.9222e-34  1.66763e-30  1.31539e-34  7.03502e-32 -3.42664e-35 -8.80322e-32  6.30412e-36  1.60356e-33 -6.22256e-37  1.84419e-33 -2.26339e-38 -2.65633e-35  1.38454e-38 -7.96853e-36 -9.73466e-40
-2.41068e-49 -4.61773e-36 -1.28429e-46  1.39994e-35   1.2722e-45 -1.54946e-35 -5.47831e-45   1.4255e-35  1.45615e-45  4.40635e-35 -2.90864e-43  -2.1279e-34 -8.12686e-43  3.80224e-34 -4.97333e-42 -2.98234e-34 -8.35117e-42  -5.7859e-34 -3.81449e-41  1.74022e-33 -1.25709e-40 -5.78582e-34 -2.56036e-40  -4.4844e-34 -1.36432e-39  1.77067e-34 -2.35516e-39 -2.23659e-34 -6.34329e-39 -2.84705e-34 -6.40727e-39  3.12012e-34 -1.88624e-38 -7.37911e-35 -2.47275e-38  1.21948e-34 -7.20058e-38  2.35307e-34 -5.54866e-38  -1.4105e-34 -9.53701e-38  8.38023e-36 -8.57771e-38 -3.35645e-35 -1.52605e-37 -1.09572e-34 -3.49625e-37  5.95913e-34 -4.36456e-38  -3.1984e-33 -1.61387e-37  1.61644e-32  1.65323e-37 -7.66285e-32  -1.6001e-37  3.39227e-31  -1.3244e-38 -1.39983e-30 -2.67779e-38  5.38089e-30 -5.21636e-38 -1.92498e-29  2.55958e-37  6.40109e-29 -8.52432e-37 -1.97546e-28  2.74083e-36  5.64727e-28 -8.13462e-36 -1.49198e-27    2.289e-35  3.63275e-27 -6.03058e-35 -8.12462e-27  1.48867e-34  1.66235e-26 -3.43992e-34 -3.09657e-26  7.43114e-34  5.22038e-26 -1.49857e-33 -7.90635e-26  2.81636e-33  1.06567e-25 -4.92317e-33 -1.26259e-25  7.98713e-33  1.29254e-25  -1.1996e-32 -1.11429e-25  1.66316e-32  7.74427e-26 -2.12166e-32 -3.95551e-26  2.48111e-32  1.07227e-26 -2.64849e-32  3.10077e-27  2.56809e-32 -5.00055e-27 -2.24915e-32  2.26846e-27  1.76743e-32  -1.2509e-28 -1.23637e-32 -3.47477e-28  7.62602e-33  1.37292e-28 -4.09867e-33  6.07066e-30  1.89058e-33 -1.50315e-29 -7.33453e-34  1.78321e-30  2.32601e-34  7.00302e-31 -5.77589e-35 -1.17527e-31   1.0442e-35 -1.55813e-32 -1.18171e-36  2.06346e-33  4.84838e-38  1.16084e-34  3.74092e-39 -3.57985e-36
  -7.381e-38   7.5183e-48 -6.05353e-36 -7.55718e-46  1.65486e-35  4.70289e-45 -2.72997e-35 -2.46923e-44   3.5773e-35 -4.55155e-44  1.95319e-35 -9.56863e-43 -2.06475e-34  -3.3721e-42  4.17943e-34 -1.67133e-41 -3.60453e-34 -2.79083e-41 -5.82895e-34 -1.25709e-40   1.9304e-33 -3.83024e-40 -5.73454e-34 -7.02013e-40 -4.24101e-34 -3.59077e-39   7.8463e-35 -5.38769e-39 -3.19251e-34 -1.56628e-38 -3.32979e-34 -1.31326e-38   3.6489e-34  -4.2252e-38 -1.48204e-34 -4.52402e-38  1.90455e-34 -1.36147e-37  2.27118e-34 -1.06611e-37 -1.27316e-34 -1.70724e-37  7.12365e-36 -1.42953e-37  1.01236e-34 -2.60125e-37 -1.02655e-33 -5.80301e-37  5.82498e-33  -7.6202e-38 -3.06491e-32 -2.45356e-37  1.50533e-31  2.55993e-37 -6.89949e-31 -2.22018e-37  2.94876e-30 -4.11827e-39 -1.17438e-29  4.35125e-38  4.35485e-29 -3.35186e-37 -1.50198e-28  1.26713e-36  4.81151e-28 -4.12747e-36 -1.42913e-27  1.27447e-35  3.92753e-27 -3.67821e-35 -9.96137e-27  9.98941e-35  2.32456e-26 -2.54275e-34 -4.97265e-26  6.06266e-34  9.70809e-26 -1.35249e-33 -1.72042e-25  2.81919e-33  2.74917e-25 -5.48215e-33 -3.92828e-25  9.92729e-33  4.96511e-25 -1.67059e-32 -5.47047e-25  2.60644e-32  5.14442e-25 -3.76019e-32 -3.99312e-25  5.00088e-32  2.40208e-25  -6.1104e-32 -9.49609e-26  6.83261e-32  6.04983e-27 -6.96097e-32  2.22297e-26  6.42849e-32 -1.59088e-26 -5.34999e-32  3.87162e-27  3.98501e-32  1.25766e-27 -2.63527e-32 -1.11171e-27  1.53216e-32  1.65613e-28 -7.73819e-33  8.60679e-29  3.34309e-33 -3.00594e-29 -1.21044e-33  -2.1737e-30  3.56936e-34   1.6844e-30 -8.21393e-35 -1.03579e-33  1.37642e-35 -3.63459e-32 -1.47659e-36   1.6904e-34  7.39271e-38  1.56425e-34 -3.30416e-41
 3.64433e-48 -6.73066e-37  1.10124e-46 -4.22397e-36 -4.06616e-45  1.53663e-35  1.43398e-44 -3.91672e-35 -1.01194e-43  6.33592e-35 -3.30491e-43 -1.89472e-35 -3.09517e-42 -1.88409e-34 -1.24525e-41  4.32234e-34 -5.40376e-41  -4.1087e-34 -8.73823e-41 -5.78582e-34 -3.83024e-40   2.1385e-33 -1.08694e-39 -5.78851e-34 -1.80218e-39 -3.68365e-34 -8.93069e-39 -1.68122e-36  -1.1494e-38 -4.36284e-34 -3.65545e-38 -3.88026e-34 -2.53744e-38  4.07346e-34 -8.97134e-38 -2.24326e-34 -7.63978e-38  2.55644e-34 -2.45148e-37  2.10993e-34 -1.93508e-37 -8.21224e-35 -2.91002e-37 -2.21987e-34 -2.30275e-37  1.64927e-33 -4.20173e-37 -1.01504e-32 -9.23115e-37  5.54997e-32 -1.22212e-37 -2.82404e-31 -3.63672e-37  1.34032e-30  3.73865e-37 -5.93223e-30 -2.76527e-37  2.44737e-29 -5.19766e-38 -9.40495e-29  4.27646e-37  3.36341e-28 -1.71134e-36 -1.11797e-27  5.91079e-36  3.44854e-27 -1.87127e-35 -9.85275e-27  5.57977e-35  2.60128e-26 -1.56004e-34 -6.32858e-26  4.09509e-34  1.41401e-25 -1.00746e-33 -2.88976e-25   2.3206e-33   5.3753e-25 -4.99842e-33 -9.04613e-25  1.00529e-32  1.36706e-24 -1.88468e-32 -1.83749e-24  3.28723e-32  2.16911e-24 -5.32248e-32 -2.20953e-24  7.97997e-32  1.89112e-24 -1.10475e-31 -1.29911e-24  1.40768e-31  6.48299e-25 -1.64495e-31 -1.61156e-25  1.75555e-31 -6.47753e-26 -1.70317e-31  8.83472e-26  1.49404e-31 -3.75409e-26 -1.17777e-31  6.88459e-28  8.28433e-32  6.41763e-27 -5.15596e-32 -2.29295e-27   2.8109e-32 -1.88645e-28 -1.32577e-32  2.71606e-28  5.32422e-33 -2.54845e-29 -1.78205e-33  -1.3618e-29  4.82277e-34  1.91419e-30  -1.0081e-34  3.20262e-31  1.51015e-35 -3.45339e-32 -1.41128e-36 -2.42519e-33  5.92717e-38  5.79468e-35
 1.06154e-36  1.52136e-47 -2.84837e-36  8.69428e-46  2.33478e-36 -2.02498e-44  8.67639e-36  3.17683e-44 -4.82001e-35 -3.85183e-43  9.29628e-35 -1.59698e-42 -6.48275e-35  -9.9604e-42 -1.63111e-34  -4.1718e-41  4.13909e-34 -1.66939e-40 -4.42431e-34 -2.56036e-40 -5.73454e-34 -1.08694e-39  2.36854e-33 -2.88755e-39 -6.04792e-34 -4.33517e-39 -2.85177e-34 -2.09851e-38 -5.08855e-35 -2.28441e-38 -5.61398e-34 -8.06921e-38 -4.38111e-34 -4.62159e-38   4.3041e-34 -1.80656e-37 -2.92973e-34 -1.18095e-37  3.18006e-34 -4.21218e-37  1.45515e-34 -3.32811e-37  3.08314e-34 -4.72659e-37 -2.73125e-33  -3.5995e-37  1.69026e-32 -6.44144e-37 -9.60929e-32 -1.40894e-36  5.06577e-31 -1.82713e-37 -2.48957e-30 -5.23528e-37  1.14102e-29  5.00045e-37 -4.87561e-29 -2.40204e-37  1.94128e-28 -4.57029e-37 -7.19654e-28  2.23937e-36  2.48119e-27 -7.93858e-36 -7.94496e-27  2.61153e-35  2.35864e-26 -8.01498e-35 -6.47811e-26  2.31181e-34  1.64186e-25 -6.25635e-34 -3.82811e-25  1.58817e-33  8.18055e-25 -3.77694e-33 -1.59508e-24  8.40516e-33  2.82239e-24 -1.74791e-32 -4.50147e-24  3.39129e-32  6.41661e-24 -6.12764e-32  -8.0849e-24  1.02896e-31  8.87056e-24 -1.60195e-31 -8.29277e-24  2.30613e-31  6.37909e-24 -3.06045e-31 -3.77639e-24  3.73132e-31  1.43366e-24 -4.16325e-31 -3.07198e-26  4.23239e-31 -3.85897e-25 -3.90087e-31  2.57648e-25  3.24111e-31 -5.59036e-26 -2.41195e-31 -2.41571e-26  1.59564e-31  1.84448e-26  -9.3022e-32 -2.24591e-27  4.72908e-32 -1.57438e-27 -2.06961e-32  4.80598e-28  7.66772e-33  5.04501e-29 -2.35064e-33 -2.85432e-29  5.76755e-34 -4.88551e-31 -1.07523e-34  6.33111e-31  1.39388e-35  3.33558e-33  -1.0547e-36 -2.73907e-33   2.8114e-38
 -4.4052e-47  2.52212e-36  7.53041e-48 -7.35167e-36  4.97901e-45  1.41733e-35 -9.33354e-44 -4.72673e-36  1.80355e-44  -5.0679e-35 -1.38485e-42  1.19095e-34 -6.31969e-42 -1.10513e-34 -3.18246e-41 -1.37637e-34 -1.28224e-40  3.60223e-34 -4.90274e-40  -4.4844e-34 -7.02013e-40 -5.78851e-34 -2.88755e-39   2.6203e-33 -7.20806e-39 -6.55271e-34 -9.77973e-39 -1.83375e-34 -4.65931e-38 -6.45319e-35 -4.21775e-38 -6.78992e-34 -1.68647e-37 -4.68378e-34 -7.92647e-38  4.29421e-34 -3.45244e-37 -3.53457e-34 -1.64245e-37   4.3853e-34 -6.92256e-37 -4.37515e-34 -5.43804e-37  4.20015e-33 -7.31694e-37 -2.71375e-32 -5.47697e-37  1.59258e-31 -9.38399e-37 -8.69675e-31 -2.06425e-36  4.42583e-30 -2.60506e-37 -2.10041e-29 -7.16093e-37  9.29485e-29  5.36711e-37 -3.83381e-28  2.61023e-37   1.4729e-27  -2.5811e-36 -5.26576e-27  1.02508e-35  1.74965e-26  -3.4616e-35 -5.39462e-26  1.09764e-34  1.54047e-25 -3.26338e-34 -4.06451e-25  9.11089e-34  9.88094e-25 -2.38631e-33 -2.20571e-24   5.8592e-33  4.50276e-24 -1.34705e-32 -8.36439e-24  2.89605e-32   1.4053e-23 -5.81372e-32 -2.11927e-23  1.08787e-31   2.8409e-23 -1.89374e-31 -3.34172e-23  3.05988e-31  3.38741e-23 -4.57745e-31 -2.87853e-23  6.32157e-31  1.95427e-23 -8.03318e-31 -9.51857e-24  9.35851e-31  2.13834e-24 -9.95333e-31  1.16752e-24  9.61873e-31 -1.39444e-24 -8.40094e-31   5.5479e-25  6.59109e-31  1.19575e-26 -4.61316e-31 -1.05434e-25  2.85759e-31  3.40979e-26 -1.55224e-31  4.24979e-27  7.31344e-32 -4.37757e-27 -2.94865e-32  3.05985e-28  9.99542e-33  2.34245e-28 -2.77903e-33 -2.73948e-29  6.10281e-34 -5.78239e-30 -9.94826e-35  5.08519e-31  1.07471e-35  4.46309e-32 -5.95564e-37 -8.25473e-34
