 3.06184e-05 -6.40439e-22 -0.000257509  1.22608e-20  0.000616662 -6.69607e-20 -0.000508006  1.79791e-19   3.0127e-06 -2.17357e-19  9.26289e-05  6.21289e-20   1.7851e-05  6.44494e-20 -3.37965e-06 -4.61252e-20 -1.59917e-06  1.31202e-20 -1.90559e-07 -1.95182e-21 -5.66404e-09
-6.40439e-22  0.000403049 -6.77058e-21   -0.0017771  8.16927e-20   0.00280092  -3.6026e-19  -0.00128298  8.17288e-19 -0.000452489 -7.68325e-19  0.000163328  9.96918e-20  8.97308e-05  1.83293e-19  1.09929e-05  -7.0733e-20 -8.35086e-07  1.16702e-20 -2.33147e-07  2.13237e-22
-0.000257509 -6.77058e-21   0.00245081 -3.27677e-20  -0.00689199   2.7971e-19   0.00724938 -1.13876e-18  -0.00112505  2.30286e-18  -0.00153249 -1.65891e-18 -9.83611e-05   1.5492e-20  0.000126838  2.95301e-19  3.54517e-05 -5.08358e-20   3.1233e-06  4.14004e-21  3.86716e-08
 1.22608e-20   -0.0017771 -3.27677e-20   0.00917129 -7.36924e-20   -0.0178724  5.00156e-19    0.0120935  -2.4837e-18   0.00178253  4.70547e-18  -0.00233863 -2.47046e-18 -0.000766318 -2.04222e-19  -5.5758e-06  3.33204e-19  2.95046e-05 -1.35371e-20  3.89902e-06  1.87422e-21
 0.000616662  8.16927e-20  -0.00689199 -7.36924e-20    0.0237838  3.01607e-20    -0.033495  8.11498e-20    0.0126825 -4.07011e-18    0.0073667  7.48084e-18  -0.00135034 -2.53143e-18  -0.00123308 -3.50076e-19 -0.000222947  3.16807e-19 -7.27748e-06  1.91858e-21  8.17817e-07
-6.69607e-20   0.00280092   2.7971e-19   -0.0178724  3.01607e-20    0.0457766  7.96113e-19    -0.047484 -2.18026e-18   0.00527273 -5.43566e-18    0.0123485  9.64544e-18   0.00164742 -1.46232e-18 -0.000809894 -1.14842e-19 -0.000268489   2.8751e-19 -2.44644e-05 -2.59211e-21
-0.000508006  -3.6026e-19   0.00724938  5.00156e-19    -0.033495  7.96113e-19    0.0687617  3.04275e-18     -0.05247 -7.02195e-18   -0.0089156  -6.4983e-18    0.0125521  1.03792e-17   0.00465929  4.37971e-19  0.000253823  5.16468e-19 -0.000102598  2.18969e-19 -1.06681e-05
 1.79791e-19  -0.00128298 -1.13876e-18    0.0120935  8.11498e-20    -0.047484  3.04275e-18    0.0844664  7.23349e-18   -0.0459112 -1.34025e-17     -0.02419 -7.41528e-18     0.006633  9.60469e-18   0.00521053  2.40596e-18  0.000945509  1.07662e-18  4.40804e-05  9.75991e-20
  3.0127e-06  8.17288e-19  -0.00112505  -2.4837e-18    0.0126825 -2.18026e-18     -0.05247  7.23349e-18    0.0894718  1.25366e-17   -0.0311035  -1.8596e-17   -0.0344265 -7.82373e-18  -0.00257431  8.09574e-18    0.0029148  3.69862e-18  0.000761721  1.06443e-18  4.65075e-05
-2.17357e-19 -0.000452489  2.30286e-18   0.00178253 -4.07011e-18   0.00527273 -7.02195e-18   -0.0459112  1.25366e-17    0.0871937  1.66538e-17   -0.0128571 -2.00391e-17    -0.035971   -6.722e-18    -0.009942  6.91266e-18 -0.000108744  3.85633e-18  0.000220019  5.53108e-19
 9.26289e-05 -7.68325e-19  -0.00153249  4.70547e-18    0.0073667 -5.43566e-18   -0.0089156 -1.34025e-17   -0.0311035  1.66538e-17     0.083913   1.7203e-17   0.00631847 -1.69845e-17   -0.0281592 -3.44117e-18   -0.0115892  6.41619e-18  -0.00153795  2.86985e-18 -3.97604e-05
 6.21289e-20  0.000163328 -1.65891e-18  -0.00233863  7.48084e-18    0.0123485  -6.4983e-18     -0.02419  -1.8596e-17   -0.0128571   1.7203e-17    0.0840748  1.39853e-17    0.0255995 -1.03975e-17   -0.0136577  1.33026e-18  -0.00778118  5.82726e-18  -0.00114281  1.33956e-18
  1.7851e-05  9.96918e-20 -9.83611e-05 -2.47046e-18  -0.00135034  9.64544e-18    0.0125521 -7.41528e-18   -0.0344265 -2.00391e-17   0.00631847  1.39853e-17    0.0880747  9.88542e-18    0.0424641 -2.11952e-18    0.0013647  5.46698e-18  -0.00252416    4.212e-18 -0.000322476
 6.44494e-20  8.97308e-05   1.5492e-20 -0.000766318 -2.53143e-18   0.00164742  1.03792e-17     0.006633 -7.82373e-18    -0.035971 -1.69845e-17    0.0255995  9.88542e-18    0.0917751  8.51123e-18    0.0513429  5.25512e-18    0.0100858  6.71101e-18  0.000408389  1.90712e-18
-3.37965e-06  1.83293e-19  0.000126838 -2.04222e-19  -0.00123308 -1.46232e-18   0.00465929  9.60469e-18  -0.00257431   -6.722e-18   -0.0281592 -1.03975e-17    0.0424641  8.51123e-18    0.0880679  1.02728e-17    0.0475634  8.86446e-18    0.0102598  4.79869e-18  0.000662276
-4.61252e-20  1.09929e-05  2.95301e-19  -5.5758e-06 -3.50076e-19 -0.000809894  4.37971e-19   0.00521053  8.09574e-18    -0.009942 -3.44117e-18   -0.0136577 -2.11952e-18    0.0513429  1.02728e-17    0.0721598  1.17684e-17    0.0331807  7.73583e-18   0.00573368   1.8976e-18
-1.59917e-06  -7.0733e-20  3.54517e-05  3.33204e-19 -0.000222947 -1.14842e-19  0.000253823  2.40596e-18    0.0029148  6.91266e-18   -0.0115892  1.33026e-18    0.0013647  5.25512e-18    0.0475634  1.17684e-17    0.0472886  9.95586e-18    0.0166878  4.11665e-18   0.00173104
 1.31202e-20 -8.35086e-07 -5.08358e-20  2.95046e-05  3.16807e-19 -0.000268489  5.16468e-19  0.000945509  3.69862e-18 -0.000108744  6.41619e-18  -0.00778118  5.46698e-18    0.0100858  8.86446e-18    0.0331807  9.95586e-18    0.0232888  5.70326e-18    0.0055975  1.19894e-18
-1.90559e-07  1.16702e-20   3.1233e-06 -1.35371e-20 -7.27748e-06   2.8751e-19 -0.000102598  1.07662e-18  0.000761721  3.85633e-18  -0.00153795  5.82726e-18  -0.00252416  6.71101e-18    0.0102598  7.73583e-18    0.0166878  5.70326e-18   0.00799191  2.03646e-18   0.00105196
-1.95182e-21 -2.33147e-07  4.14004e-21  3.89902e-06  1.91858e-21 -2.44644e-05  2.18969e-19  4.40804e-05  1.06443e-18  0.000220019  2.86985e-18  -0.00114281    4.212e-18  0.000408389  4.79869e-18   0.00573368  4.11665e-18    0.0055975  2.03646e-18   0.00169047  3.74341e-19
-5.66404e-09  2.13237e-22  3.86716e-08  1.87422e-21  8.17817e-07 -2.59211e-21 -1.06681e-05  9.75991e-20  4.65075e-05  5.53108e-19 -3.97604e-05  1.33956e-18 -0.000322476  1.90712e-18  0.000662276   1.8976e-18   0.00173104  1.19894e-18   0.00105196  3.74341e-19  0.000165074
