 1.28325e-33  1.09623e-36 -1.22624e-34  -7.9086e-36  1.75187e-34 -1.47994e-36    1.124e-33  5.10925e-36 -6.49288e-34 -1.49567e-35 -2.22263e-35  9.10951e-36  2.67671e-34  4.77066e-36 -1.97101e-34 -3.28527e-36  7.67708e-34 -3.68899e-37  -6.1407e-33 -3.90329e-37  4.36316e-32 -6.08615e-37 -2.69152e-31 -1.30245e-37  1.45796e-30 -2.04504e-37 -6.97228e-30  2.49308e-37  2.95485e-29 -2.93681e-38 -1.11269e-28  2.72808e-38  3.72892e-28   4.0535e-38 -1.11285e-27 -1.77338e-37  2.95641e-27  6.52791e-37 -6.98146e-27 -2.12953e-36  1.46159e-26  6.09837e-36 -2.70146e-26 -1.50826e-35  4.38143e-26   3.0746e-35 -6.18032e-26 -4.47072e-35  7.48238e-26  1.10785e-35 -7.61536e-26   2.1569e-34  6.28565e-26  -9.9076e-34 -3.90425e-26  3.02368e-33   1.4475e-26 -7.48704e-33  1.54108e-27  1.59459e-32 -6.18832e-27 -2.99413e-32  3.67436e-27  5.01741e-32 -2.34475e-28 -7.55165e-32 -9.63467e-28  1.02404e-31  4.82526e-28 -1.25244e-31  7.63412e-29  1.38087e-31   -1.416e-28 -1.36996e-31  1.68845e-29  1.21906e-31  2.71857e-29 -9.68242e-32 -7.21747e-30  6.81375e-32 -4.32313e-30 -4.19958e-32   1.4796e-30  2.22182e-32  6.45395e-31 -9.68294e-33 -2.05643e-31  3.10666e-33 -9.16685e-32 -3.78731e-34  1.83643e-32 -3.81759e-34  1.12632e-32  3.86842e-34 -6.11665e-34 -2.25467e-34 -1.00655e-33  9.87244e-35 -8.10853e-35 -3.39752e-35  5.25091e-35  9.03785e-36  1.18984e-35 -1.71914e-36 -8.37972e-37  1.74961e-37  -5.5677e-37  1.31071e-38 -5.11598e-38 -8.16018e-39   7.7462e-39  1.17498e-39  1.90089e-39  4.48991e-42  9.51129e-41 -2.43088e-41 -1.08572e-41   2.7794e-42 -1.62292e-42  2.24482e-44 -4.83567e-44 -2.29723e-44  9.92765e-46  1.03854e-45  6.73011e-47   1.9441e-48
 1.09623e-36  3.67478e-33  5.50377e-36 -6.74651e-34 -2.70802e-35  -2.6854e-34   -8.373e-36  1.52896e-33  4.36554e-36 -9.14751e-34   -2.897e-35  3.26031e-35  1.80193e-35  7.60643e-34  1.03185e-35 -3.62264e-33 -7.50169e-36  3.02755e-32 -3.20896e-37  -2.2977e-31 -1.67662e-36  1.51894e-30 -1.17607e-36 -8.79012e-30 -4.01784e-37  4.48066e-29 -4.60291e-37 -2.02075e-28  5.17143e-37  8.08901e-28  2.30909e-38 -2.88015e-27 -8.80911e-38  9.13175e-27   8.8465e-37 -2.57854e-26 -3.61098e-36  6.47874e-26   1.3313e-35 -1.44556e-25 -4.40156e-35  2.85469e-25  1.30264e-34 -4.96459e-25 -3.43161e-34  7.54796e-25  7.94873e-34 -9.92529e-25 -1.57798e-33  1.11059e-24  2.52324e-33 -1.02968e-24 -2.60353e-33  7.52752e-25 -1.14067e-33 -3.84987e-25  1.49868e-32  7.71226e-26 -4.94627e-32   7.3589e-26  1.18408e-31  -7.9561e-26 -2.34717e-31  2.68246e-26  4.02679e-31  9.48406e-27 -6.09614e-31 -1.22141e-26  8.22134e-31  2.32348e-27 -9.92136e-31  2.34126e-27  1.07303e-30 -1.19838e-27 -1.03955e-30 -2.62343e-28  9.00111e-31   2.9375e-28 -6.93779e-31  1.53089e-29  4.73036e-31 -5.37659e-29 -2.82511e-31 -3.44957e-31  1.45338e-31  8.12051e-30 -6.23199e-32  2.37797e-31     2.05e-32 -1.00035e-30  -3.6062e-33 -1.00144e-31 -1.22728e-33  9.17344e-32  1.59944e-33  1.87616e-32  -9.5397e-34 -4.95221e-33  4.12371e-34 -1.93033e-33 -1.37752e-34  2.94095e-35  3.49348e-35  1.02677e-34 -6.11661e-36  1.28041e-35  4.84926e-37 -1.79996e-36  8.17801e-38 -6.08819e-37 -3.19719e-38  -3.4794e-38   3.8267e-39  6.39707e-39  9.60194e-41  1.10857e-39 -8.31288e-41  4.22189e-41  8.25296e-42 -3.37746e-42  4.03977e-44 -3.04787e-43 -4.71473e-44 -6.83022e-45  1.54872e-45  9.59336e-48
-1.22624e-34  5.50377e-36  5.69135e-33  1.61876e-35 -1.19763e-33 -5.84082e-35 -1.24544e-33 -2.58895e-35  1.40766e-33 -2.54235e-37 -8.53693e-34 -3.84219e-35 -6.64803e-34  2.66849e-35  1.08607e-32  1.60032e-35 -1.00221e-31  -1.2245e-35  8.19869e-31    6.745e-37 -5.81615e-30 -3.68626e-36  3.60096e-29 -1.52569e-36 -1.95858e-28 -7.79532e-37  9.40681e-28  -7.2839e-37 -4.00476e-27  6.28439e-37  1.51529e-26    5.721e-37 -5.10395e-26 -2.14834e-36  1.53139e-25  1.08999e-35 -4.09149e-25 -4.48553e-35  9.72043e-25  1.65627e-34 -2.04815e-24 -5.49325e-34  3.81183e-24  1.63809e-33 -6.22855e-24 -4.38535e-33  8.85755e-24  1.04916e-32 -1.08208e-23 -2.22197e-32   1.1127e-23  4.08769e-32 -9.29858e-24 -6.26442e-32  5.87399e-24   7.0903e-32 -2.25273e-24 -2.65433e-32 -1.71595e-25 -1.37899e-31  9.21474e-25  5.10357e-31  -5.7281e-25 -1.16888e-30  5.06936e-26  2.13118e-30  1.44822e-25  -3.3054e-30 -7.79389e-26  4.47711e-30 -9.54238e-27 -5.36009e-30   2.2339e-26  5.70294e-30 -3.31858e-27 -5.40146e-30 -4.21599e-27  4.55029e-30  1.28483e-27 -3.39935e-30  6.61002e-28  2.24039e-30 -2.62337e-28 -1.29185e-30 -9.86916e-29  6.42753e-31  3.73409e-29 -2.68737e-31  1.43944e-29  8.86358e-32 -3.57608e-30 -1.82834e-32  -1.8413e-30 -1.96643e-33  1.59126e-31  4.42807e-33   1.7378e-31 -2.75024e-33  1.00201e-32  1.18211e-33 -9.86505e-33 -3.85031e-34 -1.92109e-33  9.33042e-35  1.95786e-34 -1.50058e-35  1.01557e-34  8.53687e-37  7.58822e-36  2.76937e-37 -1.62796e-36 -8.30134e-38 -3.46319e-37  8.52508e-39 -1.37507e-38  3.29226e-40  2.41196e-39 -1.80836e-40  2.95504e-40   1.5959e-41  8.27818e-42    1.947e-44 -2.65495e-43 -5.82411e-44 -1.49156e-44  1.14549e-45
 -7.9086e-36 -6.74651e-34  1.61876e-35   6.7525e-33  3.47872e-35 -1.30882e-33 -9.43622e-35 -2.39181e-33 -5.62154e-35  7.49274e-34  -4.0645e-36  1.18972e-33  -3.9954e-35 -2.41774e-32  3.46451e-35  2.57636e-31  1.92656e-35 -2.28378e-30 -1.68508e-35  1.74315e-29  1.99227e-36 -1.15648e-28 -5.77713e-36  6.72001e-28 -1.56086e-36 -3.44026e-27 -1.17972e-36  1.55861e-26  -9.9138e-37 -6.26909e-26  1.93645e-37  2.24349e-25  3.91295e-36  -7.1514e-25 -1.94577e-35  2.03084e-24  9.54852e-35 -5.13346e-24 -4.02126e-34  1.15277e-23  1.50018e-33 -2.29218e-23 -4.99858e-33  4.01588e-23  1.49435e-32 -6.15473e-23 -4.01504e-32  8.16493e-23  9.68652e-32 -9.22707e-23 -2.09019e-31  8.65443e-23  4.00032e-31 -6.42002e-23 -6.67818e-31  3.35874e-23  9.38443e-31 -7.31366e-24 -1.00936e-30 -6.01748e-24  5.18973e-31  6.92942e-24  1.00071e-30 -2.49331e-24 -3.94756e-30 -7.48092e-25  8.37861e-30  1.08671e-24 -1.37766e-29 -2.36965e-25   1.9038e-29 -2.00523e-25 -2.27909e-29  1.13574e-25  2.39493e-29  2.01582e-26 -2.22133e-29 -2.74739e-26  1.82082e-29 -5.35249e-28 -1.31692e-29  5.03151e-27  8.37007e-30 -1.28883e-28 -4.64315e-30 -7.69752e-28  2.22299e-30  1.36907e-30  -8.9965e-31  9.75781e-29  2.93337e-31  6.83874e-30 -6.56935e-32 -9.35934e-30  5.72952e-34 -1.62202e-30  9.33209e-33  5.53274e-31  -6.2147e-33  1.85141e-31  2.68446e-33 -8.16486e-33  -8.5751e-34 -1.06668e-32  1.99085e-34 -1.13525e-33 -2.93811e-35  2.23149e-34  1.04317e-36  6.26129e-35  6.63004e-37  2.75161e-36 -1.65671e-37 -7.75979e-37  1.50892e-38 -1.16124e-37  6.53044e-40 -3.42973e-39 -2.91162e-40  4.19261e-40    2.318e-41  3.45138e-41 -5.41243e-44  6.53229e-43 -4.75587e-44 -3.80575e-45
 1.75187e-34 -2.70802e-35 -1.19763e-33  3.47872e-35  7.49406e-33  6.01721e-35  -1.0202e-33 -1.23454e-34 -3.28548e-33 -9.39387e-35 -3.35762e-33 -5.16548e-36  4.72038e-32 -3.40285e-35 -5.45918e-31  4.14476e-35  5.26127e-30  1.81808e-35   -4.332e-29 -2.11258e-35  3.08562e-28  2.15693e-36 -1.91822e-27 -7.18264e-36  1.04785e-26 -1.51642e-36 -5.05565e-26 -1.34561e-36   2.1627e-25 -2.06116e-36 -8.22466e-25   6.5729e-37  2.78519e-24  1.40245e-35 -8.40423e-24 -1.08296e-34  2.25895e-23  6.05537e-34  -5.4012e-23 -2.72863e-33  1.14587e-22  1.05274e-32 -2.14828e-22 -3.56538e-32  3.53822e-22  1.07342e-31 -5.07541e-22 -2.89148e-31  6.26027e-22  6.98743e-31 -6.50854e-22 -1.51419e-30  5.51164e-22   2.9316e-30 -3.54521e-22 -5.02895e-30  1.40895e-22  7.51771e-30  6.24603e-24  -9.4526e-30 -5.48121e-23  9.10084e-30  3.58306e-23 -4.24772e-30  -4.1257e-24 -6.90913e-30 -8.67723e-24  2.45041e-29  5.05146e-24  -4.6068e-29  4.29583e-25  6.67215e-29 -1.40972e-24 -8.08095e-29  2.55671e-25  8.43259e-29  2.60209e-25 -7.67668e-29 -9.14366e-26   6.1249e-29 -3.99467e-26 -4.28384e-29  1.86042e-26  2.61924e-29  5.94147e-27 -1.39252e-29 -2.71106e-27  6.38229e-30 -8.90844e-28  -2.4836e-30  2.75726e-28  7.92788e-31  1.19531e-28 -1.85987e-31 -1.49663e-29  1.46517e-32 -1.19803e-29  1.53792e-32 -3.72162e-31  -1.1611e-32  7.35552e-31  5.12135e-33  1.22613e-31 -1.61551e-33 -1.78321e-32  3.60152e-34 -7.34311e-33 -4.87747e-35 -4.21198e-34  7.99961e-37  1.36329e-34  1.23562e-36  2.50559e-35 -2.69676e-37  6.91228e-37  2.25998e-38 -2.06459e-37  8.81982e-40 -2.20407e-38 -3.68386e-40 -5.10509e-40    2.666e-41  2.74281e-41 -1.37988e-43  1.18224e-42 -2.37569e-44
-1.47994e-36  -2.6854e-34 -5.84082e-35 -1.30882e-33  6.01721e-35  8.60348e-33  8.72183e-35 -7.41341e-34 -1.36458e-34  8.51308e-34 -1.26491e-34 -7.91332e-32 -4.94066e-36  9.85429e-31 -2.41178e-35 -1.03388e-29  4.60004e-35  9.20784e-29  1.23224e-35 -7.05667e-28 -2.49152e-35  4.70102e-27 -2.73919e-37 -2.74348e-26 -7.21302e-36  1.41092e-25 -2.61363e-36 -6.42296e-25   2.6603e-36   2.5966e-24 -1.93783e-35 -9.34227e-24    5.134e-35  2.99489e-23 -8.42131e-35 -8.55607e-23  -1.7381e-34  2.17661e-22   2.4095e-33 -4.92117e-22 -1.36364e-32  9.85684e-22  5.78692e-32 -1.74051e-21 -2.05045e-31  2.69035e-21  6.30672e-31  -3.6027e-21 -1.71419e-30  4.11459e-21  4.15342e-30 -3.90721e-21 -9.00366e-30  2.94409e-21  1.74601e-29 -1.57783e-21 -3.01718e-29  3.73215e-22  4.60418e-29  2.61498e-22  -6.0918e-29  -3.2415e-22  6.71516e-29   1.2481e-22 -5.52021e-29   3.0758e-23     1.77e-29 -5.19034e-23   4.5384e-29  1.29255e-23 -1.23528e-28  9.13439e-24  1.97456e-28 -5.78725e-24 -2.46369e-28 -7.81044e-25  2.57216e-28  1.37914e-24 -2.30511e-28 -2.18722e-26  1.79108e-28 -2.52251e-25 -1.20997e-28  1.54433e-26   7.0975e-29  3.90654e-26 -3.60098e-29 -1.43127e-27   1.5709e-29 -5.09481e-27  -5.8387e-30 -1.91685e-28  1.81175e-30  5.12051e-28 -4.37851e-31    7.225e-29  5.58319e-32 -3.29801e-29  1.88699e-32 -9.40565e-30 -1.83766e-32  7.40603e-31  8.48009e-33  5.95016e-31 -2.66084e-33  5.10383e-32  5.69977e-34 -1.45144e-32 -7.08767e-35 -3.44105e-33  7.86799e-38   -9.732e-35  1.87282e-36  4.98712e-35 -3.68887e-37  6.48013e-36   2.9618e-38  1.30902e-37  8.13635e-40  -2.8412e-38 -3.76678e-40 -2.03652e-39  2.47398e-41  -3.1805e-41 -1.65522e-43  3.04637e-43
   1.124e-33   -8.373e-36 -1.24544e-33 -9.43622e-35  -1.0202e-33  8.72183e-35   1.0325e-32  1.06637e-34 -6.30228e-33 -1.30486e-34  1.06289e-31 -1.41879e-34 -1.53986e-30 -2.48906e-36  1.76526e-29 -1.48246e-35 -1.70602e-28  4.71217e-35  1.41019e-27  2.11516e-36  -1.0086e-26  -2.7579e-35  6.29734e-26 -6.08946e-36 -3.45571e-25 -3.78631e-36  1.67535e-24  -1.5625e-35 -7.20324e-24  5.82792e-35  2.75408e-23 -2.41707e-34 -9.37938e-23  8.05791e-34  2.84723e-22  -2.2074e-33 -7.70191e-22  4.24627e-33  1.85407e-21 -9.01921e-34   -3.962e-21 -3.97102e-32  7.48598e-21  2.36312e-31 -1.24336e-20 -9.45862e-31  1.80004e-20  3.07145e-30  -2.2431e-20 -8.55703e-30  2.35954e-20  2.09381e-29 -2.02659e-20 -4.54887e-29  1.32888e-20  8.81284e-29 -5.48177e-21 -1.52231e-28 -6.12674e-23  2.33382e-28  2.01488e-21  -3.1416e-28 -1.39187e-21  3.63186e-28  2.00111e-22  -3.4281e-28  3.20357e-22  2.25869e-28 -2.03274e-22 -1.47695e-29 -9.36223e-24 -2.49264e-28  5.50365e-23  4.96596e-28 -1.20118e-23 -6.57578e-28 -9.87111e-24  6.94006e-28  4.02503e-24 -6.14575e-28  1.46942e-24  4.65373e-28 -8.16473e-25  -3.0326e-28  -2.1623e-25   1.7013e-28  1.21673e-25 -8.19596e-29   3.3431e-26  3.37997e-29 -1.30606e-26 -1.19096e-29 -4.74855e-27  3.57377e-30  8.23819e-28 -8.85493e-31  5.08628e-28  1.47363e-31  3.71192e-31  1.24428e-32 -3.38373e-29 -2.48525e-32 -4.70749e-30   1.2456e-32  9.75306e-31 -3.91102e-33  3.26528e-31  8.02823e-34  1.24331e-32 -9.16999e-35 -7.01018e-33 -8.04207e-37 -1.11136e-33  2.35054e-36 -1.49947e-35 -4.30656e-37  1.08594e-35  3.45504e-38  1.01233e-36  4.07618e-40  1.69837e-38 -3.14338e-40 -1.59694e-39  1.84017e-41 -5.78468e-41 -1.12248e-43
 5.10925e-36  1.52896e-33 -2.58895e-35 -2.39181e-33 -1.23454e-34 -7.41341e-34  1.06637e-34  1.81686e-32  1.08054e-34 -1.35057e-31 -1.09244e-34  2.09661e-30 -1.37585e-34 -2.65021e-29  8.23429e-36  2.78967e-28  -1.0038e-35 -2.49417e-27  4.38813e-35  1.91935e-26 -1.19328e-35 -1.28419e-25 -2.76046e-35  7.52871e-25 -1.79878e-35 -3.89055e-24  2.32733e-35  1.78011e-23  -1.4362e-34 -7.23511e-23  6.21798e-34  2.61789e-22 -2.46944e-33 -8.44273e-22  8.56814e-33  2.42738e-21 -2.57433e-32 -6.21697e-21  6.44436e-32  1.41578e-20 -1.20467e-31 -2.85771e-20  8.78799e-32  5.08829e-20  5.21216e-31  -7.9366e-20 -3.27961e-30  1.07346e-19  1.22554e-29 -1.23985e-19 -3.62067e-29  1.19295e-19  9.08682e-29  -9.1398e-20 -1.99229e-28  5.02479e-20  3.86341e-28 -1.28961e-20 -6.65669e-28 -7.57862e-21  1.01836e-27  1.02495e-20  -1.3749e-27 -4.23412e-21  1.61573e-27 -8.17165e-22 -1.60481e-27  1.67426e-21  1.25253e-27 -4.74793e-22 -5.79045e-28 -2.77644e-22 -2.65104e-28  1.99466e-22  1.04721e-27  1.81948e-23  -1.5527e-27 -4.67283e-23  1.68079e-27  2.54023e-24 -1.47766e-27   8.5162e-24  1.09134e-27 -8.62536e-25 -6.84982e-28 -1.33358e-24  3.66183e-28   1.0159e-25 -1.66483e-28  1.78995e-25  6.43458e-29  3.17455e-28 -2.12979e-29 -1.88768e-26  6.15878e-30 -2.02868e-27 -1.57334e-30  1.31915e-27  3.17649e-31  3.17285e-28 -1.42676e-32 -3.89731e-29 -2.86181e-32 -2.23268e-29   1.6515e-32 -1.40783e-30 -5.19811e-33  6.28418e-31  1.01418e-33  1.26518e-31 -1.06348e-34  1.22496e-33 -1.23683e-36 -2.14482e-33  2.43882e-36  -2.4184e-34 -4.31901e-37 -2.14219e-36  3.60389e-38  1.28716e-36 -1.48884e-40  8.03842e-38 -2.12521e-40  9.92179e-40  1.05205e-41 -1.64679e-41
-6.49288e-34  4.36554e-36  1.40766e-33 -5.62154e-35 -3.28548e-33 -1.36458e-34 -6.30228e-33  1.08054e-34  1.56751e-31  8.56829e-35 -2.52479e-30 -7.95419e-35  3.52496e-29 -1.21959e-34 -4.05994e-28  3.44803e-35    3.939e-27 -1.16202e-35  -3.2694e-26  3.50063e-35  2.34852e-25 -2.98335e-35 -1.47304e-24 -1.87062e-35  8.12243e-24 -6.75335e-35 -3.95785e-23   2.5385e-34  1.71084e-22 -1.25367e-33 -6.57833e-22  5.42351e-33  2.25379e-21 -2.11028e-32 -6.88522e-21  7.31432e-32  1.87508e-20 -2.24291e-31 -4.54635e-20  5.98823e-31  9.79002e-20 -1.34391e-30 -1.86509e-19   2.3048e-30  3.12554e-19 -1.86821e-30 -4.56932e-19 -5.99666e-30  5.75629e-19  3.75977e-29 -6.13103e-19   -1.283e-28  5.34577e-19  3.40903e-28 -3.57763e-19 -7.64869e-28  1.53404e-19   1.4935e-27 -3.54061e-21 -2.57037e-27 -5.28824e-20  3.91495e-27  3.88168e-20 -5.26631e-27 -6.77127e-21   6.2028e-27 -8.41077e-21  -6.2749e-27  5.86959e-21   5.2209e-27  3.18269e-23 -3.15435e-27 -1.53532e-21  5.89287e-28  3.99264e-22  1.75181e-27  2.65267e-22 -3.25865e-27  -1.2667e-22  3.69426e-27 -3.77303e-23 -3.24268e-27  2.56217e-23  2.33795e-27   5.4287e-24 -1.41092e-27 -3.89986e-24  7.15669e-28 -8.70268e-25 -3.04736e-28  4.39884e-25  1.09123e-28  1.32636e-25  -3.3511e-29 -3.12949e-26  9.32741e-30 -1.53289e-26 -2.50049e-30  5.31366e-28   5.9486e-31  1.10975e-27 -7.16095e-32  1.23092e-28 -2.75919e-32 -3.72791e-29  2.00967e-32 -1.02996e-29 -6.29541e-33 -1.61977e-31  1.14872e-33  2.55786e-31 -1.10438e-34   3.4804e-32 -6.08109e-37 -1.31744e-34  2.03331e-36 -4.05821e-34 -3.71743e-37  -3.2917e-35  3.33734e-38 -2.98261e-37 -5.69126e-40  6.53096e-38 -1.12657e-40  2.03444e-39  4.04538e-42
-1.49567e-35 -9.14751e-34 -2.54235e-37  7.49274e-34 -9.39387e-35  8.51308e-34 -1.30486e-34 -1.35057e-31  8.56829e-35  2.69577e-30  4.22417e-35  -4.1759e-29 -4.62969e-35  5.28871e-28  -1.0699e-34 -5.58921e-27  7.84034e-35   5.0178e-26 -1.88851e-35 -3.87815e-25  1.90558e-35  2.60666e-24 -5.75473e-35 -1.53557e-23  4.63426e-35  7.97563e-23 -4.23242e-34 -3.66884e-22  2.07808e-33  1.49963e-21 -9.76536e-33 -5.45868e-21   4.1158e-32  1.77162e-20 -1.56241e-31 -5.12795e-20  5.32816e-31  1.32279e-19 -1.62566e-30 -3.03543e-19  4.40039e-30  6.17722e-19  -1.0393e-29 -1.10963e-18  2.06669e-29  1.74747e-18 -3.14278e-29 -2.38871e-18  2.24965e-29  2.79211e-18  6.51756e-29 -2.72434e-18 -3.61724e-28  2.12445e-18  1.09581e-27 -1.19972e-18 -2.58385e-27  3.33586e-19  5.13789e-27  1.61227e-19 -8.87233e-27 -2.42156e-19  1.34615e-26  1.07612e-19 -1.79919e-26  1.50469e-20  2.10893e-26 -4.03041e-20 -2.13971e-26  1.29912e-20  1.82491e-26   6.1953e-21 -1.21605e-26 -5.13856e-21   4.7683e-27 -2.36531e-22  1.84236e-27  1.18028e-21 -6.07052e-27 -1.14145e-22  7.43424e-27 -2.13684e-22 -6.55887e-27  3.14258e-23  4.62037e-27  3.37788e-23 -2.67557e-27 -4.11711e-24  1.28119e-27 -4.66895e-24 -5.05995e-28  1.80671e-25  1.65168e-28  5.17507e-25 -4.61957e-29  3.71332e-26  1.24156e-29 -3.91429e-26 -3.61516e-30 -7.79024e-27  9.99836e-31  1.42013e-27 -1.64719e-31  6.21044e-28 -2.15648e-32  2.33432e-29  2.28545e-32 -2.00777e-29 -6.96604e-33 -3.42214e-30  1.15633e-33  4.53025e-32 -1.01976e-34  6.83353e-32  1.32158e-36  6.62706e-33  1.23658e-36  -3.6455e-35 -2.71915e-37  -4.3095e-35  2.68997e-38 -2.34497e-36 -6.77916e-40 -1.97794e-38 -4.29673e-41   6.4281e-40
-2.22263e-35   -2.897e-35 -8.53693e-34  -4.0645e-36 -3.35762e-33 -1.26491e-34  1.06289e-31 -1.09244e-34 -2.52479e-30  4.22417e-35  4.41828e-29 -1.19591e-35 -6.18944e-28 -9.90532e-36  7.15625e-27 -9.95054e-35 -6.97179e-26  1.34538e-34   5.8118e-25 -2.98118e-35 -4.19395e-24  1.63363e-36  2.64324e-23 -1.51429e-34 -1.46492e-22  5.22927e-34  7.17651e-22  -3.0305e-33 -3.11975e-21  1.50686e-32  1.20677e-20 -6.81355e-32 -4.16072e-20  2.78047e-31  1.27963e-19  -1.0255e-30 -3.50979e-19  3.41543e-30  8.57475e-19 -1.02468e-29 -1.86152e-18  2.75518e-29  3.57747e-18  -6.5763e-29 -6.05216e-18  1.36806e-28     8.94e-18 -2.38409e-28 -1.13931e-17  3.11751e-28  1.22964e-17 -1.60584e-28 -1.08941e-17 -6.58519e-28  7.44987e-18  2.91656e-27 -3.32466e-18 -7.64595e-27  1.93684e-19  1.57975e-26  1.06585e-18  -2.7598e-26   -8.366e-19  4.18316e-26  1.73396e-19 -5.55264e-26  1.68629e-19  6.45427e-26 -1.30879e-19 -6.51419e-26  4.84532e-21  5.58944e-26  3.29043e-20 -3.87923e-26 -1.01337e-20  1.86825e-26 -5.41148e-21  -1.1517e-27  3.06715e-21 -9.93706e-27  7.18002e-22  1.38002e-26 -6.18503e-22 -1.23309e-26 -9.87732e-23  8.49307e-27  9.60344e-23 -4.70831e-27  1.65929e-23  2.11577e-27 -1.13446e-23 -7.65257e-28 -2.77739e-24  2.22172e-28  8.92824e-25 -5.48321e-29  3.51576e-25  1.44235e-29 -2.72193e-26 -4.84431e-30 -2.78849e-26   1.5386e-30 -2.26447e-27 -2.87832e-31  1.07773e-27  -1.3329e-32  2.46966e-28  2.47762e-32 -2.78005e-30 -7.02225e-33 -7.13086e-30    1.013e-33 -8.22313e-31 -8.29025e-35  2.15733e-32  4.19935e-36  1.15959e-32  3.24582e-37  8.09756e-34 -1.64789e-37 -6.40595e-37  1.81916e-38 -2.02203e-36 -5.16333e-40 -5.44242e-38 -9.18429e-42
 9.10951e-36  3.26031e-35 -3.84219e-35  1.18972e-33 -5.16548e-36 -7.91332e-32 -1.41879e-34  2.09661e-30 -7.95419e-35  -4.1759e-29 -1.19591e-35   6.5212e-28 -6.35537e-35 -8.29128e-27  3.19381e-35  8.79857e-26 -9.77228e-35 -7.93343e-25  1.93214e-34  6.15969e-24 -4.90946e-35 -4.16018e-23   4.5197e-35  2.46321e-22 -7.26359e-34 -1.28625e-21  3.83387e-33  5.95038e-21 -2.05417e-32 -2.44678e-20  9.87947e-32  8.96278e-20 -4.30047e-31 -2.92841e-19  1.69532e-30  8.53671e-19 -6.05893e-30  -2.2188e-18  1.96264e-29   5.1328e-18  -5.7533e-29 -1.05363e-17  1.52112e-28  1.91042e-17 -3.60475e-28 -3.03934e-17  7.57141e-28  4.20157e-17 -1.37948e-27 -4.97371e-17  2.07867e-27  4.92552e-17 -2.24421e-27 -3.91345e-17  4.54579e-28  2.27299e-17  5.73008e-27 -6.83533e-18 -1.94544e-26 -2.64488e-18  4.33858e-26  4.52188e-18 -7.77385e-26 -2.16776e-18  1.18342e-25 -1.88465e-19 -1.56206e-25  7.65499e-19   1.7979e-25 -2.80262e-19 -1.79686e-25 -1.06542e-19  1.53538e-25  1.04624e-19 -1.08099e-25 -1.03304e-22  5.66845e-26  -2.3482e-20 -1.31741e-26  3.37955e-21 -1.38969e-26  4.20597e-21  2.37897e-26 -8.43397e-22 -2.17072e-26 -6.69606e-22  1.46242e-26  1.17936e-22 -7.74097e-27  9.53915e-23  3.24187e-27 -8.16822e-24 -1.05571e-27  -1.1139e-23  2.61673e-28 -3.66433e-25 -5.33608e-29   9.1125e-25  1.43565e-29  1.45076e-25 -6.15173e-30 -3.90618e-26  2.19548e-30 -1.34972e-26 -4.20975e-31 -1.08718e-28  -8.4659e-33  5.01365e-28  2.60856e-32  7.14697e-29 -6.38248e-33 -3.08115e-30  7.37541e-34 -1.70589e-30 -5.91169e-35 -1.39658e-31  7.16269e-36  3.47002e-33 -3.91655e-37  1.12942e-33 -7.75896e-38  5.30666e-35  9.63193e-39  1.85745e-37 -2.64356e-40 -1.89646e-38
 2.67671e-34  1.80193e-35 -6.64803e-34  -3.9954e-35  4.72038e-32 -4.94066e-36 -1.53986e-30 -1.37585e-34  3.52496e-29 -4.62969e-35 -6.18944e-28 -6.35537e-35  8.70679e-27 -1.00986e-34 -1.01084e-25  7.99855e-35  9.89074e-25 -9.46307e-35 -8.28289e-24  2.51616e-34  6.00604e-23 -1.36734e-34 -3.80459e-22  5.90089e-34  2.11988e-21 -4.49519e-33  -1.0444e-20   2.5009e-32  4.56738e-20 -1.27904e-31 -1.77792e-19   5.9114e-31  6.17104e-19 -2.47662e-30  -1.9114e-18  9.42142e-30  5.28225e-18 -3.25755e-29  -1.3009e-17  1.02376e-28  2.84854e-17 -2.92141e-28 -5.52514e-17  7.55144e-28  9.44124e-17 -1.76031e-27 -1.41001e-16  3.67225e-27  1.81904e-16 -6.76254e-27 -1.99099e-16  1.07027e-26  1.79402e-16 -1.36719e-26 -1.25503e-16  1.13179e-26  5.83566e-17  3.68558e-27 -5.49731e-18 -4.03608e-26 -1.72257e-17  1.05633e-25  1.45679e-17 -1.98699e-25 -3.53135e-18  3.06351e-25 -2.68945e-18 -4.03253e-25  2.35527e-18  4.59534e-25 -1.92073e-19 -4.53628e-25 -5.65452e-19  3.83694e-25  2.05717e-19 -2.70185e-25  8.69944e-20   1.4701e-25 -5.97213e-20 -4.61242e-26 -1.03084e-20 -1.53135e-26  1.19984e-20  3.83259e-26   1.2881e-21 -3.60155e-26  -1.8979e-21  2.37324e-26 -2.32545e-22 -1.19607e-26  2.34204e-22  4.63124e-27  4.48313e-23 -1.32599e-27 -2.01278e-23  2.59383e-28 -6.37531e-24 -3.58783e-29  8.38623e-25   1.1733e-29  5.59808e-25 -7.59194e-30  2.73469e-26  2.92767e-30 -2.47192e-26 -5.31863e-31 -4.67289e-27 -1.34078e-32  2.13176e-28  2.69731e-32  1.58717e-28 -5.11016e-33  1.51279e-29  3.93308e-34 -8.72572e-31 -3.83267e-35  -2.6459e-31  9.21268e-36 -1.55915e-32 -7.23598e-37  2.21662e-34 -2.26923e-38  4.97664e-35  3.36922e-39  1.15432e-36 -7.98134e-41
 4.77066e-36  7.60643e-34  2.66849e-35 -2.41774e-32 -3.40285e-35  9.85429e-31 -2.48906e-36 -2.65021e-29 -1.21959e-34  5.28871e-28 -9.90532e-36 -8.29128e-27 -1.00986e-34  1.05856e-25 -1.17568e-34 -1.12821e-24  1.31032e-34  1.02194e-23 -8.80797e-35 -7.97296e-23  3.58459e-34  5.41227e-22 -7.09503e-34 -3.22178e-21  4.39631e-33   1.6919e-20 -2.76497e-32 -7.87383e-20  1.49505e-31  3.25817e-19 -7.32302e-31 -1.20149e-18  3.25019e-30  3.95348e-18 -1.31044e-29 -1.16117e-17  4.80791e-29  3.04225e-17 -1.60674e-28 -7.09801e-17  4.89163e-28  1.47043e-16  -1.3557e-27 -2.69266e-16  3.41407e-27  4.33022e-16 -7.78611e-27  -6.0577e-16  1.59893e-26  7.26783e-16 -2.92817e-26 -7.31134e-16  4.69939e-26  5.92485e-16 -6.37844e-26 -3.54367e-16  6.67737e-26  1.15035e-16 -3.49282e-26  3.42579e-17 -5.62588e-26 -6.91547e-17  2.23399e-25  3.58756e-17  -4.6033e-25  1.22876e-18  7.28178e-25 -1.18786e-17 -9.60133e-25  4.94351e-18  1.08428e-24  1.44424e-18 -1.05585e-24 -1.74393e-18  8.80775e-25  8.79144e-20  -6.1512e-25  3.80756e-19   3.3901e-25 -7.52082e-20 -1.20563e-25 -6.70875e-20 -9.12417e-27  1.77626e-20   5.8059e-26  1.07195e-20 -5.66393e-26 -2.60319e-21  3.64858e-26  -1.5758e-21 -1.74566e-26  2.23778e-22   6.1931e-27  1.94564e-22  -1.5054e-27 -2.08781e-24  1.90883e-28 -1.72345e-23  1.03488e-30 -2.06193e-24  7.02952e-30  8.53017e-25 -9.31612e-30  2.36249e-25  3.66318e-30 -6.57053e-27 -5.83905e-31 -1.01431e-26 -3.24101e-32 -1.17827e-27  2.73414e-32  1.00484e-28 -3.41618e-33   3.4537e-29  6.89357e-35  2.30485e-30  -2.6511e-35 -1.23076e-31  9.68744e-36 -2.39908e-32 -6.81797e-37 -9.57156e-34  2.26786e-39  2.90555e-36  2.49328e-40  4.48571e-37
-1.97101e-34  1.03185e-35  1.08607e-32  3.46451e-35 -5.45918e-31 -2.41178e-35  1.76526e-29  8.23429e-36 -4.05994e-28  -1.0699e-34  7.15625e-27  3.19381e-35 -1.01084e-25 -1.17568e-34  1.17868e-24 -1.12507e-34 -1.15859e-23  1.81647e-34  9.74937e-23 -1.16078e-34 -7.10542e-22  8.69333e-34  4.52519e-21 -4.31109e-33 -2.53569e-20  2.73806e-32  1.25673e-19 -1.59128e-31 -5.53066e-19  8.25005e-31  2.16728e-18 -3.87299e-30 -7.57577e-18  1.65105e-29  2.36413e-17 -6.40657e-29 -6.58556e-17  2.26643e-28   1.6357e-16 -7.31652e-28 -3.61431e-16  2.15575e-27  7.07933e-16   -5.794e-27 -1.22259e-15  1.41837e-26  1.84724e-15 -3.15389e-26 -2.41417e-15  6.34147e-26  2.68188e-15  -1.1445e-25 -2.46012e-15  1.83096e-25  1.76257e-15 -2.53639e-25 -8.54749e-16     2.89e-25    1.118e-16 -2.31261e-25  2.29503e-16  1.73638e-26 -2.11082e-16  3.89031e-25  5.91295e-17  -9.6129e-25  3.49461e-17  1.59227e-24 -3.52173e-17  -2.1166e-24  4.52863e-18  2.37302e-24  8.00591e-18 -2.27842e-24 -3.44506e-18  1.87011e-24 -1.12155e-18 -1.28852e-24  9.62671e-19  7.09516e-25  1.08018e-19 -2.67542e-25 -1.92452e-19    1.252e-26 -1.03387e-20  8.32045e-26   3.0966e-20 -8.48317e-26  2.20125e-21  5.33677e-26 -3.98404e-21 -2.41717e-26 -5.55625e-22  7.77749e-27  3.70683e-22 -1.51765e-27  9.31748e-23  3.92891e-29 -1.90684e-23  5.62845e-29 -9.21406e-24  1.79246e-30 -1.11858e-25 -1.15051e-29  4.64064e-25    4.305e-30  7.10026e-26 -5.48184e-31 -6.58497e-27 -6.49368e-32 -2.90063e-27  2.67634e-32 -2.17864e-28 -1.61325e-33  2.33223e-29 -1.55956e-34  4.95701e-30 -2.50301e-35  2.37217e-31  8.56596e-36 -8.16019e-33 -4.30331e-37 -1.00307e-33  7.79203e-39 -1.99025e-35 -4.27345e-40
-3.28527e-36 -3.62264e-33  1.60032e-35  2.57636e-31  4.14476e-35 -1.03388e-29 -1.48246e-35  2.78967e-28  3.44803e-35 -5.58921e-27 -9.95054e-35  8.79857e-26  7.99855e-35 -1.12821e-24 -1.12507e-34  1.20797e-23 -9.11196e-35 -1.09948e-22  2.50742e-34  8.62157e-22 -4.48332e-34 -5.88401e-21  3.90843e-33  3.52245e-20 -2.52275e-32 -1.86085e-19  1.54408e-31  8.71482e-19 -8.50573e-31 -3.63025e-18  4.22135e-30  1.34816e-17 -1.90035e-29 -4.46934e-17  7.78382e-29  1.32314e-16 -2.90728e-28 -3.49598e-16  9.91647e-28  8.23052e-16 -3.09148e-27 -1.72163e-15   8.8104e-27  3.18579e-15 -2.29418e-26 -5.18198e-15  5.45124e-26  7.34106e-15  -1.1792e-25 -8.93348e-15  2.31348e-25  9.13735e-15 -4.09209e-25  -7.5601e-15  6.46266e-25  4.66175e-15 -8.96003e-25 -1.63041e-15  1.05457e-24  -3.5073e-16  -9.6921e-25  8.87326e-16  4.86834e-25 -4.99966e-16  4.62643e-25  9.21358e-18 -1.78566e-24   1.5413e-16  3.20418e-24 -7.31011e-17 -4.33293e-24 -1.54122e-17  4.83531e-24  2.43697e-17 -4.57801e-24 -2.51183e-18  3.69189e-24 -5.14432e-18 -2.50098e-24  1.33691e-18  1.36453e-24  8.84261e-19 -5.27964e-25 -3.05125e-19  5.98008e-26 -1.41043e-19  1.13454e-25  4.64111e-20 -1.21459e-25  2.14352e-20  7.45225e-26 -4.56656e-21 -3.18736e-26 -2.81472e-21  9.19604e-27  1.73759e-22 -1.30003e-27  2.70919e-22 -1.97825e-28  2.13272e-23  1.23544e-28 -1.52761e-23 -1.73071e-30 -3.38347e-24 -1.42478e-29  2.51034e-25  4.74416e-30  1.70204e-25 -4.14698e-31  1.53086e-26 -1.05002e-31 -2.33431e-27  2.47187e-32  -5.7976e-28 -2.87352e-35 -2.94581e-29 -2.43193e-34  3.01338e-30 -3.02699e-35  4.22751e-31   6.4222e-36  1.38473e-32 -1.64581e-37 -1.74697e-34  5.12179e-39  -8.7552e-36
 7.67708e-34 -7.50169e-36 -1.00221e-31  1.92656e-35  5.26127e-30  4.60004e-35 -1.70602e-28  -1.0038e-35    3.939e-27  7.84034e-35 -6.97179e-26 -9.77228e-35  9.89074e-25  1.31032e-34 -1.15859e-23 -9.11196e-35  1.14434e-22 -6.94555e-35 -9.67857e-22   4.9922e-34  7.09172e-21 -2.65932e-33 -4.54206e-20  2.11401e-32  2.56036e-19 -1.37778e-31 -1.27697e-18  8.05061e-31  5.65722e-18 -4.22995e-30 -2.23252e-17  2.01025e-29  7.86216e-17 -8.68284e-29 -2.47297e-16  3.41853e-28  6.94689e-16 -1.22932e-27 -1.74099e-15  4.04317e-27  3.88406e-15 -1.21711e-26 -7.68672e-15   3.3539e-26  1.34245e-14 -8.45604e-26 -2.05342e-14  1.94832e-25  2.72064e-14 -4.09376e-25  -3.0701e-14  7.81856e-25  2.86981e-14 -1.35045e-24 -2.10813e-14  2.09284e-24   1.0671e-14 -2.87197e-24 -1.79231e-15  3.40656e-24 -2.56666e-15 -3.31256e-24  2.59814e-15  2.24232e-24 -8.33446e-16 -8.70916e-26 -3.74202e-16 -2.86266e-24  4.46486e-16  5.92521e-24 -7.98172e-17 -8.25522e-24 -9.50156e-17  9.20089e-24  4.86423e-17 -8.59442e-24  1.15754e-17  6.80365e-24 -1.31072e-17 -4.52133e-24 -6.75883e-19  2.43143e-24  2.60215e-18 -9.47937e-25 -6.93819e-21  1.43727e-25 -4.25135e-19  1.47933e-25 -7.14041e-21 -1.66676e-25  5.69488e-20  9.96072e-26  4.95667e-21 -4.01555e-26 -5.70491e-21  1.02575e-26 -1.10001e-21 -8.22352e-28  3.44685e-22  -5.0507e-28  1.26233e-22  1.92383e-28 -4.00579e-24 -1.35017e-30 -7.28185e-24 -1.74232e-29 -8.65054e-25  4.88173e-30  1.42644e-25 -1.97828e-31   4.4313e-26 -1.43064e-31  2.37497e-27   2.0972e-32 -4.77885e-28   1.0938e-33 -7.76142e-29 -2.08552e-34 -2.79311e-30 -3.60761e-35  1.96074e-31  4.07289e-36  1.69122e-32 -3.01302e-39  2.80634e-34  1.68011e-39
-3.68899e-37  3.02755e-32  -1.2245e-35 -2.28378e-30  1.81808e-35  9.20784e-29  4.71217e-35 -2.49417e-27 -1.16202e-35   5.0178e-26  1.34538e-34 -7.93343e-25 -9.46307e-35  1.02194e-23  1.81647e-34 -1.09948e-22 -6.94555e-35  1.00583e-21 -1.11009e-34  -7.9296e-21  1.88086e-33  5.44242e-20 -1.52346e-32 -3.27757e-19  1.12012e-31  1.74241e-18 -7.01167e-31 -8.21453e-18  3.90852e-30  3.44598e-17 -1.96278e-29 -1.28928e-16  8.93784e-29  4.30795e-16 -3.70603e-28 -1.28608e-15  1.40308e-27  3.42852e-15 -4.85919e-27 -8.14899e-15  1.54127e-26  1.72211e-14 -4.48016e-26  -3.2221e-14  1.19353e-25  5.30455e-14 -2.91256e-25 -7.61535e-14  6.50291e-25  9.40731e-14 -1.32582e-24 -9.79196e-14  2.46101e-24  8.28061e-14 -4.14047e-24 -5.27007e-14  6.27125e-24  1.98192e-14 -8.45935e-24  2.73728e-15  9.97407e-24  -9.7156e-15 -9.90168e-24  5.97251e-15  7.51397e-24 -4.26298e-16 -2.72175e-24 -1.69867e-15  -3.6528e-24  9.22702e-16  1.00289e-23  1.24021e-16 -1.46616e-23 -2.90248e-16  1.63902e-23  4.64876e-17 -1.51159e-23  5.87321e-17  1.17406e-23 -1.96642e-17 -7.64284e-24 -9.72396e-18  4.03794e-24  4.38604e-18 -1.56949e-24  1.53443e-18  2.73733e-25 -6.88259e-19  1.85113e-25 -2.41852e-19 -2.19573e-25  7.46521e-20  1.27689e-25  3.41065e-20 -4.84756e-26 -4.24948e-21  1.08098e-26 -3.59217e-21 -9.93242e-29 -1.23535e-22 -8.51051e-28  2.29268e-22  2.50947e-28  3.97399e-23  4.22585e-30 -5.55395e-24 -2.06559e-29 -2.40515e-24  4.65549e-30 -1.50077e-25   6.6545e-32  4.27359e-26 -1.69641e-31  8.17829e-27  1.58461e-32  2.70158e-28  1.66183e-33 -5.75832e-29 -1.07446e-34 -6.27098e-30  -3.7344e-35 -1.57549e-31  2.16224e-36  4.58236e-33  4.32564e-38  1.43778e-34
 -6.1407e-33 -3.20896e-37  8.19869e-31 -1.68508e-35   -4.332e-29  1.23224e-35  1.41019e-27  4.38813e-35  -3.2694e-26 -1.88851e-35   5.8118e-25  1.93214e-34 -8.28289e-24 -8.80797e-35  9.74937e-23  2.50742e-34 -9.67857e-22 -1.11009e-34  8.22988e-21 -5.41156e-34  -6.0644e-20  9.49226e-33   3.9073e-19  -8.0718e-32 -2.21643e-18  5.58502e-31   1.1128e-17 -3.33297e-30 -4.96465e-17  1.77363e-29  1.97381e-16 -8.52181e-29 -7.00596e-16  3.72052e-28  2.22213e-15  -1.4817e-27 -6.29792e-15  5.39638e-27  1.59336e-14 -1.80043e-26 -3.59096e-14  5.50861e-26  7.18471e-14 -1.54636e-25 -1.26973e-13  3.98254e-25  1.96757e-13 -9.40457e-25  -2.6449e-13  2.03391e-24  3.03445e-13 -4.02082e-24 -2.89329e-13  7.24553e-24  2.18159e-13 -1.18528e-23 -1.15349e-13  1.74966e-23  2.37204e-14 -2.30914e-23  2.43601e-14  2.68333e-23 -2.75775e-14  -2.6682e-23   1.0063e-14  2.12623e-23  3.29651e-15 -1.07881e-23 -4.86948e-15  -2.5913e-24  1.13448e-15   1.5413e-23  9.54533e-16 -2.43002e-23 -5.88308e-16  2.73872e-23 -9.23393e-17 -2.49608e-23   1.5289e-16  1.90161e-23 -1.66301e-18 -1.21164e-23 -3.00499e-17  6.27756e-24  1.91769e-18 -2.41774e-24  4.97348e-18  4.55012e-25 -2.12088e-19  2.22612e-25 -6.93054e-19 -2.77865e-25  -2.2105e-20  1.57239e-25  7.45287e-20 -5.62349e-26  1.02485e-20  1.07781e-26 -5.14603e-21  8.08146e-28 -1.44806e-21 -1.19491e-27  1.27284e-22  2.89196e-28  9.68321e-23    1.484e-29  8.16876e-24 -2.33834e-29 -2.43183e-24  4.06319e-30 -5.71751e-25  3.31106e-31 -1.66989e-26 -1.78863e-31  7.95801e-27  1.01951e-32  1.02573e-27  1.73957e-33  2.29706e-29 -3.30092e-36 -3.63666e-30 -3.24715e-35 -2.41593e-31  9.41584e-37 -3.19376e-33  2.73784e-38
-3.90329e-37  -2.2977e-31    6.745e-37  1.74315e-29 -2.11258e-35 -7.05667e-28  2.11516e-36  1.91935e-26  3.50063e-35 -3.87815e-25 -2.98118e-35  6.15969e-24  2.51616e-34 -7.97296e-23 -1.16078e-34  8.62157e-22   4.9922e-34  -7.9296e-21 -5.41156e-34  6.28683e-20 -3.05607e-33  -4.3407e-19   4.8608e-32  2.63057e-18 -3.97931e-31 -1.40777e-17  2.60874e-30  6.68357e-17 -1.48382e-29 -2.82461e-16  7.54426e-29  1.06513e-15 -3.47065e-28 -3.58873e-15  1.45353e-27  1.08088e-14 -5.56219e-27 -2.90876e-14  1.94949e-26  6.98358e-14 -6.26794e-26 -1.49187e-13  1.85033e-25   2.8241e-13 -5.01699e-25 -4.70889e-13   1.2492e-24  6.85589e-13 -2.85446e-24  -8.6043e-13  5.97826e-24  9.12287e-13 -1.14541e-23 -7.89351e-13  2.00217e-23  5.19067e-13 -3.18059e-23 -2.09504e-13   4.5665e-23 -1.38359e-14 -5.87702e-23  9.18735e-14  6.69213e-23 -6.19704e-14 -6.58847e-23  7.74487e-15  5.34203e-23  1.60619e-14 -3.09554e-23 -1.00749e-14  3.70857e-24 -6.17057e-16  2.11738e-23  2.98034e-15 -3.76072e-23 -6.65961e-16  4.29941e-23 -5.70868e-16 -3.87605e-23  2.44847e-16  2.89609e-23  8.91302e-17 -1.80553e-23 -5.37016e-17  9.16699e-24 -1.36827e-17 -3.48768e-24  8.65753e-18  6.86475e-25  2.25046e-18  2.56889e-25 -1.01424e-18 -3.37786e-25  -3.4696e-19  1.86262e-25   7.2126e-20 -6.28809e-26   4.0507e-20  1.01863e-26  -6.6496e-22  1.80348e-27 -2.92585e-21 -1.49531e-27 -3.76191e-22  3.01451e-28  9.25649e-23  2.88597e-29  2.88639e-23 -2.50172e-29  9.10145e-25  3.17345e-30 -6.44846e-25  5.50166e-31  -9.7507e-26 -1.70247e-31 -1.14004e-27  5.07762e-33  9.03435e-28  1.49355e-33  7.88994e-29  6.19287e-35  1.29074e-30 -2.33905e-35 -8.67774e-32  3.22278e-37 -2.01018e-33
 4.36316e-32 -1.67662e-36 -5.81615e-30  1.99227e-36  3.08562e-28 -2.49152e-35  -1.0086e-26 -1.19328e-35  2.34852e-25  1.90558e-35 -4.19395e-24 -4.90946e-35  6.00604e-23  3.58459e-34 -7.10542e-22 -4.48332e-34  7.09172e-21  1.88086e-33  -6.0644e-20 -3.05607e-33  4.49541e-19 -1.60051e-32 -2.91466e-18  2.36129e-31  1.66436e-17 -1.83519e-30 -8.41499e-17  1.14327e-29  3.78217e-16 -6.20304e-29 -1.51552e-15  3.01549e-28  5.42413e-15 -1.32895e-27 -1.73564e-14  5.34116e-27  4.96546e-14 -1.96462e-26 -1.26889e-13  6.62866e-26   2.8905e-13  -2.0544e-25 -5.85037e-13  5.85305e-25  1.04694e-12 -1.53318e-24 -1.64474e-12  3.69135e-24  2.24498e-12 -8.16222e-24 -2.62096e-12  1.65532e-23  2.55166e-12 -3.07297e-23 -1.97705e-12  5.20772e-23  1.09262e-12 -8.02625e-23 -2.66398e-13  1.11911e-22 -1.97085e-13 -1.40106e-22  2.55231e-13  1.55684e-22 -1.05459e-13 -1.50584e-22 -2.33333e-14  1.22007e-22  4.61604e-14 -7.49901e-23 -1.35032e-14  2.13247e-23 -8.13705e-15   2.5153e-23  6.16646e-15 -5.43542e-23  4.92325e-16   6.3487e-23 -1.54289e-15 -5.66639e-23  1.18998e-16  4.15223e-23  2.98826e-16 -2.53325e-23 -3.96598e-17  1.26072e-23 -4.99421e-17 -4.73478e-24  5.53037e-18  9.60089e-25  7.23778e-18  2.83037e-25 -2.10043e-19 -3.94303e-25 -8.35043e-19  2.12564e-25 -6.86526e-20 -6.80119e-26  6.49017e-20  9.15539e-27   1.3838e-20  2.77386e-27 -2.31227e-21 -1.71888e-27 -1.09991e-21  2.87418e-28 -5.20565e-23  4.36603e-29  3.42155e-23 -2.51324e-29  6.24822e-24  2.11778e-30 -4.28861e-27   6.9097e-31 -1.10998e-25 -1.48059e-31 -1.14652e-26  1.31714e-33 -6.28827e-29   1.1111e-33  5.52624e-29  7.92668e-35  2.94287e-30 -1.36465e-35  2.77921e-32   7.6445e-38
-6.08615e-37  1.51894e-30 -3.68626e-36 -1.15648e-28  2.15693e-36  4.70102e-27  -2.7579e-35 -1.28419e-25 -2.98335e-35  2.60666e-24  1.63363e-36 -4.16018e-23 -1.36734e-34  5.41227e-22  8.69333e-34 -5.88401e-21 -2.65932e-33  5.44242e-20  9.49226e-33  -4.3407e-19 -1.60051e-32  3.01591e-18 -7.78018e-32 -1.83988e-17  1.07787e-30  9.91546e-17 -7.94697e-30 -4.74246e-16  4.71284e-29     2.02e-15 -2.44123e-28 -7.68058e-15  1.13529e-27  2.61067e-14 -4.79465e-27 -7.93681e-14  1.84972e-26  2.15723e-13 -6.54144e-26 -5.23463e-13  2.12519e-25  1.13109e-12 -6.35073e-25 -2.16774e-12  1.74662e-24   3.6634e-12 -4.42106e-24 -5.41344e-12  1.02944e-23  6.90839e-12 -2.20302e-23 -7.46834e-12  4.32648e-23  6.61872e-12  -7.7814e-23  -4.5017e-12  1.27809e-22  1.94649e-12 -1.90988e-22 -3.50033e-15  2.58323e-22 -7.56478e-13 -3.14001e-22  5.64097e-13  3.39413e-22 -1.01386e-13 -3.20736e-22 -1.30969e-13  2.56666e-22  9.61165e-14  -1.6134e-22 -9.84117e-16  5.95572e-23 -2.65815e-14  2.36975e-23  7.85815e-15 -7.33455e-23  4.72692e-15  8.82516e-23 -2.62123e-15 -7.80297e-23 -6.69124e-16  5.60807e-23  5.67033e-16 -3.35021e-23   9.6256e-17  1.63629e-23 -9.36072e-17 -6.07346e-24 -1.67631e-17  1.26178e-24  1.17016e-17  2.94959e-25  2.93401e-18 -4.41736e-25 -9.69591e-19  2.34123e-25 -3.89128e-19 -7.14487e-26  3.07167e-20  7.87465e-27  3.20348e-20  3.61287e-27  2.68861e-21 -1.84552e-27 -1.25404e-21  2.51565e-28 -2.94644e-22  5.63871e-29  1.74394e-24 -2.36073e-29  8.21567e-24    1.063e-30   9.7938e-25  7.40057e-31 -1.61534e-26 -1.18937e-31 -1.19487e-26 -7.97326e-34 -8.41653e-28  7.34466e-34 -4.51418e-30    6.417e-35  1.31793e-30 -6.12303e-36  2.40985e-32
-2.69152e-31 -1.17607e-36  3.60096e-29 -5.77713e-36 -1.91822e-27 -2.73919e-37  6.29734e-26 -2.76046e-35 -1.47304e-24 -5.75473e-35  2.64324e-23   4.5197e-35 -3.80459e-22 -7.09503e-34  4.52519e-21  3.90843e-33 -4.54206e-20 -1.52346e-32   3.9073e-19   4.8608e-32 -2.91466e-18 -7.78018e-32  1.90234e-17 -3.53877e-31 -1.09393e-16  4.62799e-30  5.57194e-16 -3.24162e-29 -2.52401e-15  1.83244e-28  1.01977e-14 -9.06781e-28 -3.68198e-14  4.03516e-27   1.1892e-13 -1.63324e-26 -3.43602e-13  6.04853e-26  8.87378e-13 -2.05674e-25 -2.04445e-12  6.43485e-25   4.1887e-12 -1.85441e-24 -7.59554e-12  4.92433e-24  1.21067e-11 -1.20472e-23 -1.67934e-11   2.7136e-23  1.99696e-11 -5.62137e-23 -1.98714e-11  1.06923e-22  1.58386e-11 -1.86324e-22 -9.15417e-12  2.96577e-22  2.58609e-12 -4.29522e-22  1.35448e-12  5.63088e-22 -2.07644e-12 -6.63565e-22  9.69092e-13  6.95976e-22  1.21997e-13 -6.39756e-22 -3.83048e-13  5.01467e-22  1.37653e-13 -3.15535e-22  5.84302e-14   1.3048e-22 -5.64922e-14  1.19653e-23 -2.33399e-16  -9.2343e-23  1.35536e-14  1.15524e-22 -2.03295e-15 -1.01213e-22 -2.56831e-15  7.13547e-23  5.50162e-16 -4.17856e-23  4.31368e-16  2.00724e-23  -8.3425e-17 -7.38498e-24 -6.50477e-17  1.57341e-24   6.5369e-18  2.86162e-25  8.06978e-18 -4.74716e-25  1.88397e-19  2.49452e-25 -7.01071e-19 -7.32456e-26 -1.07448e-19  6.55324e-27  3.18824e-20   4.2398e-27  1.06936e-20 -1.86969e-27  4.56414e-23  2.01373e-28 -4.07154e-22  6.46922e-29 -5.74286e-23 -2.06597e-29  2.37468e-24  1.70412e-31  1.31904e-24  7.03831e-31  1.07432e-25 -8.91877e-32 -1.93716e-27 -1.52003e-33 -7.08141e-28  4.36074e-34 -3.05449e-29  3.86628e-35 -1.47056e-31 -1.83482e-36
-1.30245e-37 -8.79012e-30 -1.52569e-36  6.72001e-28 -7.18264e-36 -2.74348e-26 -6.08946e-36  7.52871e-25 -1.87062e-35 -1.53557e-23 -1.51429e-34  2.46321e-22  5.90089e-34 -3.22178e-21 -4.31109e-33  3.52245e-20  2.11401e-32 -3.27757e-19  -8.0718e-32  2.63057e-18  2.36129e-31 -1.83988e-17 -3.53877e-31  1.13032e-16 -1.51338e-30 -6.13671e-16  1.87449e-29  2.95815e-15 -1.24958e-28 -1.27045e-14  6.74011e-28  4.87306e-14 -3.18736e-27 -1.67183e-13  1.35716e-26  5.13299e-13 -5.26361e-26 -1.40989e-12  1.87094e-25  3.45984e-12 -6.11656e-25 -7.56673e-12  1.84288e-24  1.46918e-11  -5.1219e-24 -2.51837e-11  1.31338e-23  3.78014e-11  -3.1061e-23 -4.90968e-11  6.76947e-23  5.41705e-11 -1.35784e-22 -4.92262e-11  2.50213e-22  3.46645e-11 -4.22543e-22 -1.60297e-11  6.51834e-22  1.05899e-12  -9.1477e-22  5.44986e-12  1.16167e-21 -4.53875e-12  -1.3256e-21  1.07247e-12  1.34624e-21  9.20597e-13 -1.19946e-21   -8.071e-13  9.14983e-22   6.5927e-14 -5.68055e-22  2.06709e-13   2.4683e-22 -7.87633e-14 -1.49404e-23  -3.3039e-14 -1.08365e-22  2.43879e-14  1.42375e-22   3.8826e-15 -1.23567e-22 -5.20679e-15  8.54708e-23 -4.65216e-16 -4.91472e-23  8.77508e-16  2.32919e-23  9.02659e-17 -8.53327e-24 -1.16173e-16  1.87495e-24 -1.99174e-17  2.51146e-25  1.08436e-17 -4.89258e-25  3.16157e-18  2.57855e-25 -5.17389e-19 -7.36307e-26 -3.02051e-19  5.36548e-27 -1.08116e-20  4.61047e-27  1.42821e-20 -1.79809e-27  2.53831e-21   1.4527e-28 -1.43169e-22  6.72255e-29 -8.95791e-23 -1.67756e-29 -8.13527e-24 -4.45722e-31  4.81307e-25  6.04229e-31   1.3517e-25 -6.30296e-32  7.52119e-27 -1.40518e-33 -7.67533e-29  2.31251e-34 -1.67459e-29  1.76438e-35 -2.47806e-31
