    0.169837 -2.21927e-13     0.094972 -4.44309e-14  -0.00568005  2.57157e-14   -0.0172464   1.4762e-14   -0.0046267  1.14982e-15  0.000806374 -1.54445e-15  0.000872394 -7.16627e-16   0.00025307 -1.38842e-16  3.16198e-05 -9.33134e-18   3.8789e-07  5.45191e-19 -1.62291e-07
-2.21927e-13     0.165456 -1.58089e-13    0.0543794 -1.19957e-14   -0.0155847  3.08272e-14   -0.0190162  1.65925e-14  -0.00560935  1.87134e-15  0.000690712 -1.71534e-15   0.00106775 -9.50128e-16  0.000364998 -2.22973e-16  5.99335e-05 -2.47682e-17  4.14393e-06 -8.52878e-19
    0.094972 -1.58089e-13      0.10029 -9.35268e-14    0.0316474 -3.02975e-15   -0.0152677  2.88885e-14   -0.0186231   1.7511e-14  -0.00671493  3.28028e-15 -2.35094e-05 -1.15994e-15  0.000879078 -8.50656e-16  0.000342491 -2.14802e-16  5.79768e-05  -2.3153e-17  3.34482e-06
-4.44309e-14    0.0543794 -9.35268e-14    0.0660706 -6.77448e-14    0.0248392 -2.80115e-15   -0.0131135  2.63302e-14   -0.0180139  1.82722e-14  -0.00789277  5.05363e-15  -0.00110668 -9.73142e-17  0.000393648 -4.71962e-16  0.000200695 -1.23451e-16   3.0211e-05 -9.38811e-18
 -0.00568005 -1.19957e-14    0.0316474 -6.77448e-14    0.0525042 -5.71086e-14    0.0223464 -4.17866e-15   -0.0107657   2.3545e-14   -0.0170957  1.85637e-14  -0.00883137  6.69546e-15  -0.00220524  1.05453e-15 -0.000156302 -3.63872e-17  4.18093e-05 -2.93418e-17  6.03763e-06
 2.57157e-14   -0.0155847 -3.02975e-15    0.0248392 -5.71086e-14    0.0456504 -5.14693e-14    0.0215427 -6.50882e-15  -0.00800816  2.00506e-14   -0.0154809  1.77643e-14  -0.00901541  7.46542e-15  -0.00282222    1.736e-15 -0.000478259  2.02885e-16 -3.52206e-05  7.46347e-18
  -0.0172464  3.08272e-14   -0.0152677 -2.80115e-15    0.0223464 -5.14693e-14    0.0418068 -4.87893e-14     0.022078  -1.0057e-14  -0.00441393  1.51298e-14   -0.0126077   1.5084e-14  -0.00789626    6.711e-15  -0.00259777  1.62838e-15  -0.00045262  1.88217e-16 -2.88321e-05
  1.4762e-14   -0.0190162  2.88885e-14   -0.0131135 -4.17866e-15    0.0215427 -4.87893e-14    0.0400927 -4.85429e-14    0.0240223 -1.53283e-14  0.000508666  8.13542e-15  -0.00810809  1.02211e-14  -0.00540557  4.51782e-15  -0.00167638  9.70512e-16 -0.000234609  7.30836e-17
  -0.0046267  1.65925e-14   -0.0186231  2.63302e-14   -0.0107657 -6.50882e-15     0.022078 -4.85429e-14     0.040264 -5.07161e-14    0.0275541 -2.25933e-14   0.00680524  -6.1966e-16   -0.0024943  4.17842e-15  -0.00235471  1.93064e-15 -0.000662653   3.2808e-16 -5.83702e-05
 1.14982e-15  -0.00560935   1.7511e-14   -0.0180139   2.3545e-14  -0.00800816  -1.0057e-14    0.0240223 -5.07161e-14    0.0422749 -5.51144e-14    0.0323068 -3.08415e-14    0.0133183 -9.06125e-15     0.002572 -8.78491e-16 -2.62885e-05  1.78594e-16 -7.65803e-05  3.19965e-17
 0.000806374  1.87134e-15  -0.00671493  1.82722e-14   -0.0170957  2.00506e-14  -0.00441393 -1.53283e-14    0.0275541 -5.51144e-14    0.0455417 -6.01834e-14    0.0365743 -3.70882e-14    0.0176594 -1.40643e-14   0.00522949 -3.18544e-15  0.000869455  -3.6089e-16  5.49558e-05
-1.54445e-15  0.000690712  3.28028e-15  -0.00789277  1.85637e-14   -0.0154809  1.51298e-14  0.000508666 -2.25933e-14    0.0323068 -6.01834e-14    0.0481254 -6.23812e-14     0.037491 -3.76425e-14    0.0177262 -1.38609e-14   0.00498393  -2.8547e-15  0.000691104 -2.19833e-16
 0.000872394 -1.71534e-15 -2.35094e-05  5.05363e-15  -0.00883137  1.77643e-14   -0.0126077  8.13542e-15   0.00680524 -3.08415e-14    0.0365743 -6.23812e-14    0.0469876 -5.77718e-14    0.0329566 -3.11823e-14    0.0136752  -9.7562e-15   0.00309558 -1.47251e-15  0.000255597
-7.16627e-16   0.00106775 -1.15994e-15  -0.00110668  6.69546e-15  -0.00901541   1.5084e-14  -0.00810809  -6.1966e-16    0.0133183 -3.70882e-14     0.037491 -5.77718e-14    0.0400584 -4.54454e-14    0.0238318 -2.04849e-14   0.00801009 -4.93363e-15    0.0012736 -4.26609e-16
  0.00025307 -9.50128e-16  0.000879078 -9.73142e-17  -0.00220524  7.46542e-15  -0.00789626  1.02211e-14   -0.0024943 -9.06125e-15    0.0176594 -3.76425e-14    0.0329566 -4.54454e-14    0.0284957 -2.91775e-14    0.0136951 -1.03501e-14   0.00345231 -1.71171e-15  0.000308152
-1.38842e-16  0.000364998 -8.50656e-16  0.000393648  1.05453e-15  -0.00282222    6.711e-15  -0.00540557  4.17842e-15     0.002572 -1.40643e-14    0.0177262 -3.11823e-14    0.0238318 -2.91775e-14    0.0162976 -1.47611e-14   0.00603566 -3.85852e-15   0.00102869 -3.53634e-16
 3.16198e-05 -2.22973e-16  0.000342491 -4.71962e-16 -0.000156302    1.736e-15  -0.00259777  4.51782e-15  -0.00235471 -8.78491e-16   0.00522949 -1.38609e-14    0.0136752 -2.04849e-14    0.0136951 -1.47611e-14   0.00723138 -5.66218e-15   0.00194669 -9.89555e-16  0.000182061
-9.33134e-18  5.99335e-05 -2.14802e-16  0.000200695 -3.63872e-17 -0.000478259  1.62838e-15  -0.00167638  1.93064e-15 -2.62885e-05 -3.18544e-15   0.00498393  -9.7562e-15   0.00801009 -1.03501e-14   0.00603566 -5.66218e-15   0.00238441 -1.56205e-15  0.000425259 -1.48708e-16
  3.8789e-07 -2.47682e-17  5.79768e-05 -1.23451e-16  4.18093e-05  2.02885e-16  -0.00045262  9.70512e-16 -0.000662653  1.78594e-16  0.000869455  -2.8547e-15   0.00309558 -4.93363e-15   0.00345231 -3.85852e-15   0.00194669 -1.56205e-15  0.000548168 -2.83466e-16  5.29228e-05
 5.45191e-19  4.14393e-06  -2.3153e-17   3.0211e-05 -2.93418e-17 -3.52206e-05  1.88217e-16 -0.000234609   3.2808e-16 -7.65803e-05  -3.6089e-16  0.000691104 -1.47251e-15    0.0012736 -1.71171e-15   0.00102869 -9.89555e-16  0.000425259 -2.83466e-16   7.8287e-05 -2.77119e-17
-1.62291e-07 -8.52878e-19  3.34482e-06 -9.38811e-18  6.03763e-06  7.46347e-18 -2.88321e-05  7.30836e-17 -5.83702e-05  3.19965e-17  5.49558e-05 -2.19833e-16  0.000255597 -4.26609e-16  0.000308152 -3.53634e-16  0.000182061 -1.48708e-16  5.29228e-05 -2.77119e-17  5.22568e-06
