 2.01958e-35  7.26878e-52 -1.19889e-35  9.57036e-52 -8.72303e-36  1.43337e-51  1.09541e-36  -1.1855e-50  9.45048e-36 -2.44422e-50 -6.76169e-36 -1.98399e-50 -3.39452e-36 -3.97654e-50  2.04707e-37  2.99705e-49  5.40476e-37 -2.54871e-49   1.7811e-36  1.65011e-48 -1.12971e-36 -8.07834e-49  6.11499e-37   1.2291e-47 -1.23415e-37 -2.34903e-47 -2.23845e-38  2.79609e-47   8.8333e-38    1.338e-47 -5.05471e-38  8.45894e-47  2.45703e-38  6.45926e-46 -1.01728e-39 -2.68494e-46 -6.48127e-39  7.11262e-46  7.64133e-39  2.68893e-45 -4.26645e-39   1.5632e-45  6.07092e-41  2.64571e-45  1.08645e-39  2.76562e-45 -7.56699e-40  2.58189e-45  2.94861e-40   1.3237e-44  4.85569e-42   1.4606e-45  -5.9743e-41  9.02809e-45  3.95389e-41 -5.35197e-45 -4.40585e-42  4.98487e-45 -6.94617e-42  7.08993e-46  4.21076e-42  9.28309e-46 -1.18964e-42  2.81002e-46  2.09586e-43  2.89338e-45  -5.7216e-45  8.09675e-46    1.216e-43 -6.45203e-47 -6.00153e-44  2.34145e-46  2.56153e-44  6.37561e-47 -5.14635e-44 -1.33741e-46  9.82308e-44  3.37832e-46 -1.94538e-43 -7.18141e-46  3.53839e-43  1.45689e-45 -5.83515e-43 -2.74843e-45  8.64667e-43  4.81898e-45 -1.14048e-42 -7.86342e-45  1.32136e-42  1.19243e-44 -1.31894e-42 -1.67555e-44  1.09812e-42  2.17493e-44 -7.12948e-43 -2.59865e-44  2.90143e-43  2.84645e-44  3.93646e-44   -2.845e-44 -2.11742e-43  2.58075e-44  2.47959e-43 -2.11144e-44  -2.1185e-43  1.54665e-44   1.5684e-43 -1.00558e-44 -1.06295e-43  5.74255e-45  6.52969e-44 -2.84361e-45 -3.49867e-44  1.20131e-45  1.57533e-44 -4.23825e-46 -5.77745e-45  1.21239e-46  1.66373e-45 -2.69116e-47 -3.54756e-46  4.30992e-48  5.03711e-47 -4.31194e-49 -3.75647e-48  1.74187e-50
 7.26878e-52  4.04819e-35  3.47122e-51 -2.79062e-35  1.01429e-50 -1.28989e-35  1.55184e-50  3.36212e-36 -3.47316e-50   8.1916e-36 -7.77947e-50 -2.19601e-36 -9.70157e-50  -1.0142e-35 -3.87867e-49 -3.32519e-36  2.84629e-48   1.7406e-36 -1.79467e-48  4.03657e-36  1.44814e-47 -2.55364e-36 -1.95372e-48  1.21367e-36  9.44987e-47 -1.49514e-37 -2.40141e-46 -1.46847e-40  2.07714e-46  1.36281e-37  3.23437e-46 -1.11781e-37  1.38561e-46  9.82625e-38  4.88915e-45 -2.79759e-38 -1.96535e-45 -9.86778e-39  6.05731e-45   2.0334e-38  1.65851e-44 -1.08102e-38  9.30216e-45  1.68384e-40   1.7207e-44  2.78217e-39  1.70053e-44 -2.44913e-39  1.41159e-44  1.16189e-39  7.81019e-44 -6.94447e-41  7.46998e-45 -1.52208e-40  5.32497e-44  1.25454e-40 -3.57521e-44 -1.65341e-41  2.07617e-44 -2.33216e-41  1.59536e-45  1.53403e-41  2.39271e-45 -4.66976e-42  3.81183e-46  8.10371e-43  1.49664e-44  1.03635e-43  3.85279e-45  4.05354e-43 -7.73299e-46 -3.78469e-43   8.9409e-46  6.23231e-43  9.51293e-46 -1.41594e-42 -2.23726e-45  2.90833e-42  5.18679e-45 -5.55027e-42 -1.07533e-44  9.63678e-42  2.09487e-44  -1.5116e-41 -3.80811e-44  2.12499e-41  6.44553e-44 -2.65099e-41 -1.01449e-43  2.89691e-41  1.48134e-43 -2.72335e-41 -2.00066e-43  2.14328e-41  2.49075e-43 -1.34626e-41 -2.84735e-43  6.04199e-42  2.97558e-43 -1.14809e-42 -2.82811e-43  -9.3295e-43   2.4302e-43  1.22677e-42 -1.87501e-43 -9.30562e-43  1.28839e-43  6.52307e-43 -7.80849e-44 -4.66804e-43   4.1254e-44   3.0883e-43 -1.87258e-44 -1.70906e-43  7.16871e-45  7.59236e-44 -2.25807e-45 -2.65307e-44  5.65051e-46  7.03551e-45  -1.0636e-46 -1.31336e-45  1.36569e-47  1.48245e-46 -9.53148e-49 -6.49377e-48
-1.19889e-35  3.47122e-51  8.05081e-35  1.07159e-50 -6.29232e-35  4.37578e-50 -1.31471e-35  5.05944e-50  1.18836e-35 -5.68301e-50 -8.07596e-36 -6.62728e-50  1.28042e-35 -3.54436e-49 -1.70779e-35 -2.71678e-48 -1.13458e-35  1.79008e-47  3.78935e-36 -7.72694e-48  6.56085e-36  8.55837e-47 -4.23042e-36  1.79586e-47  1.49049e-36  4.62608e-46 -5.70489e-38 -1.75519e-45  1.90068e-37  9.30876e-46  1.02118e-37  2.81869e-45 -2.20054e-37  -1.9846e-45  2.58282e-37  2.44502e-44 -9.97649e-38 -1.01327e-44 -1.35205e-39  3.24691e-44  3.43003e-38  7.04126e-44 -1.83832e-38  3.35647e-44  1.42377e-39  7.45875e-44  4.24179e-39  6.78582e-44 -5.60192e-39  5.09557e-44  3.14498e-39  3.18761e-43 -3.82632e-40  2.68358e-44 -2.48416e-40   2.1985e-43  2.81805e-40   -1.616e-43 -3.91676e-41  5.05333e-44 -5.81647e-41 -2.75958e-46  3.96736e-41 -8.87835e-46 -1.25339e-41 -2.41218e-45  2.23402e-42  5.38484e-44  3.41791e-44  1.20893e-44  2.69108e-42 -3.30041e-45  -5.9086e-42 -1.19859e-46  1.35893e-41  1.10262e-44 -2.96952e-41 -2.55111e-44  5.91983e-41  5.58339e-44 -1.07822e-40 -1.12333e-43  1.78026e-40  2.11438e-43 -2.64603e-40 -3.71241e-43     3.51e-40  6.06663e-43 -4.11068e-40 -9.20645e-43  4.19041e-40  1.29387e-42 -3.64692e-40 -1.67853e-42  2.63438e-40  2.00262e-42 -1.50974e-40 -2.18803e-42   6.3104e-41  2.17855e-42 -1.56586e-41 -1.96556e-42  7.91878e-43  1.59642e-42 -3.87368e-43 -1.15826e-42  1.50876e-42  7.43854e-43 -8.48683e-43 -4.18253e-43 -2.01355e-43  2.03169e-43  5.71635e-43 -8.38501e-44 -4.32615e-43  2.87761e-44  2.09762e-43 -7.97564e-45 -7.34802e-44  1.71069e-45  1.83587e-44 -2.64728e-46 -2.97015e-45  2.57034e-47  2.46522e-46 -1.01802e-48
 9.57036e-52 -2.79062e-35  1.07159e-50   1.5752e-34  2.44518e-50  -1.1585e-34  1.31819e-49 -6.17874e-36  5.66509e-50  2.43421e-35 -7.15458e-51 -3.34948e-35  7.42614e-49  3.01061e-35 -9.34143e-49  -1.8982e-35 -1.62208e-47 -2.28785e-35  8.53085e-47  6.59907e-36 -2.13618e-47  8.79509e-36  3.87656e-46 -5.65142e-36  2.23631e-46  1.01998e-36  1.49543e-45  4.72078e-38 -1.03996e-44  6.63576e-37  2.30575e-45 -6.16767e-39  1.60464e-44 -4.20934e-37 -2.02387e-44  5.16139e-37  9.25866e-44 -2.27635e-37 -4.32612e-44  3.76903e-38  1.28223e-43  3.57425e-38  2.38108e-43 -2.37211e-38  6.97126e-44   6.8392e-39  2.45577e-43   3.2861e-39  1.91941e-43 -1.05714e-38  1.36973e-43  6.86293e-39   1.0393e-42 -1.19559e-39  7.63647e-44 -2.58603e-40  7.39046e-43  5.05095e-40  -5.7398e-43 -6.33465e-41  5.58949e-44 -1.23524e-40 -1.23333e-44  8.38016e-41 -3.25371e-44 -2.82536e-41 -1.71876e-44  9.27088e-42  1.56111e-43 -1.30019e-41  2.58341e-44  4.28611e-41 -1.84921e-45 -1.05448e-40 -3.16252e-44  2.39653e-40  1.04309e-43 -5.00393e-40 -2.33279e-43  9.54057e-40  4.89515e-43 -1.65403e-39 -9.54488e-43  2.59029e-39  1.73809e-42 -3.63602e-39  -2.9493e-42  4.53078e-39  4.65249e-42 -4.94995e-39   -6.805e-42  4.66386e-39  9.20062e-42 -3.70348e-39 -1.14582e-41    2.395e-39   1.3091e-41 -1.19333e-39  -1.3657e-41   4.1643e-40  1.29397e-41  -9.3111e-41 -1.10651e-41  3.88915e-41   8.4773e-42 -5.44114e-41 -5.76843e-42  5.00022e-41  3.45023e-42 -2.78823e-41 -1.79131e-42  9.81289e-42  7.94865e-43 -1.88949e-42 -2.95606e-43 -1.36109e-43  8.98035e-44  2.83542e-43 -2.15093e-44  -1.2814e-43  3.84946e-45  3.27571e-44  -4.6839e-46 -4.55119e-45  3.10879e-47  2.31191e-46
-8.72303e-36  1.01429e-50 -6.29232e-35  2.44518e-50  2.63789e-34  3.16614e-50 -1.73989e-34  4.11519e-49  5.50575e-36  -3.4215e-49  3.55875e-35  3.54475e-49 -5.61827e-35  6.56956e-48  3.93085e-35  4.33273e-49 -1.24747e-35 -8.81905e-47 -3.57566e-35  3.14301e-46   9.9478e-36 -2.89007e-47  1.00735e-35  1.38025e-45 -6.03939e-36  1.43909e-45 -4.40474e-37  1.92466e-45 -3.80843e-38  -5.2374e-44  1.40027e-36 -2.48824e-45 -8.12195e-38  6.90337e-44 -7.45685e-37 -1.17538e-43  8.35206e-37  2.76306e-43 -4.11603e-37 -1.63153e-43  1.37377e-37  3.92054e-43  2.14871e-39  6.83994e-43  -2.3957e-38 -2.91104e-44  2.16696e-38  6.34937e-43  -2.9285e-39  3.40004e-43 -1.76501e-38  2.76536e-43   1.2908e-38  2.87159e-42  -2.8136e-39  1.72634e-43 -3.96136e-41  2.15866e-42   7.3909e-40 -1.70663e-42 -5.76541e-41 -1.40781e-43 -2.37063e-40  -3.9884e-44  1.60735e-40 -1.60115e-43 -8.08959e-41 -6.64933e-44  1.02949e-40  3.93884e-43 -2.61152e-40  1.00324e-44  6.89902e-40  9.14197e-44 -1.63695e-39  -3.3799e-43  3.56625e-39  8.47626e-43 -7.11311e-39 -1.83366e-42  1.29281e-38  3.71449e-42 -2.12907e-38 -7.01613e-42  3.15455e-38  1.23615e-41 -4.16838e-38 -2.02702e-41  4.85781e-38  3.08576e-41 -4.92035e-38 -4.34834e-41  4.24499e-38   5.6532e-41 -3.02838e-38 -6.75476e-41  1.70294e-38  7.38506e-41 -6.90814e-39 -7.35036e-41  1.66626e-39  6.62051e-41 -2.24532e-40 -5.35891e-41  3.55655e-40  3.86622e-41 -5.32445e-40 -2.46178e-41  4.11031e-40  1.36709e-41 -2.03924e-40 -6.52505e-42  7.28111e-41  2.62822e-42 -2.01779e-41 -8.72558e-43   4.1908e-42  2.31362e-43 -3.95623e-43 -4.68459e-44 -9.58957e-44  6.74748e-45  3.89744e-44 -6.03047e-46 -4.65109e-45  2.19666e-47
 1.43337e-51 -1.28989e-35  4.37578e-50  -1.1585e-34  3.16614e-50  3.76108e-34 -6.09912e-50 -2.17868e-34  1.76912e-48  1.45704e-35 -3.27064e-48  4.39732e-35  1.22639e-48 -6.96023e-35  3.81393e-47  3.60711e-35   2.5551e-47  2.36791e-36 -4.46802e-46 -4.81496e-35  8.21929e-46  1.35279e-35  4.34518e-47  9.78344e-36  3.62191e-45 -4.66158e-36  6.87795e-45 -2.84388e-36 -1.35787e-44 -4.49424e-37 -2.29994e-43  2.14445e-36 -6.33257e-44  7.83987e-38  2.37341e-43 -1.17957e-36 -5.23507e-43  1.12664e-36  6.41336e-43 -6.49146e-37 -5.56185e-43  3.39004e-37  9.19236e-43  -9.1993e-38  1.74462e-42  -1.9191e-38 -1.02779e-42  5.23552e-38  1.25382e-42 -1.64967e-38 -5.42684e-44 -2.71719e-38  3.73795e-43  2.16782e-38  6.94646e-42 -5.46173e-39  2.75157e-43  5.85495e-40  5.67815e-42  8.50147e-40 -4.40307e-42   4.5114e-41 -1.04338e-42 -4.58066e-40 -5.67519e-44  4.10623e-40  -5.2885e-43 -5.96335e-40  -2.1349e-43  1.49317e-39  9.56252e-43 -3.94469e-39 -3.34463e-43  9.76632e-39  9.98858e-43 -2.21875e-38 -2.67487e-42  4.62318e-38  6.12656e-42 -8.79899e-38 -1.28394e-41  1.52158e-37  2.51705e-41 -2.37535e-37 -4.60372e-41  3.32098e-37  7.84538e-41 -4.11667e-37 -1.24274e-40  4.46574e-37  1.82484e-40 -4.16481e-37 -2.47623e-40  3.25449e-37  3.09399e-40 -2.04519e-37 -3.54492e-40  9.57252e-38  3.70658e-40 -2.75103e-38 -3.51719e-40  1.27842e-39  3.00906e-40  8.34491e-40 -2.30316e-40  2.60665e-39  1.56265e-40 -3.51496e-39   -9.294e-41  2.26848e-39  4.77965e-41 -9.76103e-40 -2.08934e-41  3.29101e-40  7.59503e-42 -9.64402e-41 -2.23042e-42  2.30279e-41   5.0841e-43 -3.52563e-42 -8.47694e-44  1.88415e-43  9.35482e-45  2.43819e-44 -5.47491e-46 -2.73513e-45
 1.09541e-36  1.55184e-50 -1.31471e-35  1.31819e-49 -1.73989e-34 -6.09912e-50  4.68911e-34 -7.20571e-49 -2.33605e-34  9.11794e-48  1.38254e-35 -1.97083e-47  5.42269e-35 -2.28827e-48 -7.69461e-35  1.83622e-46  2.32133e-35  1.90126e-46  2.33292e-35  -2.1052e-45 -5.94558e-35  7.12646e-46   1.7038e-35  3.48716e-46  7.54395e-36  4.26802e-45 -1.19354e-36  2.70949e-44 -5.85493e-36 -1.31339e-43 -1.10659e-36 -8.95299e-43  2.37795e-36 -4.16041e-43  7.22636e-37  6.61813e-43 -1.64362e-36 -1.96028e-42  1.26935e-36   1.0268e-42 -9.51479e-37 -1.71281e-42      6.9e-37  1.45481e-42 -2.66362e-37  4.12377e-42 -1.40185e-38 -5.67306e-42  1.03766e-37  1.56891e-42 -3.68797e-38 -3.38732e-42 -3.95476e-38  9.10157e-44  3.31957e-38  1.50283e-41 -9.11896e-39  9.31429e-44  1.80086e-39  1.37267e-41  5.92088e-40 -1.00943e-41  4.93766e-40 -3.74932e-42 -1.42673e-39  5.16639e-44  2.81589e-39 -1.34619e-42 -7.44415e-39 -7.56869e-43  2.02918e-38  2.71288e-42 -5.19832e-38  -3.0696e-42  1.23053e-37  7.66387e-42 -2.67614e-37 -1.83945e-41  5.32747e-37   4.0186e-41 -9.66117e-37 -8.16181e-41   1.5866e-36  1.54926e-40 -2.34254e-36 -2.74236e-40   3.0814e-36  4.51779e-40 -3.56936e-36 -6.90922e-40  3.58462e-36  9.78071e-40 -3.05285e-36 -1.27731e-39  2.13052e-36  1.53297e-39  -1.1456e-36 -1.68322e-39  4.10227e-37  1.68217e-39 -4.56708e-38 -1.52082e-39 -3.74278e-38  1.23496e-39  9.04865e-39  -8.9305e-40  1.75547e-38  5.69207e-40 -1.82955e-38 -3.15752e-40  9.53808e-39   1.5006e-40 -3.50751e-39 -5.98836e-41   1.1274e-39  1.95447e-41 -3.37135e-40 -5.03274e-42   7.8486e-41  9.70695e-43 -1.14207e-41 -1.29206e-43  8.13933e-43  1.01903e-44 -7.67266e-45 -3.07451e-46
 -1.1855e-50  3.36212e-36  5.05944e-50 -6.17874e-36  4.11519e-49 -2.17868e-34 -7.20571e-49  5.26999e-34  -4.1527e-48 -2.22364e-34  4.61516e-47 -4.84895e-37 -1.01259e-46  7.38076e-35 -5.84056e-47  -8.5415e-35  7.73544e-46  5.67073e-36  9.11666e-46  4.81579e-35 -9.12794e-45 -7.02385e-35 -7.98145e-45  2.03654e-35  1.23814e-45  3.31789e-36 -2.37453e-44  4.03696e-36   9.3305e-44 -8.91635e-36 -7.19066e-43 -1.64849e-36 -3.12517e-42  1.39416e-36 -1.93878e-42  2.06644e-36  1.45567e-42 -1.99039e-36 -6.45225e-42  1.14799e-36   3.1369e-43 -1.35962e-36 -4.69909e-42  1.23473e-36  2.67344e-43 -5.26782e-37  9.47421e-42 -1.66324e-38 -2.19067e-41   1.7523e-37 -5.65192e-43 -5.93388e-38 -1.70614e-41 -5.51178e-38 -1.26597e-42  4.69916e-38  2.95473e-41 -1.34108e-38 -1.39158e-42  3.91258e-39  3.08154e-41 -9.57144e-40 -2.09342e-41  3.87947e-39 -1.01911e-41 -1.15607e-38  4.67134e-43  3.31881e-38 -2.44939e-42 -9.42031e-38 -3.58091e-42   2.5065e-37  1.08581e-41 -6.17235e-37  -2.1153e-41  1.39983e-36  5.04831e-41 -2.91183e-36  -1.1467e-40  5.53087e-36  2.41717e-40 -9.54129e-36 -4.75616e-40  1.48504e-35  8.73866e-40 -2.06837e-35 -1.49602e-39  2.55131e-35  2.38092e-39 -2.74911e-35 -3.51317e-39  2.53911e-35  4.79134e-39 -1.95386e-35 -6.01822e-39  1.19363e-35  6.93336e-39 -5.22316e-36 -7.29128e-39  1.12816e-36  6.96013e-39  3.34312e-37 -5.99132e-39 -3.28569e-37  4.61438e-39   1.9404e-38 -3.14991e-39  1.04428e-37  1.88401e-39 -7.72503e-38 -9.73379e-40  3.12883e-38  4.26632e-40 -9.90507e-39 -1.54952e-40  3.21303e-39  4.51811e-41 -9.63616e-40 -1.01122e-41  2.00504e-40  1.62253e-42 -2.46938e-41 -1.66025e-43  1.58018e-42  8.40043e-45 -2.94112e-44
 9.45048e-36 -3.47316e-50  1.18836e-35  5.66509e-50  5.50575e-36  1.76912e-48 -2.33605e-34  -4.1527e-48  5.52541e-34 -2.02639e-47 -1.99154e-34    2.159e-46 -2.70768e-35 -4.68015e-46  1.06203e-34 -4.62293e-46  -9.7802e-35   2.9183e-45 -1.42343e-35  3.09384e-45  7.57089e-35 -3.60794e-44 -8.17345e-35  -6.7263e-44  2.37255e-35  7.06399e-45 -2.48446e-36  -2.2373e-43   9.9672e-36  2.96124e-43 -1.13386e-35 -3.09333e-42 -1.48734e-36 -9.86334e-42 -1.51884e-36 -7.37603e-42  4.17757e-36  2.18247e-42 -2.01127e-36 -1.91669e-41  6.99869e-37 -5.35222e-42 -1.95319e-36 -1.11982e-41  2.00361e-36  -8.5897e-42 -8.61093e-37  2.21267e-41 -3.54008e-38 -6.92481e-41    2.568e-37 -1.08363e-41   -7.463e-38 -5.98518e-41 -7.38587e-38 -4.53325e-42  6.22675e-38  5.35415e-41 -1.81293e-38 -6.84701e-42  9.52994e-39  6.45017e-41  -1.3451e-38 -3.99043e-41  4.28751e-38 -2.29697e-41 -1.34978e-37  5.72161e-43  3.99487e-37 -2.83085e-43  -1.1049e-36 -2.04596e-41  2.83027e-36   5.6267e-41 -6.68752e-36 -1.29756e-40  1.45218e-35   3.0062e-40 -2.88585e-35 -6.56846e-40  5.22239e-35   1.3396e-39 -8.55442e-35 -2.55199e-39  1.25898e-34  4.53567e-39 -1.64933e-34 -7.50424e-39  1.90029e-34  1.15295e-38 -1.89435e-34 -1.64025e-38  1.59572e-34  2.15371e-38 -1.09348e-34 -2.60012e-38  5.66563e-35  2.87356e-38 -1.81048e-35 -2.89229e-38 -2.79137e-37  2.63535e-38  3.75336e-36 -2.15831e-38 -1.60093e-36  1.57527e-38 -2.05578e-37 -1.01406e-38  5.17365e-37  5.68449e-39  -2.6015e-37 -2.73077e-39  7.82723e-38  1.10125e-39 -2.28393e-38 -3.62749e-40  8.18616e-39  9.39603e-41 -2.32664e-39 -1.80959e-41  3.98515e-40  2.36675e-42 -3.92267e-41 -1.76872e-43  1.99721e-42  4.62763e-45
-2.44422e-50   8.1916e-36 -5.68301e-50  2.43421e-35  -3.4215e-49  1.45704e-35  9.11794e-48 -2.22364e-34 -2.02639e-47  5.62014e-34 -9.09667e-47 -1.83598e-34  9.29439e-46 -5.91167e-35 -1.97422e-45  1.46598e-34 -2.61933e-45 -1.09076e-34  1.00221e-44 -3.77319e-35  6.22029e-45   1.0607e-34 -1.29172e-43 -9.55185e-35  -3.5469e-43   2.7626e-35  5.95026e-44 -8.88206e-36 -1.19659e-42  1.49028e-35  9.17438e-43 -1.24234e-35 -1.13942e-41  3.39381e-38 -2.83118e-41 -6.81476e-36 -2.41392e-41  6.86225e-36  1.81703e-43 -1.45852e-36 -5.22885e-41  -3.8928e-38 -2.61084e-41 -2.84804e-36 -2.20463e-41  3.00319e-36 -4.07333e-41 -1.23937e-36  5.36666e-41 -7.43989e-38 -1.89515e-40  3.27719e-37 -4.11707e-41 -7.05349e-38 -1.72573e-40  -9.5452e-38 -9.51483e-42  7.99488e-38  9.07201e-41 -3.07753e-38 -2.20174e-41  5.16676e-38  1.26021e-40 -1.54352e-37 -7.13377e-41  5.05527e-37 -4.31618e-41 -1.56246e-36 -7.14017e-42  4.48978e-36    2.967e-41 -1.19584e-35 -1.19285e-40  2.94194e-35  3.09846e-40 -6.66285e-35 -7.31095e-40  1.38381e-34  1.64409e-39 -2.62362e-34  -3.4715e-39  4.51586e-34  6.85152e-39 -7.00929e-34 -1.26275e-38  9.72898e-34  2.16939e-38 -1.19475e-33 -3.46623e-38  1.27983e-33  5.13741e-38 -1.17233e-33 -7.04195e-38  8.90759e-34    8.896e-38 -5.32064e-34 -1.03158e-37   2.2072e-34  1.09292e-37 -3.55639e-35 -1.05211e-37  -2.6214e-35  9.14346e-38  2.14234e-35  -7.1184e-38 -4.64426e-36   4.9185e-38 -2.37363e-36 -2.98206e-38  2.04283e-36  1.56417e-38 -6.57469e-37 -6.97135e-39  1.38201e-37   2.5787e-39 -4.72592e-38  -7.6678e-40  1.94917e-38  1.75118e-40 -4.68297e-39 -2.86344e-41  6.12246e-40  2.96678e-42  -4.7312e-41 -1.48717e-43  1.59916e-42
-6.76169e-36 -7.77947e-50 -8.07596e-36 -7.15458e-51  3.55875e-35 -3.27064e-48  1.38254e-35  4.61516e-47 -1.99154e-34 -9.09667e-47  5.75338e-34 -3.83904e-46 -1.90385e-34   3.7052e-45 -8.55833e-35 -7.64313e-45  1.82637e-34 -1.20769e-44 -1.09379e-34  3.18472e-44 -6.76667e-35 -6.47589e-45  1.40253e-34 -4.16595e-43 -1.13402e-34 -1.52173e-42  3.26589e-35   4.2336e-43 -1.42945e-35 -5.10542e-42  1.68638e-35  2.91624e-42   -1.167e-35 -3.73248e-41  3.44136e-36 -7.41986e-41  -1.4424e-35 -6.97688e-41  9.59241e-36 -1.35561e-41 -8.81789e-38 -1.32634e-40 -9.01254e-37  -8.4498e-41 -4.18016e-36 -3.09367e-41  4.20838e-36 -1.30659e-40 -1.61681e-36  1.33466e-40 -1.30196e-37 -4.61756e-40  3.58472e-37 -1.12424e-40  -3.4084e-38 -4.32672e-40 -1.24625e-37 -1.18892e-41   1.2614e-37  1.46178e-40 -1.57207e-37 -5.75595e-41  5.23512e-37  2.30333e-40 -1.76897e-36 -1.24563e-40   5.6717e-36 -5.80488e-41 -1.69302e-35  -7.1164e-41  4.68589e-35  2.25449e-40 -1.19947e-34  -6.5914e-40  2.83094e-34  1.64292e-39  -6.1388e-34  -3.8053e-39  1.21793e-33  8.29353e-39 -2.19966e-33 -1.69386e-38   3.5944e-33  3.23373e-38 -5.27421e-33 -5.76155e-38  6.88357e-33  9.56122e-38 -7.89238e-33 -1.47431e-37  7.81603e-33  2.10655e-37 -6.52173e-33 -2.78026e-37  4.40153e-33  3.37704e-37  -2.2134e-33 -3.75898e-37   6.4328e-34  3.81522e-37  7.81953e-35 -3.51022e-37 -1.89494e-34  2.90725e-37  8.32427e-35 -2.14947e-37 -2.12219e-36  1.40433e-37 -1.38113e-35 -8.00671e-38  6.08864e-36  3.92151e-38 -1.02576e-36 -1.61684e-38  1.39663e-37  5.46262e-39 -1.05526e-37 -1.45691e-39  4.25161e-38  2.90283e-40 -7.48398e-39  -3.9513e-41  7.14119e-40  3.09696e-42 -4.40956e-41 -8.58037e-44
-1.98399e-50 -2.19601e-36 -6.62728e-50 -3.34948e-35  3.54475e-49  4.39732e-35 -1.97083e-47 -4.84895e-37    2.159e-46 -1.83598e-34 -3.83904e-46  6.05426e-34 -1.53342e-45 -2.24751e-34  1.37672e-44  -9.4827e-35   -2.722e-44  1.99663e-34   -4.745e-44 -9.01047e-35  9.55895e-44 -1.05886e-34 -1.37435e-43  1.79665e-34 -1.20016e-42 -1.37239e-34  -5.7137e-42  3.92318e-35  2.37897e-42 -1.67501e-35 -1.88447e-41  1.41749e-35  9.65169e-42 -9.08216e-36 -1.11026e-40  8.97341e-36 -1.77916e-40 -2.35948e-35 -1.80798e-40   1.1522e-35 -6.27523e-41  2.27694e-36 -3.15741e-40 -1.58909e-36 -2.25128e-40 -6.07411e-36 -6.72804e-42  5.55689e-36 -3.45058e-40 -1.93747e-36   3.2976e-40 -1.91201e-37 -1.01833e-39  3.13743e-37 -2.55585e-40  5.96445e-38 -9.69163e-40 -2.38418e-37   2.8049e-42  5.24107e-37  2.28796e-40  -1.6275e-36 -1.31783e-40  5.78494e-36  3.98714e-40 -1.92283e-35 -2.34444e-40  5.95501e-35  2.08717e-41  -1.7119e-34 -4.51797e-40  4.55649e-34  1.28442e-39 -1.11984e-33 -3.38197e-39  2.53306e-33  8.13324e-39 -5.25315e-33  -1.8294e-38  9.94198e-33  3.85961e-38 -1.70757e-32 -7.62318e-38  2.64345e-32  1.40685e-37 -3.65716e-32 -2.42154e-37  4.47248e-32  3.87918e-37 -4.76482e-32 -5.76902e-37  4.33176e-32  7.94193e-37 -3.25443e-32  -1.0087e-36  1.90651e-32  1.17738e-36 -7.55857e-33 -1.25727e-36   8.8535e-34  1.22175e-36  1.19251e-33 -1.07359e-36 -8.79553e-34  8.46701e-37  2.07938e-34 -5.93891e-37  6.13271e-35  3.66386e-37 -5.43916e-35 -1.96075e-37  1.18672e-35  8.94385e-38   1.3036e-37 -3.39853e-38  5.79861e-38  1.04291e-38 -2.72564e-37 -2.47294e-39  7.78963e-38  4.23397e-40  -8.7423e-39 -4.65398e-41  6.41886e-40   2.5344e-42 -2.96726e-41
-3.39452e-36 -9.70157e-50  1.28042e-35  7.42614e-49 -5.61827e-35  1.22639e-48  5.42269e-35 -1.01259e-46 -2.70768e-35  9.29439e-46 -1.90385e-34 -1.53342e-45  6.54644e-34 -5.79223e-45 -2.83406e-34  4.79437e-44  -7.9017e-35 -8.91306e-44  1.87723e-34 -1.62268e-43 -4.91361e-35  2.78551e-43 -1.51384e-34 -8.30699e-43  2.25313e-34 -3.03422e-42 -1.68366e-34  -1.9382e-41  4.73176e-35  1.10058e-41 -1.43151e-35 -6.21531e-41  6.14914e-36   3.2416e-41 -5.50095e-36 -3.03764e-40  1.65357e-35 -3.90378e-40 -3.29297e-35 -4.23745e-40  1.16194e-35 -2.00016e-40  5.67935e-36 -7.10575e-40 -1.72349e-36 -5.29834e-40  -8.5963e-36  1.45523e-40  6.94624e-36 -7.99133e-40 -2.13985e-36  7.86381e-40 -2.32602e-37 -2.05461e-39  1.20196e-37 -5.09985e-40  4.27131e-37  -1.9697e-39 -1.35332e-36  6.82375e-41  4.88916e-36  3.57887e-40 -1.76985e-35 -2.79861e-40  6.11043e-35  6.84674e-40 -1.96255e-34 -5.63075e-40  5.85627e-34  6.48761e-40 -1.61983e-33 -2.39935e-39  4.14257e-33  6.41884e-39 -9.76624e-33   -1.602e-38  2.11495e-32  3.72312e-38 -4.18932e-32 -8.10742e-38  7.55164e-32   1.6543e-37 -1.23111e-31  -3.1581e-37  1.80126e-31  5.63051e-37 -2.34239e-31 -9.35697e-37  2.67316e-31  1.44614e-36 -2.63078e-31 -2.07317e-36  2.17566e-31  2.74849e-36 -1.44787e-31  -3.3578e-36  7.08606e-32  3.76474e-36 -1.88333e-32  -3.8551e-36 -4.18233e-33  3.58494e-36  6.93344e-33 -3.00696e-36 -2.91447e-33  2.25647e-36   1.1494e-34 -1.49996e-36  3.98328e-34  8.72506e-37 -1.46818e-34 -4.37343e-37  4.52043e-36  1.85212e-37   5.9599e-36  -6.4558e-38   5.0429e-37  1.78635e-38 -6.67938e-37 -3.72101e-39  1.04458e-37  5.35596e-40 -6.50914e-39 -4.52509e-41  5.01466e-40  1.40495e-42
-3.97654e-50  -1.0142e-35 -3.54436e-49  3.01061e-35  6.56956e-48 -6.96023e-35 -2.28827e-48  7.38076e-35 -4.68015e-46 -5.91167e-35   3.7052e-45 -2.24751e-34 -5.79223e-45  7.18219e-34 -2.05647e-44 -3.58601e-34  1.57292e-43 -3.74567e-35 -2.67193e-43   1.4701e-34 -4.87714e-43  7.06658e-36  8.13589e-43 -1.99817e-34  -3.6744e-42  2.76979e-34 -6.44754e-42 -2.06791e-34 -6.04202e-41  5.62011e-35  4.35492e-41  -5.5386e-36 -1.86161e-40 -6.41996e-36   1.0622e-40 -2.78958e-36 -7.70765e-40  2.57782e-35 -7.81979e-40 -4.06426e-35 -9.01745e-40  8.90206e-36 -5.26567e-40  9.98142e-36 -1.52079e-39 -9.47303e-37 -1.14357e-39 -1.17004e-35  6.54834e-40  8.23857e-36 -1.67263e-39 -2.18309e-36  1.77823e-39 -1.20041e-37 -3.82044e-39 -7.96395e-37 -9.18563e-40  3.51428e-36 -3.66722e-39 -1.34661e-35  2.46107e-40  5.11759e-35  5.83658e-40 -1.82597e-34 -5.99697e-40  6.08162e-34  1.31913e-39 -1.88287e-33 -1.85414e-39  5.40904e-33   3.8941e-39  -1.4385e-32 -1.13639e-38  3.53179e-32  2.91032e-38 -7.97919e-32 -6.98113e-38  1.65237e-31  1.56805e-37 -3.12182e-31 -3.30142e-37  5.35061e-31     6.51e-37 -8.26191e-31 -1.20044e-36  1.13938e-30  2.06637e-36 -1.38774e-30 -3.31362e-36   1.4706e-30  4.93858e-36 -1.32719e-30 -6.82213e-36  9.86317e-31  8.70713e-36 -5.67136e-31 -1.02295e-35  2.15192e-31  1.10144e-35 -1.62631e-32 -1.08133e-35 -4.11732e-32  9.62033e-36  2.78102e-32 -7.69954e-36 -6.17756e-33  5.49445e-36 -1.89567e-33 -3.45812e-36  1.48667e-33  1.89377e-36 -2.15544e-34 -8.87002e-37 -6.58852e-35  3.47466e-37  1.61072e-35 -1.10456e-37  3.64391e-36  2.73011e-38 -1.23811e-36 -4.91501e-39   7.5612e-38  5.75774e-40 -2.60375e-39 -3.42187e-41  3.58352e-40
 2.04707e-37 -3.87867e-49 -1.70779e-35 -9.34143e-49  3.93085e-35  3.81393e-47 -7.69461e-35 -5.84056e-47  1.06203e-34 -1.97422e-45 -8.55833e-35  1.37672e-44 -2.83406e-34 -2.05647e-44  7.90492e-34 -6.79749e-44 -4.42522e-34  4.88726e-43  2.25472e-35  -7.2572e-43  8.92028e-35 -1.29101e-42  6.49994e-35   2.4417e-42 -2.44607e-34 -1.36201e-41  3.32856e-34 -1.00519e-41 -2.50481e-34  -1.7487e-40  6.41654e-35  1.51406e-40  1.03328e-35 -5.11072e-40 -2.12395e-35  3.29698e-40 -3.68494e-36 -1.82347e-39  3.62491e-35 -1.42136e-39 -4.49786e-35 -1.74034e-39  2.71045e-36 -1.21293e-39  1.48674e-35 -3.11062e-39  9.42992e-37 -2.32291e-39 -1.51879e-35  1.98759e-39  9.31569e-36 -3.21946e-39 -2.29461e-36  3.78243e-39  1.53073e-36  -6.5794e-39 -8.63225e-36 -1.52411e-39  3.54239e-35 -6.29087e-39  -1.3919e-34   6.1963e-40  5.15148e-34  1.06184e-39 -1.77744e-33 -1.46294e-39  5.70734e-33  3.35163e-39 -1.70201e-32 -7.25745e-39  4.70409e-32  1.82368e-38 -1.20192e-31 -4.88265e-38  2.83047e-31  1.20396e-37 -6.12157e-31 -2.78526e-37  1.21067e-30   6.0428e-37 -2.17824e-30 -1.22889e-36  3.54294e-30  2.33986e-36 -5.16907e-30 -4.16484e-36  6.69804e-30  6.91758e-36  -7.6088e-30 -1.06992e-35  7.44212e-30  1.53719e-35 -6.10077e-30 -2.04575e-35  4.00389e-30  2.51348e-35 -1.90714e-30 -2.83985e-35   4.6032e-31  2.93695e-35  1.54486e-31 -2.76489e-35 -2.05137e-31  2.35379e-35  8.06422e-32 -1.79759e-35 -1.21083e-33  1.21958e-35 -1.13346e-32 -7.26266e-36  3.56635e-33  3.73914e-36  2.17829e-34 -1.63234e-36 -2.71319e-34  5.88948e-37  9.68545e-36  -1.6953e-37   1.2183e-35  3.69754e-38 -1.35937e-36 -5.62435e-39 -2.40863e-38  5.09577e-40 -1.92485e-39 -1.74264e-41
 2.99705e-49 -3.32519e-36 -2.71678e-48  -1.8982e-35  4.33273e-49  3.60711e-35  1.83622e-46  -8.5415e-35 -4.62293e-46  1.46598e-34 -7.64313e-45  -9.4827e-35  4.79437e-44 -3.58601e-34 -6.79749e-44  8.69855e-34 -2.06638e-43 -5.29899e-34  1.44626e-42  8.74035e-35 -1.74652e-42  3.41862e-35 -2.99355e-42  1.08348e-34  7.55532e-42 -2.79313e-34 -4.45203e-41  3.90003e-34 -3.44447e-42 -2.95096e-34 -4.73021e-40  6.81899e-35   4.7129e-40  3.34555e-35 -1.29333e-39 -3.50797e-35  9.54559e-40 -1.12456e-35 -4.03553e-39  4.75522e-35 -2.31432e-39 -4.46685e-35 -3.02068e-39 -7.06879e-36 -2.50932e-39  1.98983e-35 -6.10531e-39  3.89574e-36 -4.52828e-39 -1.87879e-35   4.9636e-39  1.06298e-35 -5.76192e-39 -5.61803e-36  7.55125e-39  1.95596e-35 -1.05252e-38 -8.79804e-35 -2.37719e-39  3.58802e-34 -9.96253e-39 -1.37425e-33  1.21694e-39  4.91312e-33  2.33671e-39 -1.63542e-32 -4.35397e-39  5.06045e-32  1.10626e-38 -1.45273e-31 -2.87915e-38   3.8602e-31  7.47675e-38 -9.46814e-31 -1.90306e-37  2.13656e-30  4.52319e-37 -4.41823e-30 -1.00925e-36  8.33319e-30  2.11271e-36 -1.42532e-29  -4.1453e-36  2.19529e-29  7.61385e-36 -3.01793e-29 -1.30711e-35  3.66107e-29  2.09359e-35 -3.85922e-29 -3.12192e-35  3.45754e-29  4.32335e-35 -2.54162e-29 -5.54381e-35  1.43406e-29  6.55953e-35 -5.19534e-30 -7.13199e-35   1.6239e-31  7.09032e-35  1.17143e-30 -6.40686e-35 -7.29219e-31   5.2241e-35   1.4395e-31 -3.81016e-35   5.6967e-32  2.45887e-35 -3.80579e-32 -1.38528e-35  3.85724e-33  6.69772e-36  2.37684e-33  -2.7182e-36 -5.38248e-34  8.98832e-37 -6.99274e-35 -2.32218e-37  2.29459e-35  4.39774e-38 -3.91191e-38 -5.46971e-39 -1.03216e-37  3.50384e-40 -3.75337e-39
 5.40476e-37  2.84629e-48 -1.13458e-35 -1.62208e-47 -1.24747e-35   2.5551e-47  2.32133e-35  7.73544e-46  -9.7802e-35 -2.61933e-45  1.82637e-34   -2.722e-44  -7.9017e-35  1.57292e-43 -4.42522e-34 -2.06638e-43  9.60074e-34 -5.68033e-43 -6.18066e-34  4.09953e-42  1.40813e-34 -3.53438e-42  3.78361e-36 -5.98546e-42  1.23139e-34  2.36455e-41  -3.0043e-34  -1.3182e-40  4.45529e-34  5.37432e-41 -3.34393e-34 -1.20129e-39  6.39279e-35  1.33146e-39  6.36638e-35 -3.02749e-39 -4.47638e-35   2.5633e-39 -2.80183e-35 -8.36962e-39  5.94425e-35 -3.28307e-39 -3.92707e-35 -4.61014e-39 -1.99134e-35 -4.72704e-39  2.45745e-35 -1.15363e-38  7.75388e-36  -8.5871e-39  -2.3308e-35  1.08289e-38  1.89955e-35 -9.65827e-39 -4.58241e-35  1.41592e-38  2.05669e-34 -1.56528e-38 -8.76787e-34 -3.57983e-39  3.47675e-33 -1.44967e-38 -1.28722e-32   1.6893e-39  4.44058e-32  6.32572e-39 -1.42508e-31 -1.47055e-38  4.24712e-31  3.96412e-38 -1.17295e-30 -1.06711e-37  2.99425e-30  2.72872e-37 -7.04377e-30 -6.65858e-37  1.52144e-29  1.52367e-36 -3.00437e-29 -3.27386e-36  5.39545e-29  6.60057e-36 -8.75596e-29 -1.24741e-35   1.2739e-28  2.20704e-35  -1.6449e-28 -3.65041e-35  1.86004e-28  5.63432e-35 -1.80811e-28 -8.09845e-35  1.46916e-28  1.08128e-34 -9.50636e-29 -1.33702e-34  4.40152e-29  1.52554e-34 -9.49319e-30  -1.5991e-34 -4.55635e-30  1.53164e-34  5.13898e-30 -1.33174e-34  -1.8727e-30  1.04274e-34 -4.47108e-32 -7.28026e-35  2.90479e-31  4.47745e-35 -7.99078e-32 -2.38883e-35 -9.77549e-33  1.08425e-35  7.41505e-33 -4.08073e-36 -2.69769e-34   1.2297e-36 -2.68644e-34 -2.81976e-37  1.94503e-35  4.53548e-38  2.47894e-36 -4.38338e-39 -4.88392e-38  1.62302e-40
-2.54871e-49   1.7406e-36  1.79008e-47 -2.28785e-35 -8.81905e-47  2.36791e-36  1.90126e-46  5.67073e-36   2.9183e-45 -1.09076e-34 -1.20769e-44  1.99663e-34 -8.91306e-44 -3.74567e-35  4.88726e-43 -5.29899e-34 -5.68033e-43  1.06799e-33 -1.37194e-42 -7.05395e-34  1.11895e-41  1.68032e-34 -5.08168e-42  1.52395e-35 -9.97436e-42   1.0186e-34  7.27678e-41 -3.09478e-34 -3.59701e-40  4.97956e-34  2.84492e-40 -3.61286e-34  -2.8736e-39  4.62955e-35  3.44896e-39  1.00654e-34 -6.56717e-39 -4.82112e-35  6.38051e-39 -5.52099e-35  -1.6277e-38  7.18259e-35 -3.78069e-39 -2.92936e-35 -5.82704e-39 -3.46951e-35 -8.16788e-39  2.80416e-35 -2.10375e-38  1.45555e-35  -1.5948e-38 -4.26997e-35  2.11899e-38  1.06975e-34 -1.52339e-38 -4.61566e-34  2.49829e-38  2.03304e-33 -2.15906e-38 -8.35623e-33 -5.41916e-39  3.20336e-32 -1.89828e-38 -1.14486e-31  3.00795e-40  3.80917e-31  1.91577e-38 -1.17799e-30 -4.95219e-38  3.37939e-30  1.34169e-37 -8.97243e-30 -3.53209e-37  2.19859e-29  8.73142e-37 -4.95555e-29 -2.04111e-36  1.02335e-28  4.48041e-36 -1.92692e-28 -9.23643e-36  3.28916e-28  1.78714e-35 -5.05338e-28 -3.24269e-35  6.92543e-28  5.51202e-35 -8.36785e-28 -8.76668e-35  8.77434e-28  1.30262e-34 -7.80361e-28 -1.80483e-34  5.67309e-28  2.32623e-34 -3.13878e-28 -2.78068e-34  1.08101e-28  3.07093e-34  2.03271e-30 -3.11824e-34  -2.8455e-29  2.89368e-34  1.64033e-29 -2.43578e-34 -2.77469e-30  1.84271e-34 -1.49947e-30 -1.23868e-34  8.65093e-31  7.29493e-35 -5.98065e-32 -3.69802e-35 -6.19887e-32  1.57753e-35   1.2236e-32 -5.49559e-36  1.75405e-33  1.49935e-36  -4.6757e-34 -3.00756e-37 -1.67772e-35  3.98008e-38   3.5818e-36 -2.73353e-39  5.50302e-38
  1.7811e-36 -1.79467e-48  3.78935e-36  8.53085e-47 -3.57566e-35 -4.46802e-46  2.33292e-35  9.11666e-46 -1.42343e-35  1.00221e-44 -1.09379e-34   -4.745e-44  1.87723e-34 -2.67193e-43  2.25472e-35  1.44626e-42 -6.18066e-34 -1.37194e-42  1.19938e-33 -2.72747e-42 -7.89759e-34  2.95255e-41  1.59539e-34 -6.20606e-44  7.68836e-35 -1.28853e-41  4.52326e-35  2.14986e-40 -3.13509e-34 -9.16154e-40  5.48133e-34  1.01017e-39 -3.69453e-34 -6.49022e-39  1.07924e-35  8.25643e-39   1.4388e-34 -1.32032e-38 -4.50966e-35  1.47472e-38 -9.21873e-35   -2.967e-38  8.46777e-35 -2.67063e-39 -1.61588e-35 -4.88105e-39 -4.91932e-35  -1.2981e-38  2.48366e-35 -3.70877e-38  5.24108e-35 -2.90124e-38 -2.25776e-34  3.76951e-38   9.9438e-34 -2.26756e-38 -4.49238e-33  4.15618e-38  1.91102e-32 -2.73984e-38  -7.5854e-32 -8.68607e-39  2.80781e-31 -2.09503e-38 -9.68208e-31  -8.2771e-39  3.10561e-30   5.6549e-38 -9.24981e-30 -1.49431e-37  2.55269e-29   3.9293e-37 -6.51069e-29 -9.88402e-37     1.53e-28  2.32926e-36 -3.30064e-28 -5.17144e-36  6.50796e-28  1.07832e-35 -1.16662e-27 -2.11187e-35  1.88904e-27  3.88446e-35 -2.74079e-27 -6.70895e-35  3.52664e-27  1.08781e-34 -3.96978e-27 -1.65532e-34  3.83517e-27  2.36247e-34 -3.08843e-27  -3.1587e-34  1.96953e-27  3.94887e-34 -8.84839e-28 -4.60202e-34  1.66282e-28  4.97778e-34  1.12806e-28 -4.96759e-34 -1.11614e-28  4.53869e-34  3.75174e-29 -3.76037e-34  2.66054e-30  2.79256e-34 -6.52832e-30 -1.83313e-34  1.57989e-30   1.0459e-34  2.81701e-31 -5.08017e-35 -1.64049e-31  2.04588e-35  2.86115e-33 -6.59365e-36  5.97956e-33  1.61656e-36 -2.90608e-34 -2.78147e-37 -6.91237e-35   2.8822e-38  1.35863e-36 -1.15074e-39
 1.65011e-48  4.03657e-36 -7.72694e-48  6.59907e-36  3.14301e-46 -4.81496e-35  -2.1052e-45  4.81579e-35  3.09384e-45 -3.77319e-35  3.18472e-44 -9.01047e-35 -1.62268e-43   1.4701e-34  -7.2572e-43  8.74035e-35  4.09953e-42 -7.05395e-34 -2.72747e-42  1.35555e-33 -3.53157e-42 -8.68282e-34  7.54645e-41  1.12976e-34  3.50886e-41  1.87133e-34 -1.11368e-41 -3.86676e-35  6.00353e-40 -3.23745e-34 -2.20049e-39  5.99317e-34  2.97517e-39 -3.55127e-34  -1.3866e-38 -4.47322e-35  1.83813e-38  1.92143e-34 -2.45593e-38 -3.68213e-35  3.17295e-38 -1.36531e-34  -5.0614e-38  9.80821e-35  1.94826e-39  -3.1465e-36  1.92727e-39 -5.25083e-35 -1.89387e-38 -3.99605e-35 -6.32712e-38  4.13362e-34 -5.14655e-38  -2.0317e-33  6.13817e-38  9.47512e-33 -3.19104e-38 -4.16644e-32  6.53026e-38  1.71178e-31 -3.13819e-38 -6.56126e-31 -1.50715e-38  2.34409e-30 -1.58206e-38 -7.79561e-30 -3.32595e-38  2.40945e-29  1.39685e-37 -6.90761e-29 -3.54304e-37  1.83256e-28  8.70467e-37 -4.48624e-28 -2.02328e-36  1.01005e-27  4.38267e-36   -2.083e-27 -8.88697e-36   3.9158e-27  1.68418e-35 -6.67083e-27 -2.98582e-35  1.02238e-26  4.96214e-35 -1.39683e-26 -7.75774e-35  1.68109e-26  1.14715e-34  -1.7535e-26 -1.61571e-34  1.54803e-26  2.18342e-34 -1.11273e-26 -2.84525e-34  6.03173e-27  3.57478e-34 -1.96369e-27 -4.30059e-34  -1.5102e-28  4.89103e-34  6.01836e-28 -5.17411e-34 -3.22493e-28   5.0049e-34  4.48872e-29 -4.35276e-34  3.41206e-29  3.34775e-34  -1.7283e-29 -2.23831e-34  6.73703e-31  1.27641e-34  1.36171e-30 -6.06773e-35 -2.28727e-31  2.33469e-35 -4.24329e-32 -6.98041e-36  9.09017e-33  1.52478e-36  5.35365e-34 -2.18785e-37 -7.80779e-35  1.62666e-38 -1.22485e-36
-1.12971e-36  1.44814e-47  6.56085e-36 -2.13618e-47   9.9478e-36  8.21929e-46 -5.94558e-35 -9.12794e-45  7.57089e-35  6.22029e-45 -6.76667e-35  9.55895e-44 -4.91361e-35 -4.87714e-43  8.92028e-35 -1.74652e-42  1.40813e-34  1.11895e-41 -7.89759e-34 -3.53157e-42  1.53235e-33  2.51476e-42 -9.38434e-34  1.86764e-40  3.27917e-35  1.70804e-40  3.36524e-34  -9.1721e-42 -1.37233e-34  1.57111e-39 -3.52727e-34 -5.02774e-39  6.56394e-34  7.73016e-39 -3.18601e-34 -2.80629e-38 -1.18518e-34  3.82555e-38  2.43072e-34 -4.20711e-38 -2.57348e-35  6.37232e-38 -1.84893e-34 -8.05694e-38  1.14263e-34  1.27488e-38   -8.768e-36  2.11738e-38  5.56615e-35 -2.51399e-38  -7.1452e-34 -1.04494e-37   3.9231e-33 -8.84397e-38 -1.90673e-32  9.17183e-38  8.67227e-32 -4.25569e-38 -3.68679e-31  9.71403e-38  1.46297e-30 -3.15284e-38 -5.41362e-30 -2.53414e-38  1.86599e-29 -5.15306e-39 -5.98233e-29 -5.71928e-38  1.78073e-28  1.90766e-37 -4.91082e-28 -3.78801e-37  1.25145e-27  6.51824e-37 -2.93791e-27 -8.24808e-37  6.33024e-27  1.45657e-37 -1.24633e-26  3.30516e-36  2.23022e-26 -1.36272e-35 -3.60341e-26  3.80054e-35  5.21398e-26 -8.67233e-35 -6.68582e-26  1.70915e-34  7.49196e-26 -2.96961e-34 -7.19327e-26  4.58199e-34  5.74041e-26 -6.27731e-34 -3.60623e-26  7.58812e-34  1.56877e-26 -7.98254e-34 -2.47235e-27  7.11184e-34 -2.40624e-27 -5.05138e-34  2.13316e-27  2.36027e-34 -6.58182e-28  1.36899e-35 -8.26926e-29 -1.75043e-34  1.28981e-28  2.25221e-34 -2.73125e-29  -1.9079e-34 -6.62394e-30  1.21998e-34  3.14235e-30 -6.04274e-35  1.98877e-32  2.29353e-35 -1.20895e-31 -6.42961e-36  3.80159e-33  1.23933e-36  1.48075e-33 -1.41885e-37 -2.07027e-35  6.20797e-39
-8.07834e-49 -2.55364e-36  8.55837e-47  8.79509e-36 -2.89007e-47  1.35279e-35  7.12646e-46 -7.02385e-35 -3.60794e-44   1.0607e-34 -6.47589e-45 -1.05886e-34  2.78551e-43  7.06658e-36 -1.29101e-42  3.41862e-35 -3.53438e-42  1.68032e-34  2.95255e-41 -8.68282e-34  2.51476e-42  1.72205e-33  3.86578e-41 -9.99553e-34  4.46459e-40 -7.21863e-35  5.88943e-40  5.11416e-34 -6.17297e-41 -2.36937e-34  3.83638e-39 -4.10824e-34 -1.10091e-38   7.2454e-34  1.81958e-38  -2.6487e-34 -5.38661e-38 -2.04237e-34  7.47576e-38  2.92705e-34 -6.57393e-38 -1.34725e-35  1.19766e-37 -2.37355e-34 -1.19079e-37  1.60514e-34  3.29022e-38  -2.0626e-34  6.32385e-38  1.25724e-33 -2.96641e-38 -7.23138e-33 -1.67049e-37   3.6638e-32 -1.46282e-37 -1.72506e-31  1.25595e-37  7.58811e-31 -5.43028e-38 -3.11658e-30  1.38264e-37  1.19422e-29  -3.0727e-38 -4.26494e-29 -2.04655e-38  1.41774e-28 -6.28969e-38 -4.37958e-28   1.7773e-37  1.25477e-27  -6.1014e-37 -3.32632e-27  2.18715e-36  8.13567e-27 -6.83303e-36  -1.8297e-26  1.92369e-35  3.76842e-26 -4.94839e-35 -7.07298e-26  1.16806e-34   1.2026e-25 -2.53763e-34  -1.8387e-25   5.0793e-34  2.50453e-25 -9.36491e-34 -3.00246e-25  1.58855e-33   3.1154e-25 -2.47376e-33 -2.72999e-25  3.52541e-33  1.93984e-25 -4.57848e-33 -1.02925e-25  5.38864e-33  3.14548e-26  -5.7058e-33  4.58069e-27  5.38275e-33 -1.12332e-26 -4.46358e-33  5.61029e-27  3.18931e-33 -6.03966e-28 -1.90022e-33  -6.7818e-28  8.84496e-34  3.05099e-28 -2.65985e-34 -2.35958e-30  -3.8836e-36 -2.61957e-29  6.39631e-35  3.68174e-30 -4.48377e-35  9.01492e-31  1.85838e-35 -1.58293e-31 -5.04307e-36 -1.25732e-32  8.48899e-37  1.40378e-33 -7.16208e-38  2.81171e-35
 6.11499e-37 -1.95372e-48 -4.23042e-36  3.87656e-46  1.00735e-35  4.34518e-47   1.7038e-35 -7.98145e-45 -8.17345e-35 -1.29172e-43  1.40253e-34 -1.37435e-43 -1.51384e-34  8.13589e-43  6.49994e-35 -2.99355e-42  3.78361e-36 -5.08168e-42  1.59539e-34  7.54645e-41 -9.38434e-34  3.86578e-41  1.91681e-33  1.75164e-40 -1.05367e-33   1.0268e-39 -1.92116e-34  1.70666e-39  6.97681e-34 -4.06071e-40 -3.26538e-34  8.72059e-39 -5.03174e-34 -2.32437e-38  8.07732e-34   3.9343e-38 -2.03062e-34 -9.81559e-38 -2.91585e-34  1.37699e-37  3.34787e-34  -9.1875e-38  5.60178e-36  2.11149e-37 -3.35011e-34 -1.61981e-37  5.20289e-34  6.55129e-38 -2.27781e-33  1.42858e-37   1.2825e-32 -2.91996e-38 -6.73487e-32  -2.5836e-37   3.2828e-31  -2.3174e-37 -1.49411e-30  1.57014e-37  6.35066e-30 -6.93584e-38 -2.51933e-29  1.97851e-37  9.31956e-29 -6.76161e-38 -3.21103e-28  1.43468e-37  1.02896e-27 -6.73578e-37  -3.0611e-27  2.18438e-36  8.43602e-27 -6.67137e-36 -2.14805e-26  1.93329e-35  5.03785e-26 -5.20323e-35 -1.08422e-25  1.30334e-34  2.13165e-25 -3.04064e-34 -3.80787e-25  6.60291e-34  6.13939e-25 -1.33354e-33 -8.85985e-25  2.50149e-33  1.13223e-24 -4.35043e-33 -1.26308e-24  6.99851e-33  1.20524e-24  -1.0384e-32 -9.53044e-25  1.41598e-32  5.89542e-25 -1.76684e-32  -2.4774e-25  2.00656e-32  3.07787e-26 -2.06042e-32  4.49865e-26  1.89726e-32 -3.62678e-26 -1.55027e-32  1.02078e-26  1.10874e-32  1.93896e-27 -6.81079e-33 -2.26049e-27  3.49477e-33  4.13637e-28  -1.4298e-33  1.33749e-28  4.22825e-34 -5.32527e-29 -6.33265e-35 -1.69953e-30 -1.30378e-35  2.17225e-30  1.11428e-35 -3.47237e-32 -3.24919e-36 -2.74235e-32  4.73027e-37  2.04996e-34 -2.44111e-38
  1.2291e-47  1.21367e-36  1.79586e-47 -5.65142e-36  1.38025e-45  9.78344e-36  3.48716e-46  2.03654e-35  -6.7263e-44 -9.55185e-35 -4.16595e-43  1.79665e-34 -8.30699e-43 -1.99817e-34   2.4417e-42  1.08348e-34 -5.98546e-42  1.52395e-35 -6.20606e-44  1.12976e-34  1.86764e-40 -9.99553e-34  1.75164e-40  2.11209e-33  5.97775e-40  -1.1051e-33  2.26106e-39 -3.18863e-34  4.38415e-39  8.83032e-34 -1.80426e-39 -3.98995e-34  1.84198e-38 -6.28048e-34 -4.75384e-38  9.07504e-34  7.87582e-38 -1.44779e-34 -1.69937e-37 -3.67123e-34  2.39904e-37   3.5329e-34 -1.09767e-37  1.01219e-34  3.49933e-37 -9.26267e-34 -1.99486e-37  3.95142e-33  1.12952e-37 -2.19656e-32  2.78917e-37   1.1862e-31 -1.86577e-38 -5.98295e-31 -3.86158e-37   2.8173e-30 -3.50837e-37 -1.23911e-29  1.79807e-37  5.08808e-29 -1.04091e-37 -1.94911e-28  3.33042e-37  6.95842e-28 -3.56476e-37 -2.31211e-27  1.18582e-36  7.13878e-27 -4.09423e-36 -2.04405e-26  1.25814e-35  5.41469e-26 -3.61743e-35  -1.3232e-25  9.78065e-35  2.97274e-25 -2.47411e-34 -6.11488e-25   5.8543e-34  1.14595e-24 -1.29502e-33 -1.94476e-24  2.67513e-33  2.96648e-24  -5.1534e-33 -4.02873e-24  9.24224e-33  4.81109e-24 -1.53984e-32 -4.96613e-24  2.37721e-32  4.31947e-24    -3.39e-32 -3.03344e-24  4.44873e-32  1.57383e-24 -5.34819e-32 -4.47651e-25  5.85778e-32 -1.02281e-25 -5.80668e-32  1.86951e-25  5.16729e-32 -8.71691e-26 -4.08663e-32  6.46867e-27  2.83611e-32  1.19197e-26 -1.69899e-32 -4.79804e-27  8.59229e-33 -1.23543e-28 -3.55262e-33  4.47905e-28  1.14046e-33 -5.15603e-29 -2.56646e-34  -1.6782e-29  2.91464e-35  2.43969e-30  2.85035e-36  2.50672e-31 -1.60297e-36 -2.20715e-32  2.01219e-37 -5.70512e-34
