    0.391234  6.06858e-16     0.126315  3.07495e-16    0.0460558 -1.59057e-16    0.0137103 -6.87189e-17   0.00293376 -7.67533e-18  0.000456146  1.17712e-18  5.19382e-05  8.28198e-19  4.25429e-06  1.61427e-19  2.37124e-07  1.07275e-20   7.8775e-09 -1.94452e-22  1.01681e-10
 6.06858e-16     0.271669  9.26869e-16     0.137045  1.26297e-16     0.047387 -8.78625e-17    0.0112597 -2.46454e-17   0.00194138   2.2797e-19  0.000248408  2.04894e-18   2.3427e-05   6.0262e-19  1.56811e-06   6.6188e-20  6.82359e-08  7.77743e-22  1.54729e-09 -1.94805e-22
    0.126315  9.26869e-16     0.178756  5.19536e-16    0.0842703 -1.00979e-17    0.0239624 -4.21733e-17   0.00478015 -5.19563e-18  0.000703933  2.72681e-18  7.71672e-05  1.33594e-18   6.1607e-06  2.25007e-19  3.37634e-07  1.05413e-20  1.10979e-08 -8.14479e-22  1.42372e-10
 3.07495e-16     0.137045  5.19536e-16     0.100325   9.3148e-17    0.0358187 -5.29011e-17   0.00846405 -1.66717e-17   0.00145025  1.22295e-18  0.000185081  1.97533e-18  1.74674e-05  5.09188e-19  1.17296e-06  4.58904e-20  5.12952e-08 -1.10828e-21  1.17037e-09 -2.53165e-22
   0.0460558  1.26297e-16    0.0842703   9.3148e-17    0.0407084 -5.66253e-17    0.0116854 -3.16157e-17   0.00235155 -3.27535e-18  0.000349621  1.88543e-18  3.87221e-05  8.24262e-19  3.12463e-06  1.21316e-19  1.73118e-07  2.42347e-21  5.75279e-09 -8.60172e-22  7.46062e-11
-1.59057e-16     0.047387 -1.00979e-17    0.0358187 -5.66253e-17    0.0129719 -4.26649e-17   0.00310811 -9.38946e-18  0.000540091  7.50304e-19  6.98976e-05  9.77028e-19  6.68777e-06  2.25281e-19  4.55114e-07  1.51273e-20  2.01609e-08 -1.45285e-21  4.65758e-10 -1.61694e-22
   0.0137103 -8.78625e-17    0.0239624 -5.29011e-17    0.0116854 -4.26649e-17   0.00340546 -1.38557e-17  0.000696389 -9.68363e-19  0.000105184  8.35278e-19   1.1828e-05  3.13019e-19  9.68397e-07  3.87494e-20  5.44008e-08 -7.50036e-22  1.83176e-09 -4.71691e-22  2.40565e-11
-6.87189e-17    0.0112597 -4.21733e-17   0.00846405 -3.16157e-17   0.00310811 -1.38557e-17  0.000757159 -2.24457e-18  0.000133769  4.83993e-19  1.75897e-05  3.38951e-19  1.70858e-06  6.65887e-20  1.17944e-07  2.60799e-21  5.29591e-09 -7.62617e-22  1.23927e-10 -6.45163e-23
  0.00293376 -2.46454e-17   0.00478015 -1.66717e-17   0.00235155 -9.38946e-18  0.000696389 -2.24457e-18   0.00014482   1.9129e-19  2.22323e-05  3.03407e-19  2.53879e-06  8.71592e-20  2.10897e-07  8.49538e-21  1.20105e-08 -6.47244e-22  4.09672e-10 -1.64101e-22  5.44652e-12
-7.67533e-18   0.00194138 -5.19563e-18   0.00145025 -3.27535e-18  0.000540091 -9.68363e-19  0.000133769   1.9129e-19  2.40228e-05  2.58651e-19  3.20827e-06   9.4749e-20  3.16221e-07  1.49294e-20  2.21308e-08  1.40232e-22  1.00665e-09 -2.40731e-22  2.38457e-11 -1.76265e-23
 0.000456146   2.2797e-19  0.000703933  1.22295e-18  0.000349621  7.50304e-19  0.000105184  4.83993e-19  2.22323e-05  2.58651e-19  3.46659e-06  9.44658e-20  4.01707e-07  1.96778e-20  3.38318e-08  1.43187e-21  1.95176e-09 -2.06933e-22  6.73889e-11 -3.91556e-23  9.06293e-13
 1.17712e-18  0.000248408  2.72681e-18  0.000185081  1.88543e-18  6.98976e-05  8.35278e-19  1.75897e-05  3.03407e-19  3.20827e-06  9.44658e-20  4.34798e-07  2.19178e-20  4.34491e-08  2.71148e-21  3.08027e-09 -3.89529e-23   1.4182e-10 -5.09638e-23  3.39808e-12 -3.41938e-24
 5.19382e-05  2.04894e-18  7.71672e-05  1.97533e-18  3.87221e-05  9.77028e-19   1.1828e-05  3.38951e-19  2.53879e-06   9.4749e-20  4.01707e-07  2.19178e-20  4.71944e-08  3.47846e-21  4.02623e-09  1.85987e-22  2.35097e-10 -4.09071e-23  8.21009e-12 -6.61576e-24  1.11607e-13
 8.28198e-19   2.3427e-05  1.33594e-18  1.74674e-05  8.24262e-19  6.68777e-06  3.13019e-19  1.70858e-06  8.71592e-20  3.16221e-07  1.96778e-20  4.34491e-08  3.47846e-21  4.39808e-09  3.42625e-22  3.15578e-10 -1.46675e-23  1.46951e-11 -7.64681e-24  3.55882e-13 -4.75233e-25
 4.25429e-06   6.0262e-19   6.1607e-06  5.09188e-19  3.12463e-06  2.25281e-19  9.68397e-07  6.65887e-20  2.10897e-07  1.49294e-20  3.38318e-08  2.71148e-21  4.02623e-09  3.42625e-22  3.47646e-10  7.31114e-24  2.05302e-11 -6.04266e-24  7.24616e-13 -8.04915e-25  9.94973e-15
 1.61427e-19  1.56811e-06  2.25007e-19  1.17296e-06  1.21316e-19  4.55114e-07  3.87494e-20  1.17944e-07  8.49538e-21  2.21308e-08  1.43187e-21  3.08027e-09  1.85987e-22  3.15578e-10  7.31114e-24  2.29008e-11 -4.00362e-24  1.07775e-12  -8.6544e-25  2.63627e-14 -4.70641e-26
 2.37124e-07   6.6188e-20  3.37634e-07  4.58904e-20  1.73118e-07  1.51273e-20  5.44008e-08  2.60799e-21  1.20105e-08  1.40232e-22  1.95176e-09 -3.89529e-23  2.35097e-10 -1.46675e-23  2.05302e-11 -4.00362e-24  1.22531e-12 -7.76796e-25  4.36804e-14  -7.1756e-26  6.05446e-16
 1.07275e-20  6.82359e-08  1.05413e-20  5.12952e-08  2.42347e-21  2.01609e-08 -7.50036e-22  5.29591e-09 -6.47244e-22  1.00665e-09 -2.06933e-22   1.4182e-10 -4.09071e-23  1.46951e-11 -6.04266e-24  1.07775e-12 -7.76796e-25  5.12282e-14 -7.74862e-26   1.2649e-15 -3.24637e-27
  7.8775e-09  7.77743e-22  1.10979e-08 -1.10828e-21  5.75279e-09 -1.45285e-21  1.83176e-09 -7.62617e-22  4.09672e-10 -2.40731e-22  6.73889e-11 -5.09638e-23  8.21009e-12 -7.64681e-24  7.24616e-13  -8.6544e-25  4.36804e-14 -7.74862e-26   1.5718e-15 -4.54083e-27  2.19802e-17
-1.94452e-22  1.54729e-09 -8.14479e-22  1.17037e-09 -8.60172e-22  4.65758e-10 -4.71691e-22  1.23927e-10 -1.64101e-22  2.38457e-11 -3.91556e-23  3.39808e-12 -6.61576e-24  3.55882e-13 -8.04915e-25  2.63627e-14  -7.1756e-26   1.2649e-15 -4.54083e-27  3.15095e-17 -1.35646e-28
 1.01681e-10 -1.94805e-22  1.42372e-10 -2.53165e-22  7.46062e-11 -1.61694e-22  2.40565e-11 -6.45163e-23  5.44652e-12 -1.76265e-23  9.06293e-13 -3.41938e-24  1.11607e-13 -4.75233e-25  9.94973e-15 -4.70641e-26  6.05446e-16 -3.24637e-27  2.19802e-17 -1.35646e-28  3.09954e-19
