    0.0280898  -7.99513e-17    -0.0287167   1.51187e-16    -0.0108595   3.23209e-16  -0.000549513  -4.27231e-17    0.00196744  -7.59175e-17    0.00166047  -4.68947e-17   0.000926997  -6.60253e-18   0.000420246   5.09428e-18   0.000163317   3.45589e-18   5.49053e-05   8.45701e-19   1.55523e-05   3.95887e-21   3.34143e-06    3.2227e-20   2.80856e-07   1.25766e-19  -2.04989e-07   1.20463e-19  -1.53647e-07    7.3589e-20  -6.82993e-08   3.41015e-20  -2.32522e-08   1.28324e-20  -6.11679e-09   4.03493e-21  -1.02507e-09   1.06525e-21   7.22824e-11   2.30615e-22   1.56444e-10   3.72297e-23   8.57081e-11   2.53453e-24   3.46279e-11  -1.05398e-24   1.18152e-11  -5.90819e-25   3.56771e-12  -1.93232e-25   9.74511e-13  -5.05014e-26   2.43697e-13  -1.14126e-26   5.61968e-14  -2.30313e-27   1.20043e-14  -4.21628e-28   2.38214e-15  -7.06022e-29   4.39874e-16  -1.08713e-29   7.56396e-17  -1.54658e-30   1.21114e-17  -2.04267e-31    1.8041e-18  -2.51702e-32   2.49521e-19  -2.91086e-33   3.19392e-20  -3.18991e-34   3.76398e-21  -3.36618e-35   4.04956e-22  -3.49897e-36    3.9201e-23   -3.6684e-37    3.3206e-24  -3.93451e-38   2.30634e-25  -4.30044e-39   1.04273e-26  -4.69501e-40  -2.35757e-28  -4.98942e-41    -1.295e-28  -5.04891e-42  -1.97147e-29  -4.79256e-43  -2.21439e-30  -4.22753e-44  -2.08442e-31  -3.44413e-45  -1.71435e-32  -2.57969e-46  -1.25346e-33  -1.76966e-47  -8.20717e-35  -1.10772e-48  -4.82256e-36  -6.30027e-50  -2.54028e-37  -3.23942e-51  -1.19522e-38  -1.49638e-52  -4.99405e-40  -6.16248e-54  -1.83802e-41  -2.24107e-55  -5.89381e-43  -7.10959e-57  -1.62295e-44  -1.93638e-58  -3.76402e-46  -4.43178e-60  -7.15863e-48  -8.27069e-62  -1.07421e-49  -1.20329e-63  -1.19789e-51  -1.26726e-65  -8.93595e-54  -8.35253e-68  -3.51802e-56  -2.22449e-70
 -7.99513e-17     0.0691673  -4.81641e-16    -0.0278571   4.93634e-16    -0.0235477   4.54524e-16   -0.00799264   3.21721e-17  -0.000139956  -1.02509e-16     0.0018671  -7.15815e-17    0.00162521  -1.68211e-17   0.000976555   1.46228e-18   0.000490547   1.49151e-18   0.000219807  -1.01664e-19   9.08651e-05  -8.74481e-20   3.54609e-05   3.03718e-19   1.33131e-05   3.99108e-19   4.88539e-06   2.87144e-19   1.77257e-06   1.52118e-19   6.38854e-07   6.53753e-20   2.28011e-07   2.39017e-20   7.98729e-08   7.64036e-21   2.71555e-08   2.17274e-21   8.86624e-09   5.56278e-22    2.7567e-09    1.2948e-22   8.11309e-10   2.76884e-23   2.25096e-10   5.51118e-24   5.87199e-11   1.03737e-24   1.43775e-11   1.87929e-25   3.30008e-12   3.33034e-26   7.09337e-13    5.8339e-27   1.42622e-13   1.01206e-27    2.6787e-14   1.72785e-28   4.69065e-15   2.86456e-29   7.63664e-16   4.52017e-30   1.15111e-16   6.62061e-31   1.59601e-17   8.73789e-32    2.0136e-18   9.94836e-33    2.2669e-19   8.82418e-34   2.18552e-20    3.6417e-35   1.61004e-21  -7.13105e-36   4.53903e-23  -2.41283e-36  -1.23839e-23  -4.64386e-37  -3.26536e-24  -7.13826e-38  -5.29651e-25  -9.49216e-39  -6.95494e-26  -1.12647e-39   -7.9285e-27  -1.21076e-40  -8.06588e-28  -1.18774e-41  -7.41726e-29  -1.06771e-42  -6.20346e-30   -8.8108e-44  -4.73063e-31  -6.67493e-45  -3.29002e-32   -4.6371e-46  -2.08374e-33  -2.94759e-47  -1.19846e-34  -1.70895e-48  -6.23334e-36  -8.99861e-50  -2.91554e-37  -4.27975e-51  -1.21758e-38  -1.82578e-52  -4.49865e-40  -6.92641e-54  -1.45342e-41  -2.31124e-55  -4.04432e-43  -6.68879e-57   -9.4996e-45  -1.64796e-58  -1.83219e-46  -3.36991e-60  -2.78805e-48  -5.51423e-62  -3.14572e-50  -6.82049e-64   -2.3609e-52  -5.76477e-66  -9.33061e-55  -2.64375e-68  -8.38196e-58
   -0.0287167  -4.81641e-16     0.0837411  -8.44101e-16   -0.00928644   5.26203e-16    -0.0265643   5.19032e-16    -0.0154487   9.58233e-17   -0.00480473  -8.41341e-17   0.000121456  -7.13413e-17    0.00136892  -2.64857e-17    0.00119577  -8.78612e-18   0.000746943  -4.85526e-18   0.000395994  -2.55502e-18    0.00018918  -5.03961e-19   8.38785e-05   4.81382e-19   3.50943e-05    5.9458e-19   1.39866e-05   3.93219e-19   5.33378e-06    1.9645e-19   1.94821e-06    8.1636e-20   6.80644e-07   2.95324e-20   2.26836e-07   9.55164e-21   7.18784e-08   2.81045e-21   2.15855e-08   7.61674e-22   6.12493e-09   1.92014e-22    1.6378e-09   4.54057e-23   4.11715e-10   1.01374e-23   9.70756e-11    2.1447e-24   2.14163e-11   4.30083e-25   4.40808e-12   8.15033e-26    8.4329e-13    1.4514e-26   1.49128e-13   2.41011e-27   2.41712e-14    3.6922e-28   3.53876e-15    5.1258e-29   4.54888e-16   6.21666e-30   4.79765e-17   5.98943e-31   3.23029e-18   2.91597e-32  -1.53756e-19  -4.95053e-33  -1.09356e-19  -1.95621e-33  -2.59444e-20   -4.2201e-34  -4.65036e-21  -7.26863e-35  -7.10554e-22   -1.0876e-35  -9.64895e-23  -1.46032e-36  -1.18663e-23  -1.78698e-37  -1.33436e-24  -2.00933e-38   -1.3789e-25  -2.08522e-39  -1.31262e-26  -2.00152e-40  -1.15188e-27  -1.77829e-41  -9.31338e-29  -1.46207e-42  -6.92732e-30  -1.11111e-43  -4.72828e-31  -7.78995e-45  -2.95139e-32  -5.02505e-46   -1.6772e-33  -2.97225e-47  -8.62753e-35  -1.60511e-48  -3.98799e-36  -7.87214e-50  -1.64093e-37   -3.4835e-51  -5.93591e-39  -1.37969e-52  -1.85565e-40  -4.84245e-54  -4.88861e-42  -1.48728e-55  -1.04152e-43  -3.93267e-57  -1.65354e-45  -8.75992e-59  -1.52601e-47  -1.59457e-60   5.24902e-50   -2.2672e-62   4.37043e-51  -2.33751e-64    6.8229e-53  -1.51072e-66   4.55512e-55  -3.95176e-69
  1.51187e-16    -0.0278571  -8.44101e-16     0.0727431  -9.27638e-16     0.0072797   3.71995e-16    -0.0217726   4.59455e-16    -0.0190932    1.2804e-16   -0.00945098   -4.5412e-17   -0.00281516  -5.89965e-17   5.44701e-05  -3.67184e-17    0.00078003  -2.24283e-17   0.000691726  -1.30579e-17   0.000438223  -5.81025e-18   0.000234969  -1.46078e-18   0.000112814   2.35459e-19   4.97574e-05   5.13222e-19   2.04226e-05   3.52626e-19   7.85155e-06   1.75279e-19   2.83561e-06   7.21509e-20   9.62723e-07    2.5937e-20   3.07094e-07   8.36745e-21   9.19076e-08   2.46014e-21   2.57558e-08   6.65288e-22   6.74078e-09    1.6644e-22   1.64194e-09   3.86502e-23   3.70445e-10   8.33454e-24   7.68519e-11    1.6631e-24   1.44861e-11   3.04237e-25   2.42666e-12   5.00615e-26   3.44104e-13   7.11902e-27   3.56185e-14   7.85915e-28   5.82232e-16   3.70329e-29  -9.72894e-16   -1.1981e-29  -3.42437e-16  -4.98907e-30  -8.24762e-17  -1.24886e-30  -1.65378e-17   -2.5431e-31  -2.92526e-18  -4.53912e-32    -4.679e-19  -7.31659e-33  -6.85349e-20   -1.0809e-33  -9.25689e-21  -1.47543e-34  -1.15748e-21  -1.86954e-35  -1.34264e-22  -2.20493e-36  -1.44595e-23  -2.42394e-37  -1.44555e-24  -2.48506e-38  -1.34026e-25  -2.37549e-39  -1.15052e-26  -2.11557e-40  -9.12177e-28  -1.75306e-41  -6.65746e-29  -1.34922e-42  -4.45338e-30  -9.62226e-44  -2.71476e-31  -6.34061e-45  -1.49658e-32  -3.84705e-46  -7.38167e-34  -2.14014e-47  -3.20647e-35  -1.08612e-48  -1.19526e-36  -4.99778e-50  -3.63628e-38  -2.06977e-51  -7.90471e-40  -7.64473e-53  -5.06399e-42  -2.48989e-54   5.38269e-43  -7.04894e-56   3.25226e-44  -1.70218e-57   1.13076e-45  -3.41737e-59   2.79582e-47  -5.49817e-61   5.01965e-49  -6.69528e-63   6.24606e-51  -5.57779e-65   4.72342e-53  -2.52415e-67    1.4135e-55
   -0.0108595   4.93634e-16   -0.00928644  -9.27638e-16     0.0578345  -7.81959e-16     0.0160074   2.09317e-16    -0.0149146   3.47124e-16    -0.0192667   1.31729e-16    -0.0126561   -1.3222e-17   -0.00586955  -5.15735e-17    -0.0018925   -4.9068e-17   -0.00021946  -3.57798e-17   0.000250244  -2.07624e-17   0.000264265  -9.27891e-18   0.000171887  -2.99335e-18   9.08837e-05  -5.13664e-19   4.20178e-05   1.29459e-19   1.74922e-05   1.65812e-19   6.64718e-06   9.28133e-20   2.32003e-06   3.93451e-20   7.45034e-07   1.40634e-20   2.19781e-07   4.40715e-21   5.92484e-08   1.22914e-21   1.44429e-08   3.05756e-22   3.11733e-09   6.72236e-23   5.68077e-10   1.26924e-23   7.55463e-11   1.88811e-24   1.70323e-12   1.44391e-25  -3.30488e-12  -3.45326e-26  -1.48919e-12  -2.13064e-26  -4.57331e-13  -7.04375e-27  -1.16821e-13  -1.85589e-27  -2.63266e-14  -4.25338e-28  -5.36927e-15  -8.77633e-29  -1.00422e-15  -1.65885e-29  -1.73555e-16  -2.90037e-30  -2.78435e-17  -4.71831e-31  -4.15807e-18  -7.16753e-32  -5.78919e-19  -1.01903e-32  -7.51963e-20   -1.3578e-33  -9.11193e-21  -1.69675e-34  -1.02936e-21  -1.98895e-35  -1.08268e-22  -2.18653e-36  -1.05815e-23    -2.253e-37  -9.58318e-25  -2.17387e-38  -8.01178e-26  -1.96162e-39  -6.15088e-27  -1.65268e-40  -4.30454e-28  -1.29743e-41  -2.71599e-29    -9.468e-43  -1.51789e-30  -6.40412e-44  -7.27224e-32  -4.00137e-45  -2.76982e-33  -2.30017e-46  -6.32778e-35  -1.21073e-47   1.37571e-36  -5.80224e-49   2.73602e-37  -2.51445e-50   2.00138e-38   -9.7721e-52   1.05907e-39   -3.3713e-53   4.48859e-41  -1.01932e-54   1.56414e-42  -2.65689e-56   4.48344e-44  -5.84072e-58   1.04135e-45  -1.05036e-59   1.90137e-47  -1.47673e-61    2.5883e-49  -1.50672e-63   2.38118e-51  -9.64381e-66   1.17796e-53  -2.50013e-68
  3.23209e-16    -0.0235477   5.26203e-16     0.0072797  -7.81959e-16     0.0483194   -5.7227e-16      0.020014   1.01883e-16    -0.0086537   2.46739e-16    -0.0174133   1.18767e-16    -0.0141844  -2.73669e-18   -0.00832316  -5.58688e-17   -0.00392229  -6.20285e-17   -0.00152053  -4.64072e-17  -0.000469197  -2.68951e-17  -9.65027e-05  -1.25897e-17   3.03321e-06  -4.86824e-18   1.58397e-05  -1.57572e-18   1.00695e-05  -4.29259e-19   4.43464e-06  -9.86795e-20   1.53575e-06  -1.96745e-20   4.12521e-07  -4.03711e-21   6.99405e-08  -1.27445e-21  -5.74398e-09  -6.08797e-22  -1.15976e-08  -2.97509e-22  -6.42506e-09  -1.28363e-22  -2.63353e-09  -4.84034e-23  -9.11997e-10  -1.61991e-23   -2.7956e-10  -4.88852e-24  -7.75571e-11  -1.34713e-24  -1.97165e-11  -3.42146e-25  -4.62842e-12  -8.06131e-26  -1.00838e-12  -1.76969e-26  -2.04589e-13   -3.6309e-27  -3.87452e-14  -6.97855e-28  -6.85957e-15  -1.25886e-28  -1.13634e-15  -2.13453e-29  -1.76204e-16  -3.40575e-30   -2.5572e-17  -5.11688e-31  -3.47125e-18  -7.24156e-32  -4.40232e-19  -9.65439e-33   -5.2069e-20  -1.21227e-33  -5.72878e-21  -1.43306e-34  -5.84177e-22  -1.59376e-35  -5.49224e-23  -1.66602e-36  -4.72376e-24  -1.63506e-37  -3.67104e-25  -1.50439e-38  -2.52263e-26  -1.29543e-39  -1.46598e-27  -1.04187e-40  -6.36726e-29  -7.80779e-42  -9.13122e-31  -5.43686e-43   1.89807e-31   -3.5064e-44   2.75291e-32   -2.0865e-45   2.48073e-33  -1.14046e-46    1.7772e-34  -5.69586e-48   1.07693e-35  -2.58299e-49   5.63967e-37  -1.05556e-50   2.56836e-38  -3.85156e-52   1.01542e-39  -1.24054e-53   3.45934e-41  -3.47618e-55   1.00255e-42  -8.31534e-57   2.42414e-44  -1.65491e-58   4.75205e-46  -2.64103e-60   7.22692e-48  -3.19178e-62   7.92253e-50  -2.64026e-64   5.41583e-52  -1.18692e-66   1.49163e-54
 -0.000549513   4.54524e-16    -0.0265643   3.71995e-16     0.0160074   -5.7227e-16     0.0430616  -3.97266e-16     0.0221889   5.00365e-17   -0.00335041   1.79194e-16    -0.0144994   9.43517e-17    -0.0142264  -1.33566e-17   -0.00980719  -6.81844e-17   -0.00556005  -7.30589e-17   -0.00276008  -5.36753e-17   -0.00124444  -3.13332e-17  -0.000524144  -1.54446e-17  -0.000211523  -6.69967e-18  -8.36404e-05  -2.64998e-18  -3.29001e-05   -9.8664e-19  -1.29173e-05  -3.54696e-19  -5.02106e-06  -1.24976e-19  -1.90475e-06  -4.33006e-20   -6.9504e-07  -1.46779e-20  -2.41231e-07  -4.82584e-21  -7.90505e-08  -1.52508e-21  -2.43543e-08  -4.59661e-22  -7.03912e-09  -1.31366e-22  -1.90705e-09  -3.54693e-23  -4.84228e-10  -9.03211e-24  -1.15259e-10  -2.16817e-24  -2.57261e-11  -4.90744e-25  -5.38609e-12   -1.0477e-25  -1.05789e-12  -2.11048e-26  -1.94915e-13  -4.01244e-27  -3.36775e-14  -7.20184e-28  -5.45284e-15  -1.22071e-28  -8.26414e-16  -1.95436e-29  -1.17033e-16  -2.95569e-30  -1.54472e-17  -4.22217e-31  -1.89324e-18   -5.6954e-32  -2.14271e-19   -7.2517e-33  -2.22003e-20  -8.70996e-34  -2.07536e-21  -9.86067e-35  -1.70333e-22  -1.05118e-35  -1.15275e-23  -1.05392e-36  -5.18348e-25  -9.92374e-38   8.48637e-27  -8.76077e-39     5.553e-27   -7.2369e-40   8.33362e-28  -5.58102e-41    9.1356e-29   -4.0075e-42    8.3682e-30  -2.67114e-43   6.68677e-31  -1.64677e-44   4.74349e-32  -9.35124e-46   3.00866e-33  -4.86726e-47    1.7092e-34  -2.30868e-48   8.68188e-36  -9.91065e-50   3.92569e-37  -3.81825e-51   1.56919e-38  -1.30674e-52   5.49095e-40  -3.92176e-54    1.6599e-41  -1.01522e-55    4.2577e-43  -2.21759e-57   9.03805e-45  -3.96428e-59   1.53115e-46  -5.54244e-61   1.95584e-48  -5.62527e-63   1.70316e-50  -3.58264e-65      8.03e-53  -9.24474e-68
 -4.27231e-17   -0.00799264   5.19032e-16    -0.0217726   2.09317e-16      0.020014  -3.97266e-16     0.0398871  -2.64502e-16     0.0237093   4.41049e-17    0.00124012   1.38204e-16    -0.0109743   6.17388e-17    -0.0130041  -3.57295e-17    -0.0101551  -8.25134e-17   -0.00646116  -8.11391e-17   -0.00360618  -5.81976e-17   -0.00183374  -3.43114e-17  -0.000869166  -1.75921e-17  -0.000389497  -8.13601e-18  -0.000166339  -3.48348e-18  -6.79085e-05  -1.40498e-18  -2.64931e-05  -5.38868e-19  -9.85321e-06  -1.97178e-19  -3.48231e-06  -6.88077e-20  -1.16583e-06  -2.28602e-20  -3.68757e-07  -7.21711e-21  -1.09979e-07  -2.16133e-21  -3.08837e-08  -6.13022e-22  -8.15789e-09  -1.64479e-22  -2.02565e-09  -4.17167e-23  -4.72569e-10  -9.99955e-24  -1.03528e-10  -2.26559e-24  -2.12852e-11  -4.85327e-25  -4.10352e-12  -9.83229e-26  -7.40901e-13  -1.88416e-26  -1.25058e-13  -3.41561e-27  -1.96818e-14  -5.85785e-28  -2.87681e-15  -9.50472e-29   -3.8816e-16  -1.45897e-29  -4.78725e-17  -2.11825e-30  -5.30377e-18  -2.90799e-31  -5.09623e-19  -3.77303e-32  -3.87951e-20  -4.62376e-33  -1.53606e-21  -5.34761e-34   1.78753e-22  -5.83118e-35   5.65548e-23  -5.98792e-36   9.42026e-24   -5.7825e-37   1.23911e-24  -5.24289e-38   1.40372e-25  -4.45476e-39   1.41452e-26  -3.53941e-40    1.2866e-27  -2.62303e-41   1.06366e-28  -1.80793e-42   8.01583e-30  -1.15508e-43   5.50874e-31  -6.81412e-45   3.44752e-32  -3.69488e-46   1.95913e-33  -1.83175e-47   1.00662e-34     -8.25e-49   4.64958e-36  -3.35009e-50   1.91638e-37   -1.2152e-51   6.98115e-39   -3.8926e-53   2.22035e-40   -1.0852e-54   6.06726e-42  -2.58352e-56   1.39401e-43  -5.11866e-58   2.61269e-45  -8.13426e-60   3.81805e-47  -9.79117e-62   4.03864e-49  -8.06843e-64    2.6732e-51  -3.61401e-66   7.14999e-54
   0.00196744   3.21721e-17    -0.0154487   4.59455e-16    -0.0149146   1.01883e-16     0.0221889  -2.64502e-16     0.0378516  -1.46777e-16     0.0250274   6.72495e-17    0.00540375   1.08955e-16   -0.00700959   2.44588e-17    -0.0106903  -6.18608e-17   -0.00932774  -9.60164e-17   -0.00643617  -8.69768e-17   -0.00384066  -6.09214e-17   -0.00206297  -3.60535e-17   -0.00101899  -1.88579e-17  -0.000468436  -8.96328e-18  -0.000201739   -3.9406e-18  -8.16562e-05  -1.61946e-18  -3.11009e-05  -6.25549e-19  -1.11479e-05  -2.27655e-19  -3.75894e-06  -7.81329e-20  -1.19159e-06  -2.53021e-20  -3.54901e-07  -7.73409e-21  -9.92508e-08  -2.23213e-21  -2.60457e-08  -6.08383e-22  -6.40917e-09  -1.56631e-22  -1.47751e-09  -3.81029e-23  -3.18684e-10  -8.76202e-24  -6.41927e-11  -1.90559e-24  -1.20419e-11   -3.9213e-25  -2.09479e-12  -7.63745e-26  -3.35639e-13  -1.40824e-26  -4.89678e-14  -2.45843e-27  -6.36794e-15  -4.06356e-28  -7.04644e-16  -6.35908e-29  -5.78124e-17  -9.41987e-30  -1.09376e-18  -1.32047e-30   8.50631e-19  -1.75085e-31   2.40009e-19  -2.19456e-32   4.52673e-20  -2.59836e-33    7.0642e-21  -2.90333e-34   9.69046e-22  -3.05814e-35   1.19833e-22  -3.03256e-36   1.35248e-23  -2.82676e-37   1.40226e-24  -2.47242e-38   1.33997e-25  -2.02497e-39   1.18171e-26  -1.54936e-40   9.61746e-28  -1.10444e-41   7.21578e-29  -7.31185e-43   4.98109e-30  -4.47955e-44    3.1547e-31   -2.5289e-45   1.82635e-32  -1.30912e-46      9.62e-34  -6.17797e-48   4.58381e-35  -2.63945e-49   1.96172e-36  -1.01237e-50     7.474e-38  -3.45021e-52    2.5069e-39  -1.03141e-53   7.29778e-41  -2.66014e-55   1.80954e-42  -5.79037e-57    3.7253e-44  -1.03169e-58   6.13752e-46  -1.43785e-60    7.6424e-48  -1.45491e-62   6.50078e-50  -9.23914e-65   2.99933e-52  -2.37746e-67
 -7.59175e-17  -0.000139956   9.58233e-17    -0.0190932   3.47124e-16    -0.0086537   5.00365e-17     0.0237093  -1.46777e-16     0.0366267  -3.45111e-17     0.0263902   9.37593e-17    0.00938132   7.73363e-17   -0.00266692  -1.64443e-17   -0.00744761  -8.90726e-17   -0.00741278  -1.08827e-16   -0.00547808  -9.16328e-17   -0.00341268  -6.23968e-17   -0.00188149  -3.66059e-17  -0.000940283  -1.91434e-17    -0.0004316  -9.11184e-18  -0.000183337  -3.99927e-18  -7.23884e-05  -1.63152e-18  -2.66329e-05  -6.21554e-19  -9.14289e-06  -2.21768e-19  -2.93041e-06  -7.42563e-20  -8.76955e-07   -2.3372e-20  -2.44931e-07  -6.92451e-21  -6.37815e-08  -1.93332e-21  -1.54588e-08  -5.09154e-22  -3.47731e-09  -1.26583e-22  -7.22557e-10  -2.97313e-23  -1.37617e-10  -6.60197e-24  -2.36927e-11  -1.38686e-24  -3.58722e-12  -2.75752e-25  -4.47082e-13  -5.19144e-26  -3.59614e-14  -9.25628e-27   1.84384e-15  -1.56317e-27   1.64782e-15  -2.50032e-28   4.68003e-16  -3.78745e-29   1.00425e-16  -5.43188e-30   1.84287e-17  -7.37286e-31   3.01882e-18  -9.46606e-32   4.50216e-19  -1.14881e-32    6.1767e-20  -1.31675e-33   7.84128e-21   -1.4239e-34   9.24186e-22  -1.45091e-35   1.01306e-22  -1.39113e-36    1.0335e-23  -1.25294e-37    9.8114e-25  -1.05803e-38   8.66064e-26  -8.35798e-40    7.0986e-27  -6.16082e-41   5.39214e-28  -4.22507e-42   3.78643e-29  -2.68671e-43   2.45038e-30  -1.57797e-44   1.45589e-31  -8.52082e-46   7.90561e-33  -4.20769e-47   3.90174e-34  -1.88809e-48    1.7386e-35  -7.64021e-50    6.9378e-37  -2.76222e-51   2.45438e-38  -8.82042e-53   7.60045e-40  -2.45171e-54    2.0267e-41  -5.82025e-56   4.55289e-43  -1.15004e-57   8.35761e-45  -1.82285e-59   1.19802e-46  -2.18868e-61   1.24472e-48  -1.79923e-63   8.10223e-51  -8.04029e-66   2.13346e-53
   0.00166047  -1.02509e-16   -0.00480473    1.2804e-16    -0.0192667   2.46739e-16   -0.00335041   4.41049e-17     0.0250274  -3.45111e-17     0.0360851   5.50967e-17     0.0279608   9.89153e-17     0.0133403   3.32569e-17    0.00198466  -6.22528e-17    -0.0035021  -1.17469e-16   -0.00465093  -1.21313e-16   -0.00377336  -9.52435e-17    -0.0024477  -6.25031e-17   -0.00136873  -3.58415e-17  -0.000681605  -1.84236e-17  -0.000307407  -8.62677e-18  -0.000126761  -3.71822e-18  -4.80527e-05  -1.48524e-18  -1.67957e-05  -5.52359e-19  -5.41903e-06  -1.91889e-19  -1.61313e-06  -6.24335e-20  -4.42002e-07  -1.90664e-20  -1.10921e-07  -5.47519e-21  -2.52535e-08  -1.48069e-21  -5.12031e-09  -3.77579e-22  -8.87644e-10  -9.08859e-23  -1.17062e-10  -2.06699e-23  -5.52729e-12  -4.44518e-24   3.16583e-12  -9.04581e-25    1.4938e-12  -1.74277e-25   4.44441e-13  -3.17997e-26   1.08387e-13  -5.49643e-27   2.32263e-14  -9.00004e-28    4.5015e-15  -1.39601e-28   8.00707e-16  -2.05083e-29   1.31811e-16   -2.8525e-30   2.01831e-17  -3.75468e-31   2.88363e-18  -4.67411e-32   3.85149e-19  -5.49875e-33   4.81403e-20  -6.10735e-34   5.63318e-21  -6.39688e-35    6.1704e-22     -6.31e-36   6.32337e-23  -5.85273e-37   6.05684e-24  -5.09533e-38   5.41533e-25  -4.15499e-39   4.51164e-26  -3.16603e-40   3.49499e-27  -2.24811e-41   2.51095e-28  -1.48289e-42    1.6679e-29  -9.05325e-44   1.02059e-30   -5.0941e-45   5.72791e-32  -2.62875e-46   2.93331e-33  -1.23685e-47   1.36223e-34  -5.26921e-49   5.69417e-36  -2.01552e-50   2.12289e-37  -6.85117e-52   6.97914e-39  -2.04302e-53   1.99424e-40  -5.25669e-55   4.86004e-42  -1.14163e-56   9.84506e-44  -2.02961e-58   1.59767e-45  -2.82262e-60   1.96142e-47  -2.85022e-62   1.64636e-49  -1.80633e-64   7.50135e-52  -4.63906e-67
 -4.68947e-17     0.0018671  -8.41341e-17   -0.00945098   1.31729e-16    -0.0174133   1.79194e-16    0.00124012   6.72495e-17     0.0263902   5.50967e-17     0.0361753   9.85957e-17      0.029824   6.86037e-17      0.017329  -2.73197e-17    0.00677542  -1.12937e-16   0.000798405  -1.45955e-16    -0.0014384  -1.32187e-16   -0.00166778  -9.67675e-17    -0.0012013  -6.06742e-17  -0.000691616  -3.36157e-17  -0.000341164  -1.67771e-17   -0.00014836  -7.63963e-18   -5.7605e-05  -3.20186e-18  -2.00516e-05   -1.2427e-18  -6.23664e-06  -4.48646e-19  -1.71042e-06  -1.51192e-19  -3.99857e-07  -4.76955e-20  -7.22666e-08  -1.41182e-20  -5.97537e-09  -3.92917e-21   2.48093e-09  -1.02981e-21   1.69798e-09   -2.5453e-22    6.6914e-10  -5.93957e-23   2.12127e-10  -1.30989e-23   5.86286e-11  -2.73239e-24   1.45946e-11  -5.39469e-25   3.32688e-12   -1.0086e-25   7.01142e-13  -1.78623e-26   1.37442e-13  -2.99702e-27   2.51596e-14  -4.76418e-28   4.31248e-15  -7.17428e-29    6.9339e-16  -1.02318e-29   1.04705e-16  -1.38143e-30   1.48594e-17  -1.76472e-31   1.98247e-18   -2.1315e-32   2.48636e-19  -2.43206e-33   2.93038e-20  -2.61873e-34   3.24349e-21  -2.65761e-35   3.36849e-22  -2.53832e-36   3.27847e-23  -2.27785e-37   2.98592e-24  -1.91684e-38   2.54022e-25  -1.50925e-39   2.01429e-26  -1.10901e-40   1.48501e-27  -7.58284e-42   1.01486e-28  -4.80815e-43   6.40671e-30  -2.81622e-44   3.72087e-31  -1.51674e-45   1.97851e-32  -7.47106e-47    9.5771e-34  -3.34435e-48   4.19136e-35  -1.35016e-49   1.64474e-36  -4.87046e-51   5.72823e-38  -1.55192e-52   1.74807e-39  -4.30478e-54   4.59776e-41  -1.01991e-55   1.01963e-42   -2.0114e-57    1.8491e-44  -3.18219e-59   2.62039e-46  -3.81391e-61   2.69323e-48  -3.12972e-63   1.73524e-50  -1.39617e-65   4.52507e-53
  0.000926997  -7.15815e-17   0.000121456   -4.5412e-17    -0.0126561   1.18767e-16    -0.0144994   1.38204e-16    0.00540375   9.37593e-17     0.0279608   9.85957e-17     0.0368499   8.46013e-17     0.0319491   2.33965e-18     0.0212263  -1.00875e-16     0.0113837  -1.64237e-16    0.00498103  -1.70653e-16     0.0017282  -1.38652e-16   0.000421067  -9.47025e-17    2.9217e-05  -5.64165e-17   -3.4834e-05  -2.99732e-17  -2.07646e-05  -1.44139e-17  -4.73792e-06  -6.33952e-18    1.7503e-06  -2.56921e-18   2.61184e-06   -9.6476e-19   1.76858e-06  -3.37107e-19   9.06875e-07  -1.09987e-19   3.92109e-07  -3.36031e-20   1.49294e-07  -9.63652e-21   5.11991e-08  -2.59914e-21   1.60312e-08  -6.60429e-22    4.6241e-09   -1.5831e-22   1.23641e-09   -3.5841e-23   3.07853e-10   -7.6712e-24   7.16235e-11  -1.55348e-24    1.5611e-11  -2.97832e-25   3.19398e-12  -5.40814e-26   6.14362e-13  -9.30358e-27   1.11225e-13  -1.51643e-27   1.89679e-14   -2.3418e-28   3.04869e-15  -3.42569e-29   4.61964e-16  -4.74546e-30   6.59978e-17  -6.22205e-31    8.8881e-18  -7.71684e-32   1.12794e-18  -9.04594e-33   1.34807e-19  -1.00128e-33   1.51615e-20  -1.04533e-34     1.603e-21  -1.02791e-35   1.59129e-22  -9.50561e-37   1.48095e-23  -8.25176e-38   1.28983e-24   -6.7104e-39   1.04912e-25  -5.09972e-40   7.94996e-27    -3.612e-41   5.59665e-28  -2.37673e-42   3.64828e-29  -1.44762e-43   2.19372e-30  -8.12709e-45   1.21131e-31  -4.18473e-46   6.10969e-33   -1.9648e-47   2.79728e-34  -8.35335e-49   1.15378e-35  -3.18895e-50    4.2479e-37  -1.08193e-51   1.38014e-38   -3.2204e-53   3.90001e-40   -8.2714e-55   9.40508e-42  -1.79327e-56   1.88635e-43  -3.18282e-58    3.0325e-45  -4.41925e-60   3.68982e-47  -4.45542e-62   3.07097e-49  -2.81926e-64     1.388e-51  -7.22954e-67
 -6.60253e-18    0.00162521  -7.13413e-17   -0.00281516   -1.3222e-17    -0.0141844   9.43517e-17    -0.0109743   1.08955e-16    0.00938132   9.89153e-17      0.029824   8.46013e-17     0.0379895   1.85158e-17     0.0341405  -8.85367e-17     0.0247224  -1.76951e-16     0.0153564  -2.08129e-16    0.00852071  -1.86262e-16    0.00436249  -1.37943e-16    0.00211985  -8.81125e-17   0.000999586  -4.97583e-17   0.000462887  -2.52545e-17   0.000210457  -1.16556e-17   9.30781e-05  -4.93384e-18   3.95503e-05  -1.92798e-18   1.59721e-05  -6.98972e-19   6.08447e-06  -2.36044e-19   2.17705e-06   -7.4495e-20   7.30215e-07  -2.20322e-20   2.29501e-07  -6.12044e-21   6.76177e-08  -1.60006e-21   1.86923e-08  -3.94282e-22   4.85355e-09  -9.17009e-23   1.18504e-09  -2.01519e-23   2.72358e-10  -4.18827e-24   5.89781e-11   -8.2384e-25    1.2043e-11  -1.53453e-25    2.3204e-12  -2.70766e-26   4.22074e-13  -4.52668e-27   7.25047e-14  -7.17055e-28   1.17646e-14  -1.07613e-28   1.80314e-15   -1.5297e-29   2.61017e-16  -2.05875e-30    3.5675e-17  -2.62191e-31   4.60165e-18  -3.15746e-32   5.59809e-19  -3.59241e-33   6.41776e-20  -3.85747e-34   6.92635e-21  -3.90433e-35   7.02863e-22  -3.71952e-36   6.69654e-23  -3.32959e-37   5.98005e-24  -2.79521e-38   4.99543e-25  -2.19577e-39   3.89453e-26  -1.60989e-40   2.82615e-27   -1.0984e-41   1.90307e-28  -6.95031e-43   1.18489e-29  -4.06276e-44   6.79283e-31  -2.18384e-45   3.56818e-32  -1.07367e-46   1.70747e-33  -4.79743e-48   7.39213e-35  -1.93337e-49   2.87122e-36  -6.96233e-51   9.90348e-38  -2.21479e-52   2.99466e-39  -6.13365e-54   7.80837e-41  -1.45096e-55   1.71741e-42   -2.8572e-57   3.09022e-44  -4.51372e-59   4.34669e-46  -5.40209e-61   4.43594e-48  -4.42683e-63    2.8388e-50  -1.97213e-65   7.35534e-53
  0.000420246  -1.68211e-17    0.00136892  -5.89965e-17   -0.00586955  -2.73669e-18    -0.0142264   6.17388e-17   -0.00700959   7.73363e-17     0.0133403   6.86037e-17     0.0319491   1.85158e-17     0.0393353  -8.11971e-17     0.0360242  -1.85246e-16      0.027369   -2.4167e-16     0.0182101  -2.36123e-16      0.010969  -1.88712e-16      0.006114  -1.28905e-16    0.00319765  -7.72667e-17    0.00158119  -4.13663e-17   0.000741298  -2.00332e-17   0.000329383  -8.85983e-18   0.000138451  -3.60437e-18   5.49325e-05  -1.35651e-18   2.05362e-05  -4.74428e-19   7.22541e-06  -1.54766e-19   2.39123e-06  -4.72359e-20   7.44367e-07  -1.35233e-20   2.18027e-07  -3.63954e-21   6.01222e-08  -9.22452e-22   1.56194e-08  -2.20508e-22   3.82572e-09  -4.97773e-23    8.8408e-10  -1.06221e-23   1.92878e-10  -2.14449e-24   3.97495e-11  -4.09878e-25    7.7418e-12  -7.41998e-26   1.42549e-12  -1.27261e-26   2.48196e-13  -2.06815e-27   4.08674e-14  -3.18461e-28   6.36346e-15  -4.64554e-29    9.3684e-16  -6.41774e-30   1.30363e-16  -8.39242e-31   1.71376e-17  -1.03819e-31   2.12706e-18  -1.21397e-32   2.49055e-19  -1.34049e-33   2.74835e-20  -1.39618e-34   2.85496e-21  -1.36979e-35   2.78791e-22  -1.26394e-36   2.55509e-23  -1.09489e-37   2.19365e-24  -8.88536e-39   1.76043e-25  -6.73917e-40   1.31728e-26  -4.76396e-41   9.16395e-28  -3.12886e-42   5.90723e-29  -1.90228e-43   3.51474e-30  -1.06608e-44   1.92149e-31  -5.48003e-46   9.60078e-33   -2.5687e-47   4.35657e-34  -1.09034e-48   1.78178e-35  -4.15596e-50   6.50755e-37  -1.40789e-51   2.09823e-38  -4.18453e-53   5.88632e-40  -1.07326e-54   1.40975e-41   -2.3237e-56   2.80896e-43  -4.11882e-58   4.48748e-45  -5.71154e-60   5.42764e-47   -5.7511e-62   4.49164e-49  -3.63469e-64   2.01907e-51  -9.30953e-67
  5.09428e-18   0.000976555  -2.64857e-17   5.44701e-05  -5.15735e-17   -0.00832316  -1.33566e-17    -0.0130041   2.44588e-17   -0.00266692   3.32569e-17      0.017329   2.33965e-18     0.0341405  -8.11971e-17     0.0404669  -1.89487e-16     0.0371058  -2.67528e-16     0.0287069  -2.82873e-16     0.0195805  -2.43006e-16     0.0120826  -1.77158e-16    0.00685295  -1.12613e-16    0.00360697  -6.35805e-17    0.00177154  -3.23158e-17   0.000814302  -1.49382e-17   0.000350834   -6.3302e-18    0.00014179  -2.47454e-18    5.3784e-05  -8.96826e-19   1.91584e-05  -3.02575e-19   6.41264e-06  -9.53553e-20   2.01836e-06  -2.81499e-20   5.97852e-07  -7.80315e-21   1.66796e-07  -2.03513e-21   4.38673e-08  -5.00229e-22   1.08844e-08  -1.16038e-22   2.54977e-09  -2.54325e-23   5.64309e-10  -5.27156e-24   1.18059e-10  -1.03413e-24   2.33583e-11  -1.92108e-25   4.37217e-12  -3.38074e-26   7.74396e-13  -5.63722e-27   1.29802e-13  -8.90696e-28   2.05892e-14   -1.3334e-28   3.09005e-15  -1.89081e-29   4.38661e-16  -2.53875e-30    5.8876e-17  -3.22579e-31    7.4668e-18  -3.87602e-32   8.94109e-19  -4.40038e-33   1.00996e-19  -4.71509e-34   1.07498e-20  -4.76259e-35   1.07673e-21  -4.52813e-36   1.01336e-22  -4.04561e-37   8.94553e-24  -3.38995e-38   7.39176e-25  -2.65814e-39   5.70386e-26  -1.94546e-40   4.09913e-27  -1.32509e-41   2.73502e-28  -8.37093e-43   1.68812e-29  -4.88534e-44   9.59825e-31  -2.62193e-45    5.0025e-32  -1.28712e-46   2.37609e-33  -5.74277e-48   1.02143e-34  -2.31107e-49   3.94077e-36  -8.31112e-51   1.35058e-37  -2.64036e-52   4.05909e-39  -7.30289e-54   1.05224e-40  -1.72542e-55   2.30153e-42  -3.39362e-57   4.11938e-44  -5.35499e-59   5.76506e-46  -6.40177e-61   5.85505e-48  -5.24034e-63   3.72969e-50  -2.33208e-65     9.621e-53
  0.000163317   1.46228e-18    0.00119577  -3.67184e-17    -0.0018925  -5.58688e-17   -0.00980719  -3.57295e-17    -0.0106903  -1.64443e-17    0.00198466  -2.73197e-17     0.0212263  -8.85367e-17     0.0360242  -1.89487e-16     0.0408587  -2.81766e-16     0.0369076   -3.1975e-16     0.0284302  -2.94415e-16     0.0193532  -2.28856e-16     0.0118891  -1.54249e-16     0.0066778  -9.18667e-17    0.00345799  -4.90311e-17     0.0016599  -2.37058e-17    0.00074132  -1.04714e-17   0.000308849  -4.25471e-18   0.000120279  -1.59897e-18   4.38612e-05  -5.58289e-19   1.49992e-05  -1.81777e-19    4.8167e-06  -5.53641e-20   1.45439e-06  -1.58148e-20   4.13402e-07  -4.24624e-21   1.10738e-07  -1.07361e-21   2.79821e-08  -2.56009e-22   6.67578e-09  -5.76481e-23   1.50485e-09  -1.22713e-23   3.20726e-10  -2.47135e-24    6.4662e-11  -4.71199e-25   1.23371e-11  -8.50952e-26   2.22813e-12  -1.45602e-26   3.80977e-13  -2.36074e-27   6.16724e-14   -3.6269e-28   9.45076e-15  -5.27906e-29   1.37062e-15  -7.27726e-30   1.88048e-16   -9.4965e-31   2.43945e-17  -1.17238e-31   2.99006e-18  -1.36817e-32   3.45991e-19  -1.50784e-33   3.77569e-20  -1.56754e-34   3.88104e-21  -1.53513e-35    3.7523e-22    -1.414e-36   3.40666e-23  -1.22278e-37   2.89873e-24  -9.90678e-39   2.30665e-25  -7.50181e-40   1.71217e-26  -5.29483e-41   1.18206e-27  -3.47229e-42   7.56467e-29    -2.108e-43   4.46997e-30  -1.17971e-44   2.42774e-31  -6.05582e-46   1.20547e-32  -2.83485e-47   5.43764e-34  -1.20177e-48   2.21135e-35  -4.57504e-50   8.03288e-37  -1.54801e-51   2.57671e-38   -4.5957e-53   7.19311e-40  -1.17741e-54   1.71463e-41  -2.54648e-56   3.40112e-43  -4.50907e-58    5.4102e-45   -6.2465e-60   6.51684e-47  -6.28374e-62   5.37185e-49  -3.96764e-64   2.40568e-51  -1.01532e-66
  3.45589e-18   0.000490547  -8.78612e-18    0.00078003   -4.9068e-17   -0.00392229  -6.81844e-17    -0.0101551  -6.18608e-17   -0.00744761  -6.22528e-17    0.00677542  -1.00875e-16     0.0247224  -1.85246e-16     0.0371058  -2.81766e-16      0.040016  -3.40224e-16     0.0351365  -3.35073e-16     0.0265157  -2.77703e-16     0.0177111  -1.98583e-16     0.0106598  -1.24868e-16    0.00584862  -7.00483e-17    0.00294838  -3.54573e-17    0.00137334  -1.63417e-17   0.000593557   -6.9078e-18   0.000238812  -2.69412e-18   8.96852e-05  -9.74194e-19   3.15095e-05  -3.27927e-19    1.0377e-05  -1.03105e-19   3.20892e-06  -3.03662e-20   9.33192e-07   -8.3975e-21   2.55563e-07  -2.18491e-21   6.59868e-08  -5.35765e-22   1.60807e-08  -1.23988e-22   3.70193e-09  -2.71115e-23   8.05672e-10  -5.60665e-24   1.65868e-10  -1.09738e-24   3.23181e-11  -2.03402e-25   5.96158e-12  -3.57166e-26   1.04136e-12  -5.94284e-27   1.72265e-13  -9.37023e-28   2.69852e-14   -1.3999e-28   4.00223e-15  -1.98118e-29   5.61801e-16  -2.65497e-30   7.46038e-17  -3.36714e-31   9.36623e-18   -4.0385e-32   1.11084e-18  -4.57674e-33   1.24341e-19  -4.89565e-34   1.31206e-20  -4.93674e-35   1.30344e-21  -4.68613e-36    1.2172e-22  -4.18022e-37   1.06655e-23  -3.49745e-38   8.75107e-25  -2.73842e-39   6.70759e-26  -2.00138e-40   4.78977e-27  -1.36132e-41   3.17643e-28  -8.58838e-43   1.94923e-29  -5.00585e-44   1.10218e-30   -2.6833e-45   5.71422e-32  -1.31568e-46   2.70052e-33  -5.86345e-48   1.15533e-34  -2.35702e-49   4.43703e-36  -8.46732e-51   1.51401e-37  -2.68723e-52   4.53129e-39   -7.4252e-54   1.16996e-40  -1.75266e-55   2.54927e-42  -3.44408e-57   4.54614e-44  -5.42987e-59   6.34012e-46  -6.48588e-61   6.41758e-48  -5.30492e-63   4.07497e-50  -2.35898e-65   1.04795e-52
  5.49053e-05   1.49151e-18   0.000746943  -2.24283e-17   -0.00021946  -6.20285e-17   -0.00556005  -8.25134e-17   -0.00932774  -8.90726e-17    -0.0035021  -1.12937e-16     0.0113837  -1.76951e-16      0.027369  -2.67528e-16     0.0369076  -3.40224e-16     0.0376428  -3.57637e-16     0.0318084  -3.16192e-16     0.0232539  -2.40191e-16     0.0150766  -1.59676e-16    0.00880628  -9.42784e-17    0.00468374  -5.00269e-17    0.00228569  -2.40854e-17    0.00102932  -1.06034e-17   0.000429656  -4.29583e-18   0.000166839   -1.6101e-18   6.04468e-05  -5.60742e-19   2.04856e-05  -1.82124e-19   6.50833e-06  -5.53356e-20   1.94203e-06   -1.5769e-20   5.45158e-07  -4.22401e-21   1.44174e-07  -1.06552e-21   3.59657e-08  -2.53506e-22   8.47191e-09  -5.69579e-23   1.88605e-09   -1.2098e-23   3.97117e-10  -2.43129e-24   7.91279e-11  -4.62598e-25    1.4927e-11  -8.33724e-26   2.66672e-12  -1.42371e-26   4.51239e-13  -2.30389e-27   7.23213e-14  -3.53291e-28   1.09775e-14  -5.13285e-29   1.57762e-15  -7.06317e-30   2.14578e-16  -9.20125e-31   2.76065e-17  -1.13404e-31   3.35718e-18  -1.32128e-32   3.85562e-19  -1.45388e-33   4.17748e-20  -1.50915e-34   4.26481e-21  -1.47577e-35    4.0966e-22  -1.35739e-36   3.69623e-23  -1.17221e-37   3.12659e-24  -9.48448e-39   2.47397e-25  -7.17283e-40   1.82652e-26  -5.05639e-41   1.25454e-27  -3.31199e-42    7.9893e-29  -2.00838e-43   4.69886e-30  -1.12272e-44   2.54069e-31  -5.75716e-46   1.25619e-32  -2.69229e-47   5.64339e-34  -1.14021e-48   2.28611e-35  -4.33662e-50   8.27363e-37  -1.46602e-51   2.64452e-38  -4.34852e-53   7.35738e-40  -1.11316e-54    1.7481e-41  -2.40562e-56   3.45676e-43  -4.25647e-58   5.48239e-45  -5.89234e-60   6.58505e-47  -5.92341e-62   5.41333e-49  -3.73767e-64   2.41796e-51  -9.55868e-67
  8.45701e-19   0.000219807  -4.85526e-18   0.000691726  -3.57798e-17   -0.00152053  -7.30589e-17   -0.00646116  -9.60164e-17   -0.00741278  -1.17469e-16   0.000798405  -1.64237e-16     0.0153564   -2.4167e-16     0.0287069   -3.1975e-16     0.0351365  -3.57637e-16      0.033763  -3.37485e-16      0.027265  -2.72781e-16     0.0191659  -1.92069e-16     0.0119793  -1.19564e-16    0.00675173  -6.66129e-17    0.00346567  -3.35494e-17    0.00163209  -1.54018e-17   0.000709179  -6.48912e-18   0.000285622  -2.52345e-18    0.00010702  -9.10026e-19   3.74225e-05   -3.0555e-19   1.22443e-05  -9.58359e-20   3.75709e-06   -2.8159e-20   1.08325e-06  -7.76936e-21   2.93961e-07  -2.01699e-21     7.519e-08  -4.93522e-22   1.81498e-08  -1.13972e-22   4.13875e-09  -2.48706e-23   8.92331e-10  -5.13302e-24   1.82028e-10  -1.00273e-24    3.5151e-11  -1.85509e-25   6.42816e-12  -3.25149e-26   1.11349e-12  -5.40046e-27   1.82716e-13  -8.50029e-28   2.84011e-14   -1.2678e-28   4.18097e-15  -1.79131e-29   5.82716e-16  -2.39674e-30   7.68539e-17  -3.03501e-31   9.58579e-18  -3.63479e-32   1.12979e-18  -4.11336e-33   1.25708e-19  -4.39392e-34   1.31892e-20   -4.4249e-35   1.30313e-21  -4.19489e-36   1.21057e-22  -3.73739e-37   1.05548e-23  -3.12322e-38   8.61906e-25   -2.4426e-39   6.57644e-26  -1.78322e-40   4.67577e-27  -1.21164e-41     3.088e-28  -7.63636e-43   1.88747e-29  -4.44662e-44   1.06322e-30  -2.38131e-45   5.49234e-32  -1.16656e-46   2.58671e-33  -5.19445e-48   1.10299e-34  -2.08639e-49   4.22266e-36  -7.48925e-51   1.43653e-37  -2.37505e-52   4.28699e-39  -6.55797e-54   1.10384e-40  -1.54692e-55   2.39885e-42  -3.03785e-57   4.26714e-44  -4.78654e-59   5.93669e-46  -5.71418e-61    5.9954e-48  -4.67122e-63   3.79852e-50  -2.07613e-65   9.74804e-53
  1.55523e-05  -1.01664e-19   0.000395994  -1.30579e-17   0.000250244  -4.64072e-17   -0.00276008  -8.11391e-17   -0.00643617  -1.08827e-16   -0.00465093  -1.45955e-16    0.00498103  -2.08129e-16     0.0182101  -2.82873e-16     0.0284302  -3.35073e-16     0.0318084  -3.37485e-16     0.0287316  -2.90738e-16     0.0220741  -2.17272e-16     0.0148501  -1.42886e-16    0.00891049  -8.37345e-17    0.00482951  -4.41889e-17    0.00238643  -2.11846e-17    0.00108267  -9.29383e-18   0.000453483  -3.75392e-18   0.000176154  -1.40316e-18   6.36952e-05   -4.8744e-19    2.1506e-05  -1.57939e-19   6.79824e-06  -4.78784e-20   2.01651e-06  -1.36142e-20   5.62353e-07  -3.63911e-21   1.47686e-07   -9.1611e-22   3.65764e-08  -2.17528e-22   8.55281e-09  -4.87813e-23   1.89013e-09  -1.03422e-23   3.95091e-10   -2.0747e-24   7.81629e-11  -3.94066e-25   1.46423e-11  -7.09012e-26   2.59811e-12  -1.20877e-26   4.36738e-13  -1.95296e-27   6.95525e-14  -2.99019e-28   1.04925e-14  -4.33792e-29   1.49902e-15  -5.96075e-30   2.02732e-16  -7.75441e-31   2.59405e-17  -9.54443e-32   3.13811e-18  -1.11061e-32   3.58599e-19  -1.22056e-33   3.86673e-20  -1.26545e-34   3.92945e-21  -1.23604e-35    3.7579e-22  -1.13564e-36   3.37639e-23  -9.79675e-38   2.84457e-24  -7.91865e-39   2.24217e-25  -5.98284e-40   1.64931e-26  -4.21361e-41   1.12885e-27  -2.75751e-42   7.16476e-29  -1.67074e-43    4.2004e-30  -9.33215e-45   2.26421e-31  -4.78173e-46   1.11621e-32   -2.2345e-47   5.00053e-34  -9.45676e-49   2.02028e-35  -3.59435e-50   7.29289e-37  -1.21433e-51   2.32536e-38  -3.59982e-53   6.45435e-40  -9.20992e-55   1.53013e-41  -1.98929e-56   3.01929e-43  -3.51808e-58   4.77885e-45  -4.86794e-60   5.72888e-47  -4.89153e-62   4.70079e-49  -3.08532e-64   2.09598e-51  -7.88744e-67
  3.95887e-21   9.08651e-05  -2.55502e-18   0.000438223  -2.07624e-17  -0.000469197  -5.36753e-17   -0.00360618  -8.69768e-17   -0.00547808  -1.21313e-16    -0.0014384  -1.70653e-16    0.00852071  -2.36123e-16     0.0195805  -2.94415e-16     0.0265157  -3.16192e-16      0.027265  -2.90738e-16     0.0231287  -2.31099e-16     0.0168624  -1.60911e-16     0.0108265  -9.93885e-17    0.00622122  -5.50568e-17    0.00323645  -2.76077e-17    0.00153746  -1.26291e-17   0.000671411  -5.30484e-18   0.000270983  -2.05739e-18   0.000101524  -7.40135e-19   3.54358e-05   -2.4794e-19   1.15584e-05  -7.75988e-20   3.53227e-06  -2.27536e-20   1.01362e-06  -6.26556e-21   2.73638e-07  -1.62351e-21   6.96064e-08  -3.96517e-22   1.67064e-08  -9.14088e-23   3.78759e-09  -1.99129e-23    8.1189e-10  -4.10307e-24   1.64667e-10   -8.0026e-25   3.16183e-11  -1.47824e-25   5.75004e-12  -2.58712e-26    9.9064e-13  -4.29083e-27   1.61703e-13  -6.74438e-28    2.5007e-14  -1.00457e-28   3.66323e-15  -1.41756e-29   5.08138e-16  -1.89432e-30   6.67122e-17  -2.39595e-31   8.28437e-18  -2.86616e-32   9.72298e-19  -3.23997e-33   1.07747e-19  -3.45732e-34    1.1261e-20  -3.47819e-35   1.10849e-21  -3.29421e-36    1.0261e-22  -2.93223e-37   8.91602e-24  -2.44822e-38   7.25718e-25  -1.91309e-39    5.5201e-26  -1.39553e-40   3.91306e-27  -9.47503e-42   2.57695e-28  -5.96732e-43   1.57083e-29  -3.47238e-44    8.8256e-31  -1.85837e-45    4.5478e-32  -9.09824e-47    2.1368e-33  -4.04891e-48   9.09089e-35  -1.62539e-49   3.47282e-36  -5.83146e-51   1.17901e-37  -1.84844e-52   3.51158e-39   -5.1016e-54   9.02487e-41  -1.20289e-55   1.95778e-42  -2.36133e-57   3.47661e-44  -3.71929e-59   4.82902e-46  -4.43867e-61   4.86923e-48  -3.62746e-63   3.08047e-50   -1.6118e-65   7.89423e-53
