    0.209762 -4.48446e-17   -0.0278005  5.07395e-17   -0.0360073 -2.08235e-17  -0.00812249   3.3157e-18   0.00282329  3.17092e-18   0.00226246  -3.5151e-19  0.000500094 -2.87729e-19 -3.23614e-05  6.26989e-21 -3.92233e-05  2.54917e-20 -7.48244e-06  2.81036e-21 -4.14072e-07
-4.48446e-17     0.144891 -1.60419e-17   0.00622879 -1.96562e-18   -0.0310767 -1.96637e-17   -0.0124933  4.22545e-18   0.00168592   2.2369e-18   0.00294099 -9.14511e-19  0.000974956 -5.90888e-19   8.9121e-05 -2.75678e-20 -2.34692e-05  2.33049e-20  -5.6766e-06  2.05119e-21
  -0.0278005 -1.60419e-17    0.0802232  2.28826e-17    0.0118618 -2.16901e-17   -0.0255522 -1.50001e-17   -0.0143688  3.63496e-18  2.46963e-05  8.52504e-19    0.0028925 -1.93342e-18   0.00127386 -9.92951e-19  0.000229769 -1.02668e-19  1.01754e-05  5.78614e-21 -1.01243e-06
 5.07395e-17   0.00622879  2.28826e-17    0.0582369  3.44325e-17    0.0125025 -1.62636e-17   -0.0216746 -4.63337e-18   -0.0154391  6.19333e-18  -0.00187028  6.99397e-19   0.00223469 -2.61373e-18   0.00126124 -1.14849e-18  0.000283989 -1.39809e-19  2.58798e-05 -1.61484e-22
  -0.0360073 -1.96562e-18    0.0118618  3.44325e-17    0.0478886  2.38597e-17    0.0130141 -7.02951e-18   -0.0185975   7.7103e-18    -0.016096  1.23102e-17  -0.00388092  2.24737e-18   0.00107719  -2.1334e-18  0.000906557 -8.54224e-19  0.000214449 -8.33395e-20  1.57636e-05
-2.08235e-17   -0.0310767 -2.16901e-17    0.0125025  2.38597e-17    0.0418907  5.26556e-18    0.0136687 -1.95985e-18   -0.0158381  1.91889e-17   -0.0163354  1.94724e-17  -0.00576674  4.96905e-18 -0.000303237 -5.96459e-19  0.000367464 -3.03616e-19  8.95651e-05  4.88148e-21
 -0.00812249 -1.96637e-17   -0.0255522 -1.62636e-17    0.0130141  5.26556e-18    0.0383378 -1.48225e-17    0.0146998 -1.77723e-18   -0.0129651  2.75027e-17   -0.0158551  2.44028e-17  -0.00703381  7.54091e-18  -0.00140754  9.53639e-19 -6.24956e-05  1.18699e-19   9.6777e-06
  3.3157e-18   -0.0124933 -1.50001e-17   -0.0216746 -7.02951e-18    0.0136687 -1.48225e-17    0.0364307 -3.50422e-17    0.0163485 -5.40526e-18  -0.00943925  2.98257e-17   -0.0140787  2.47003e-17  -0.00703253  8.31146e-18  -0.00175204  1.55367e-18 -0.000192953  2.17609e-19
  0.00282329  4.22545e-18   -0.0143688 -4.63337e-18   -0.0185975 -1.95985e-18    0.0146998 -3.50422e-17    0.0358926 -5.43244e-17    0.0189847 -1.22626e-17  -0.00462934  2.45184e-17   -0.0104705  1.99145e-17  -0.00545895  6.67196e-18  -0.00130266  1.22194e-18  -0.00010656
 3.17092e-18   0.00168592  3.63496e-18   -0.0154391   7.7103e-18   -0.0158381 -1.77723e-18    0.0163485 -5.43244e-17    0.0367948 -7.02374e-17    0.0230213 -2.17195e-17   0.00175653  1.33361e-17  -0.00527154  1.20686e-17    -0.002915  3.83193e-18 -0.000570568  6.12453e-19
  0.00226246   2.2369e-18  2.46963e-05  6.19333e-18    -0.016096  1.91889e-17   -0.0129651 -5.40526e-18    0.0189847 -7.02374e-17     0.039329 -8.03296e-17    0.0283764 -3.14415e-17   0.00883137  1.20279e-18  -1.9847e-05  4.74923e-18 -0.000693728  1.59434e-18  -0.00010469
 -3.5151e-19   0.00294099  8.52504e-19  -0.00187028  1.23102e-17   -0.0163354  2.75027e-17  -0.00943925 -1.22626e-17    0.0230213 -8.03296e-17    0.0431891 -8.32027e-17    0.0335879 -3.72982e-17    0.0142081 -6.66892e-18   0.00320718  6.42249e-19  0.000308712  5.47537e-19
 0.000500094 -9.14511e-19    0.0028925  6.99397e-19  -0.00388092  1.94724e-17   -0.0158551  2.98257e-17  -0.00462934 -2.17195e-17    0.0283764 -8.32027e-17    0.0466566 -7.79209e-17    0.0356929 -3.57706e-17    0.0153859 -8.20046e-18    0.0035575 -3.11499e-19  0.000300558
-2.87729e-19  0.000974956 -1.93342e-18   0.00223469  2.24737e-18  -0.00576674  2.44028e-17   -0.0140787  2.45184e-17   0.00175653 -3.14415e-17    0.0335879 -7.79209e-17    0.0465547 -6.42286e-17    0.0320945 -2.70899e-17    0.0121008  -5.4448e-18   0.00213997 -4.22866e-20
-3.23614e-05 -5.90888e-19   0.00127386 -2.61373e-18   0.00107719  4.96905e-18  -0.00703381  2.47003e-17   -0.0104705  1.33361e-17   0.00883137 -3.72982e-17    0.0356929 -6.42286e-17    0.0402878 -4.46358e-17    0.0232714 -1.56459e-17   0.00685879 -2.12181e-18  0.000708671
 6.26989e-21   8.9121e-05 -9.92951e-19   0.00126124  -2.1334e-18 -0.000303237  7.54091e-18  -0.00703253  1.99145e-17  -0.00527154  1.20279e-18    0.0142081 -3.57706e-17    0.0320945 -4.46358e-17    0.0286634 -2.48986e-17    0.0130195  -6.5167e-18   0.00265406 -3.71167e-19
-3.92233e-05 -2.75678e-20  0.000229769 -1.14849e-18  0.000906557 -5.96459e-19  -0.00140754  8.31146e-18  -0.00545895  1.20686e-17  -1.9847e-05 -6.66892e-18    0.0153859 -2.70899e-17    0.0232714 -2.48986e-17    0.0159967 -1.05506e-17   0.00533639 -1.75547e-18   0.00060434
 2.54917e-20 -2.34692e-05 -1.02668e-19  0.000283989 -8.54224e-19  0.000367464  9.53639e-19  -0.00175204  6.67196e-18    -0.002915  4.74923e-18   0.00320718 -8.20046e-18    0.0121008 -1.56459e-17    0.0130195 -1.05506e-17    0.0066622 -3.15042e-18   0.00147886 -2.28822e-19
-7.48244e-06  2.33049e-20  1.01754e-05 -1.39809e-19  0.000214449 -3.03616e-19 -6.24956e-05  1.55367e-18  -0.00130266  3.83193e-18 -0.000693728  6.42249e-19    0.0035575  -5.4448e-18   0.00685879  -6.5167e-18   0.00533639 -3.15042e-18   0.00193489 -5.77002e-19  0.000232693
 2.81036e-21  -5.6766e-06  5.78614e-21  2.58798e-05 -8.33395e-20  8.95651e-05  1.18699e-19 -0.000192953  1.22194e-18 -0.000570568  1.59434e-18  0.000308712 -3.11499e-19   0.00213997 -2.12181e-18   0.00265406 -1.75547e-18   0.00147886 -5.77002e-19  0.000348351 -4.43816e-20
-4.14072e-07  2.05119e-21 -1.01243e-06 -1.61484e-22  1.57636e-05  4.88148e-21   9.6777e-06  2.17609e-19  -0.00010656  6.12453e-19  -0.00010469  5.47537e-19  0.000300558 -4.22866e-20  0.000708671 -3.71167e-19   0.00060434 -2.28822e-19  0.000232693 -4.43816e-20  2.92112e-05
