 5.52029e-07 -1.53945e-21 -5.50956e-06  2.92052e-20  1.83329e-05 -1.49809e-19 -2.91402e-05  3.81497e-19  2.11132e-05 -5.33168e-19 -1.63647e-06  3.23889e-19 -5.36678e-06    1.718e-19  2.15184e-07 -4.77712e-19   1.4409e-06  3.83395e-19  3.65186e-07 -2.31011e-19 -2.22175e-07  2.61122e-19 -1.85813e-07 -2.78788e-19 -3.90618e-08  1.55674e-19   2.1204e-08 -3.83637e-20  2.03695e-08  1.30023e-20  7.51396e-09 -1.45143e-20  4.83276e-10  4.64281e-21  -1.1278e-09  1.27838e-21 -7.92288e-10 -1.61985e-22 -3.05783e-10 -3.96164e-22 -6.45042e-11  -2.1799e-22   6.2064e-12  2.92694e-22  1.31664e-11 -2.54127e-24  7.29151e-12 -7.98126e-23  2.76941e-12  8.94154e-24  7.92549e-13  1.31576e-23  1.58595e-13 -5.60594e-25  9.48131e-15 -1.50428e-24 -9.75479e-15 -3.42838e-25 -6.09038e-15  2.93236e-25   -2.394e-15  1.03453e-25 -7.56481e-16 -6.59038e-26 -2.05261e-16 -3.21681e-26 -4.90304e-17  4.70048e-27 -1.03892e-17  5.18581e-27 -1.94309e-18  9.22029e-28 -3.13709e-19 -1.11147e-28 -4.10138e-20 -1.50523e-28 -3.38198e-21 -5.12388e-29  2.00601e-22  8.60588e-30  1.70472e-22  8.81551e-30  4.86277e-23  2.66613e-31  1.04356e-23  -8.3677e-31  1.90011e-24 -5.42074e-32   3.0597e-25  9.91275e-32  4.43844e-26  2.40507e-32  5.85241e-27 -3.67315e-33  7.04376e-28 -2.33058e-33  7.74809e-29 -1.92646e-34  7.78376e-30  8.13472e-35  7.12473e-31  1.95066e-35  5.91936e-32 -4.06622e-37  4.44016e-33 -7.09778e-37  2.98611e-34 -9.33325e-38  1.78459e-35  4.25242e-41  9.37519e-37  4.74049e-40  4.27278e-38 -2.18303e-40  1.65425e-39 -6.87413e-41  5.16327e-41 -8.30967e-42  1.13499e-42 -3.86559e-43  1.31517e-44  1.72538e-44  1.27147e-46  2.72767e-45  6.88752e-48   7.2987e-47
-1.53945e-21   8.3707e-06 -1.81755e-20 -4.66033e-05  2.36787e-19  0.000113644   -9.602e-19 -0.000138055  2.03343e-18  6.78669e-05   -2.369e-18  1.46104e-05  1.00948e-18 -1.99422e-05  1.09695e-18 -5.64819e-06 -1.86523e-18  4.09178e-06  1.10074e-18  2.76109e-06 -5.69755e-19  5.18415e-08   8.4811e-19  -6.5291e-07 -8.91907e-19 -3.40665e-07   4.0395e-19 -3.55843e-08 -5.28423e-20  5.42088e-08  3.16637e-20  3.96507e-08 -4.59222e-20  1.33826e-08  8.99943e-21  7.83292e-10  5.88568e-21 -1.92783e-09  4.84373e-22 -1.35726e-09 -1.79685e-21 -5.49239e-10 -6.26539e-22  -1.4002e-10   9.5496e-22 -8.99843e-12 -2.48448e-24   1.3234e-11 -2.54132e-22  9.18191e-12  1.36914e-23  3.93156e-12  4.22111e-23  1.29555e-12  2.16053e-24   3.4057e-13 -5.31918e-24  6.75746e-14 -1.24686e-24   6.9654e-15  1.09323e-24 -1.72595e-15  3.43855e-25 -1.36724e-15 -2.37122e-25  -5.4369e-16 -1.18913e-25 -1.68725e-16  8.76906e-27 -4.48756e-17  1.72824e-26 -1.06058e-17  4.77227e-27 -2.26644e-18  6.96035e-29 -4.41995e-19 -5.69965e-28 -7.90358e-20 -1.93711e-28 -1.29832e-20  2.86733e-29 -1.95853e-21  2.46843e-29 -2.70626e-22   -1.228e-30 -3.40794e-23   -2.585e-30 -3.87682e-24  9.64442e-32  -3.9239e-25  3.69331e-31 -3.43362e-26  7.23426e-32 -2.43329e-27 -1.29309e-32 -1.11518e-28 -6.64129e-33  2.14098e-30 -3.67684e-34  1.24458e-30  2.50301e-34  1.78237e-31  4.94869e-35  1.81485e-32 -2.24145e-36  1.48807e-33 -1.86784e-36  1.01636e-34 -2.23567e-37  5.82143e-36 -4.93738e-39  2.78623e-37   -1.522e-39  1.10391e-38 -1.03642e-39  3.37621e-40 -2.10944e-40   4.1677e-42 -2.03656e-41 -3.35957e-43 -6.70545e-43 -2.08872e-44  4.47423e-44 -2.97332e-46  3.89083e-45  2.77071e-48
-5.50956e-06 -1.81755e-20  6.17471e-05 -1.20509e-19 -0.000234546  1.18066e-18  0.000439017 -3.92058e-18  -0.00040758  7.03764e-18  0.000112553 -6.87141e-18  8.61956e-05  1.74457e-18 -3.49787e-05   3.9766e-18 -2.82299e-05 -4.67862e-18  2.60408e-06  1.81363e-18   8.3564e-06 -8.13902e-19  2.77184e-06  1.95803e-18 -7.74367e-07 -1.94991e-18  -1.0639e-06  6.54535e-19 -4.09451e-07   1.7644e-20 -2.93277e-09  6.89214e-20  8.46823e-08  -1.0138e-19  5.29904e-08  6.22847e-21  1.71674e-08  1.57935e-20  1.31151e-09  3.19872e-21  -2.1064e-09 -4.94496e-21  -1.5569e-09  -1.2307e-21 -6.67923e-10  2.21092e-21 -1.97712e-10  9.44326e-24 -3.34606e-11 -5.73483e-22  4.20413e-12  -1.8912e-24  6.37078e-12  9.43669e-23  3.25465e-12  1.10274e-23  1.21089e-12 -1.26685e-23  3.67734e-13 -2.66463e-24  9.37472e-14  2.91876e-24  1.97731e-14  8.07417e-25   3.1639e-15 -6.08298e-25  2.30296e-16 -3.17711e-25 -8.06672e-17  1.03817e-27 -4.75398e-17  4.07696e-26  -1.5957e-17  1.50657e-26 -4.28062e-18  1.13348e-27  -9.9541e-19 -1.38468e-27 -2.07316e-19 -4.57706e-28 -3.93106e-20  6.39059e-29 -6.84891e-21  4.10161e-29 -1.10239e-21 -8.97749e-30 -1.64461e-22 -5.61649e-30 -2.27817e-23  8.53444e-31 -2.93248e-24   9.4563e-31 -3.50728e-25  1.54756e-31  -3.8943e-26 -2.90119e-32 -4.00795e-27 -1.23069e-32  -3.8143e-28 -1.54508e-34 -3.34563e-29  5.64058e-34 -2.69292e-30  9.13845e-35 -1.97795e-31 -5.32489e-36 -1.31631e-32 -3.23743e-36 -7.86565e-34 -3.65569e-37 -4.17113e-35 -2.37582e-38 -1.93164e-36 -8.81467e-39  -7.6508e-38 -2.75133e-39 -2.55634e-39  -4.2252e-40 -7.42291e-41 -3.23812e-41 -1.98802e-42 -6.49003e-43 -4.22528e-44  6.59151e-44  -3.7496e-46   2.7433e-45
 2.92052e-20 -4.66033e-05 -1.20509e-19  0.000295442 -5.48918e-19 -0.000837446  4.26217e-18   0.00123482  -1.1895e-17 -0.000857444  1.84002e-17  4.31634e-05 -1.50969e-17  0.000242673  1.21623e-18 -1.03358e-05  1.03097e-17 -7.06362e-05 -8.68165e-18 -1.62715e-05  1.44845e-18  1.32163e-05 -6.12125e-19  9.93085e-06  3.73745e-18  1.48193e-06 -3.35574e-18 -1.62807e-06  6.88563e-19 -1.26412e-06  2.23747e-19 -3.84382e-07  1.52342e-19  3.38979e-08 -1.76864e-19  9.91225e-08 -1.36157e-20  5.66059e-08    3.104e-20  1.83326e-08  8.68636e-21  2.09306e-09 -1.03516e-20 -1.61539e-09 -1.82846e-21 -1.34685e-09  4.22079e-21 -6.19706e-10  6.15087e-23 -2.06337e-10 -1.05836e-21 -4.93259e-11 -5.85253e-23 -5.79628e-12  1.68872e-22  1.84754e-12  2.55966e-23   1.6056e-12 -2.43542e-23  7.10998e-13  -3.6652e-24  2.43113e-13  6.52756e-24  7.01604e-14  1.59938e-24  1.76277e-14 -1.27764e-24  3.88959e-15 -7.06841e-25  7.48056e-16 -4.29013e-26  1.21436e-16  7.79328e-26  1.50211e-17  3.54955e-26  7.77055e-19  3.89791e-27 -2.77434e-19 -2.47287e-27 -1.23936e-19 -7.75227e-28 -3.29516e-20  1.08347e-28 -7.05052e-21  3.48006e-29 -1.30837e-21 -3.07522e-29 -2.16931e-22 -9.96338e-30 -3.25955e-23  2.71612e-30 -4.47056e-24  1.91479e-30 -5.61582e-25  2.73232e-31  -6.4677e-26 -4.65059e-32 -6.82433e-27  -1.5901e-32 -6.58288e-28  1.21789e-33 -5.78527e-29  1.09655e-33 -4.61011e-30  1.52356e-34 -3.31041e-31 -6.20352e-36 -2.12525e-32 -3.96988e-36  -1.2077e-33 -4.59491e-37 -5.99584e-35 -6.61786e-38 -2.55454e-36 -2.30801e-38 -9.13268e-38 -5.19184e-39 -2.70597e-39  -6.3272e-40 -6.91275e-41 -3.76419e-41 -1.61717e-42  -3.0288e-43 -2.78694e-44  6.14344e-44 -1.47299e-46
 1.83329e-05  2.36787e-19 -0.000234546 -5.48918e-19   0.00103175  -1.8785e-18  -0.00229625  1.19643e-17   0.00270088 -2.86644e-17  -0.00132257  3.88332e-17 -0.000313646 -2.67931e-17  0.000441858 -2.82059e-18  0.000115702  2.10715e-17 -0.000107037 -1.24725e-17 -6.45319e-05 -1.47205e-18  4.95642e-06  2.22159e-19  1.93996e-05  6.26395e-18  8.43667e-06 -4.80712e-18  -2.0137e-07  2.74072e-19 -2.10791e-06  5.46312e-19   -1.224e-06  3.14611e-19 -3.08123e-07 -2.55041e-19  5.38721e-08 -5.56799e-20  9.42044e-08  4.95288e-20   5.1273e-08   1.5632e-20   1.7111e-08 -1.83152e-20  2.79619e-09 -2.07327e-21 -7.90055e-10  7.07145e-21 -8.92704e-10   2.1085e-22  -4.5077e-10 -1.68371e-21 -1.65534e-10 -1.63997e-22 -4.75033e-11  2.54979e-22 -1.02322e-11  3.77439e-23 -1.18837e-12 -4.13504e-23  2.54825e-13 -2.33292e-24  2.29114e-13  1.29878e-23  9.67843e-14  2.92487e-24  3.15328e-14 -2.31707e-24  8.75032e-15 -1.37868e-24  2.14714e-15 -1.58393e-25  4.74142e-16  1.26378e-25  9.50485e-17  6.77005e-26   1.7359e-17  9.12261e-27  2.88757e-18 -3.28276e-27  4.35679e-19 -9.38923e-28  5.90608e-20  1.39283e-28  7.05699e-21 -3.26303e-29  7.12883e-22    -7.59e-29  5.41521e-23 -1.54754e-29  1.48503e-24  5.94669e-30 -4.49743e-25  3.24054e-30 -1.16102e-25  4.25187e-31 -1.83268e-26 -5.08643e-32 -2.30014e-27 -1.14533e-32 -2.45032e-28  4.81318e-33 -2.26782e-29  1.96848e-33 -1.83805e-30  2.58406e-34 -1.30491e-31  2.64213e-36 -8.07633e-33  -2.9076e-36 -4.31775e-34 -4.52944e-37 -1.96352e-35 -1.35761e-37 -7.40749e-37  -4.2521e-38 -2.25914e-38 -7.60574e-39 -5.91843e-40 -7.43798e-40 -1.77479e-41 -3.29336e-41 -5.78027e-43  9.38593e-44  -9.9027e-45  3.36675e-44
-1.49809e-19  0.000113644  1.18066e-18 -0.000837446  -1.8785e-18   0.00280656 -5.07796e-18   -0.0050654  2.71867e-17   0.00475727 -5.70183e-17   -0.0014071  6.88835e-17  -0.00106796 -3.99487e-17  0.000528929 -1.26796e-17  0.000374283  3.58972e-17 -7.68873e-05 -1.38017e-17 -0.000133481 -8.02122e-18 -3.18038e-05  1.44919e-18  2.14621e-05  9.48498e-18  1.93796e-05 -5.89481e-18  5.42131e-06  -6.9806e-19 -1.44351e-06  8.85169e-19 -2.12176e-06  5.67152e-19 -1.02737e-06 -3.10767e-19  -2.2611e-07 -1.12726e-19  5.19375e-08  6.89727e-20  7.53297e-08  2.03409e-20  4.03688e-08 -2.91802e-20  1.41387e-08 -1.71581e-21  3.03391e-09  1.07093e-20  -5.4011e-11  5.31919e-22 -4.27147e-10 -2.35724e-21 -2.52985e-10 -2.94324e-22 -1.02366e-10  3.32381e-22 -3.30193e-11  2.97533e-23 -8.78729e-12 -6.57199e-23 -1.89036e-12  3.73999e-24  -2.9003e-13  2.36195e-23 -9.21351e-15  5.16518e-24  1.44994e-14 -3.72665e-24  7.19369e-15 -2.41191e-24  2.37607e-15 -3.82632e-25  6.45446e-16  1.76201e-25  1.53429e-16  1.08985e-25  3.27894e-17  1.73053e-26  6.38969e-18  -2.7786e-27  1.14472e-18 -6.35789e-28  1.89475e-19  1.09387e-28  2.90648e-20 -2.06875e-28  4.13931e-21 -1.52179e-28   5.4781e-22 -2.22498e-29  6.73854e-23  1.01716e-29   7.7014e-24  4.70755e-30  8.17003e-25  6.06202e-31  8.03232e-26 -2.04217e-32  7.30156e-27  7.93342e-33  6.11715e-28  1.16975e-32  4.70269e-29   3.3407e-33  3.29824e-30  4.52485e-34  2.09421e-31  3.01211e-35  1.19179e-32  7.80818e-37  6.00163e-34 -3.40772e-37   2.6341e-35 -2.24084e-37   9.8902e-37 -6.16071e-38  3.06105e-38 -9.00635e-39  6.91612e-40 -6.99354e-40  6.78117e-42 -2.14272e-41 -1.22244e-43  2.59805e-43 -2.33704e-45
-2.91402e-05   -9.602e-19  0.000439017  4.26217e-18  -0.00229625 -5.07796e-18   0.00620012 -1.11768e-17  -0.00927404  5.12468e-17   0.00686884 -9.60635e-17 -0.000634704  1.05854e-16  -0.00210798 -5.15885e-17  0.000286511 -2.95101e-17  0.000703093  5.29535e-17  8.44961e-05 -1.06542e-17 -0.000180839 -1.80782e-17  -0.00010044   2.4349e-18  1.62812e-06  1.31664e-17   2.7572e-05 -6.27213e-18  1.53444e-05 -2.13498e-18  2.55194e-06  1.10363e-18 -1.94317e-06  8.76895e-19 -1.80576e-06 -3.23934e-19 -7.78046e-07 -1.63212e-19 -1.61373e-07  8.97527e-20  3.56856e-08   1.8232e-20  5.12018e-08 -4.34305e-20  2.77682e-08  -9.1923e-22  1.02885e-08  1.48219e-20  2.68226e-09  1.07205e-21  3.46796e-10 -2.91175e-21 -1.07607e-10 -3.84427e-22 -1.01372e-10   3.7493e-22 -4.72207e-11  -2.3821e-23 -1.68169e-11 -1.01366e-22  -5.0108e-12  1.65094e-23 -1.28602e-12  3.97609e-23 -2.85198e-13  8.87516e-24 -5.34716e-14 -5.39487e-24 -7.83978e-15 -3.82807e-24 -6.17427e-16 -7.40756e-25   1.1122e-16  2.09063e-25  6.91971e-17  1.51676e-25  2.14549e-17   2.8745e-26  5.20811e-18   3.7805e-28  1.08683e-18  4.26718e-28  2.02007e-19 -5.71105e-29  3.40105e-20 -5.25959e-28  5.23297e-21 -2.63074e-28  7.39272e-22 -3.14413e-29  9.61001e-23  1.41035e-29     1.15e-23  5.92763e-30  1.26571e-24  8.09647e-31  1.27859e-25  6.57623e-32   1.1817e-26  4.72581e-32  9.94894e-28  2.24953e-32  7.58749e-29  5.34904e-33  5.20453e-30  7.72483e-34  3.18231e-31  8.07452e-35  1.71514e-32  6.87583e-36  8.03533e-34 -1.83561e-37   3.2179e-35 -3.10656e-37  1.07816e-36   -7.348e-38  2.89882e-38 -8.78254e-39  5.51441e-40 -5.26535e-40  4.47679e-42 -9.76066e-42 -4.69609e-44  1.75593e-43
 3.81497e-19 -0.000138055 -3.92058e-18   0.00123482  1.19643e-17   -0.0050654 -1.11768e-17    0.0114591 -2.03811e-17   -0.0144173  8.12544e-17   0.00814891 -1.39717e-16   0.00124742  1.44724e-16  -0.00305283 -5.93937e-17 -0.000427425  -5.2533e-17  0.000934599  6.96478e-17  0.000390871 -2.42738e-18  -0.00014318 -3.01569e-17 -0.000178589  2.49896e-18 -4.90184e-05  1.69066e-17  2.14728e-05  -5.7943e-18  2.52755e-05 -3.76645e-18   1.0287e-05  1.09582e-18  6.63142e-07  1.16356e-18 -1.83658e-06 -2.91806e-19 -1.35515e-06 -1.77646e-19  -5.4549e-07  1.16384e-19 -1.16027e-07  6.55837e-21  1.62969e-08 -6.12708e-20  2.92244e-08 -3.94393e-22  1.65214e-08  1.87344e-20   6.4921e-09  1.79759e-21  1.93939e-09 -3.12408e-21  4.15495e-10 -3.38429e-22  3.59988e-11  3.55029e-22 -2.04108e-11  -1.5118e-22 -1.44608e-11 -1.54121e-22 -5.98127e-12    3.651e-23 -1.96318e-12  6.23508e-23 -5.52226e-13  1.46437e-23 -1.37251e-13 -7.08419e-24 -3.05559e-14  -5.5512e-24 -6.12312e-15 -1.23395e-24 -1.10249e-15  2.00806e-25 -1.76645e-16  1.85233e-25 -2.45988e-17  4.38826e-26 -2.80636e-18  7.41221e-27 -2.13012e-19  2.34583e-27  5.03736e-21 -4.59755e-28  6.06679e-21 -1.00783e-27  1.51508e-21 -4.07983e-28    2.747e-22 -4.62363e-29  4.15244e-23  1.55577e-29  5.47026e-24  6.41197e-30  6.39553e-25  1.01971e-30  6.68671e-26   2.1685e-31  6.26524e-27  1.06776e-31  5.25371e-28  3.69404e-32  3.92701e-29  7.99102e-33  2.59987e-30  1.21787e-33  1.51106e-31   1.4919e-34  7.62163e-33  1.38514e-35  3.29068e-34 -7.85324e-38  1.19899e-35  -3.6983e-37  3.62513e-37 -7.36739e-38  8.61911e-39 -7.09126e-39   1.2688e-40 -3.12698e-40 -3.95309e-44 -2.58356e-42 -2.04053e-44
 2.11132e-05  2.03343e-18  -0.00040758  -1.1895e-17   0.00270088  2.71867e-17  -0.00927404 -2.03811e-17    0.0181315 -3.09537e-17   -0.0193753  1.08771e-16   0.00776464 -1.78165e-16   0.00402629  1.80655e-16  -0.00339794 -6.29022e-17    -0.001549 -7.91687e-17  0.000865561  8.36559e-17  0.000767614  9.58123e-18   2.7065e-05 -4.20062e-17 -0.000219784  1.32306e-18 -0.000122369  2.02349e-17 -8.64849e-06 -4.54843e-18  2.69615e-05 -5.24413e-18  1.91555e-05  8.31457e-19  6.10037e-06  1.32045e-18 -2.10101e-07 -2.33165e-19  -1.4177e-06 -1.30591e-19  -9.1664e-07   1.5615e-19  -3.5838e-07 -1.32758e-20 -8.33762e-08 -8.18246e-20    1.737e-09 -1.19671e-21  1.33846e-08  2.14422e-20  8.28322e-09  2.58383e-21  3.46852e-09  -2.7576e-21  1.14149e-09 -5.90977e-23  3.02346e-10  2.46268e-22  6.09724e-11 -3.77317e-22   6.6569e-12 -2.30992e-22    -1.39e-12  6.22515e-23 -1.18359e-12   9.1389e-23 -4.78887e-13  2.28353e-23 -1.50097e-13 -8.46014e-24 -4.02269e-14 -7.39881e-24 -9.57446e-15  -1.8372e-24 -2.06173e-15  1.27862e-25 -4.05847e-16  2.00664e-25 -7.34812e-17  6.36136e-26 -1.22827e-17  1.88918e-26 -1.89968e-18  4.87952e-27 -2.72182e-19 -1.20959e-27 -3.61455e-20 -1.64839e-27 -4.44925e-21  -5.8618e-28 -5.07508e-22 -7.24869e-29 -5.36209e-23  1.18232e-29 -5.24499e-24  5.68181e-30 -4.74727e-25  1.20047e-30 -3.97338e-26  4.21498e-31 -3.07231e-27   1.8057e-31 -2.19042e-28  5.36284e-32  -1.4346e-29  1.10244e-32 -8.57311e-31  1.72716e-33 -4.62182e-32   2.1961e-34 -2.20636e-33  1.94376e-35 -9.03273e-35 -9.41053e-38 -2.99266e-36 -3.81988e-37  -7.2831e-38 -6.25925e-38 -1.20666e-39 -4.71643e-39 -2.15898e-41 -1.41089e-40 -5.69717e-43 -9.78028e-44
-5.33168e-19  6.78669e-05  7.03764e-18 -0.000857444 -2.86644e-17   0.00475727  5.12468e-17   -0.0144173 -3.09537e-17    0.0250426 -3.86803e-17    -0.022851  1.21565e-16   0.00539318  -2.0201e-16   0.00704687  2.11144e-16  -0.00277312 -6.34113e-17  -0.00279133 -1.05755e-16   0.00036926  9.36209e-17   0.00106684  2.26525e-17  0.000323811 -5.15811e-17 -0.000174053 -8.84832e-19 -0.000190237  2.27452e-17 -6.23622e-05 -2.77128e-18  1.22167e-05 -6.24829e-18  2.36628e-05  3.56969e-19  1.27972e-05  1.24813e-18  3.34215e-06 -1.82386e-19 -4.10836e-07 -1.23816e-20 -9.37812e-07  2.15396e-19 -5.63278e-07 -3.52664e-20 -2.20198e-07 -1.02537e-19 -5.74956e-08 -4.27346e-21 -5.40392e-09  2.18607e-20   4.2736e-09   3.2908e-21  3.31616e-09  -1.6081e-21  1.51227e-09  5.17332e-22  5.37633e-10  2.46749e-23  1.59408e-10 -7.18775e-22  4.00436e-11 -3.38613e-22  8.36544e-12  9.01654e-23  1.33374e-12  1.25436e-22   1.0047e-13  3.33135e-23 -3.11331e-14 -9.17275e-24 -1.86437e-14 -9.12456e-24 -6.20832e-15  -2.5098e-24 -1.64334e-15 -2.44316e-26 -3.75835e-16  1.95098e-25 -7.67648e-17  8.91074e-26 -1.42338e-17  3.42286e-26 -2.41753e-18  7.40037e-27 -3.78037e-19 -2.41804e-27 -5.45782e-20 -2.43364e-27  -7.2837e-21 -8.02763e-28 -8.98545e-22 -1.18366e-28 -1.02365e-22  3.20943e-31 -1.07484e-23  3.38308e-30 -1.03721e-24  1.29105e-30 -9.16275e-26  6.46984e-31 -7.37261e-27  2.57425e-31 -5.36855e-28  7.01402e-32 -3.50912e-29  1.39563e-32 -2.03771e-30  2.18652e-33 -1.03712e-31  2.71451e-34 -4.54118e-33  2.17511e-35 -1.66272e-34 -2.18971e-37 -4.85351e-36 -3.43197e-37 -1.04228e-37 -4.50165e-38 -1.48272e-39  -2.5406e-39  -1.4793e-41 -4.45386e-41 -1.29162e-43
-1.63647e-06   -2.369e-18  0.000112553  1.84002e-17  -0.00132257 -5.70183e-17   0.00686884  8.12544e-17   -0.0193753 -3.86803e-17    0.0307357 -3.77111e-17   -0.0239744  1.08416e-16   0.00140499 -2.06593e-16   0.00950092  2.36088e-16  -0.00113633 -6.28766e-17   -0.0037604 -1.28318e-16 -0.000525563  9.92979e-17   0.00113037  3.37437e-17  0.000675869 -5.77864e-17  -1.6003e-05 -3.56827e-18 -0.000213976  2.41858e-17 -0.000124941 -7.20074e-19 -2.14773e-05 -6.55445e-18  1.78316e-05 -2.35139e-19  1.72635e-05  8.86616e-19  7.84505e-06 -1.77339e-19  1.78529e-06  1.64889e-19 -3.08474e-07  2.95484e-19 -5.38243e-07 -5.06028e-20 -3.13054e-07 -1.19401e-19 -1.24672e-07 -1.00407e-20 -3.63067e-08  1.92354e-20 -6.61128e-09  3.91188e-21  3.15577e-10  4.70543e-22  9.22642e-10  1.40033e-21   5.0201e-10 -3.28071e-22  1.94855e-10 -1.17922e-21  6.23825e-11 -4.80952e-22  1.72686e-11  1.15142e-22  4.21012e-12  1.61406e-22  9.07786e-13  4.52818e-23  1.71683e-13 -8.98085e-24  2.76873e-14 -1.05075e-23  3.50605e-15  -3.2139e-24  2.37473e-16 -2.54894e-25 -3.81977e-17  1.73805e-25  -2.0396e-17  1.20861e-25 -5.46053e-18  5.14019e-26 -1.14179e-18  8.96353e-27  -2.0434e-19 -4.19769e-27 -3.23815e-20 -3.36111e-27 -4.61457e-21 -1.07259e-27 -5.95751e-22 -1.92594e-28 -6.98932e-23 -2.06085e-29 -7.45426e-24 -6.13599e-31 -7.21564e-25  1.21805e-30 -6.31864e-26  8.48201e-31 -4.98112e-27  3.23849e-31 -3.51168e-28  8.35789e-32 -2.19494e-29   1.6163e-32 -1.20261e-30  2.47119e-33 -5.68789e-32  2.88877e-34 -2.27018e-33  2.02613e-35 -7.35979e-35 -3.70679e-37 -1.80115e-36  -2.6738e-37  -2.8513e-38 -2.71579e-38  -1.9814e-40 -1.07074e-39 -8.65131e-44 -7.92228e-42
 3.23889e-19  1.46104e-05 -6.87141e-18  4.31634e-05  3.88332e-17   -0.0014071 -9.60635e-17   0.00814891  1.08771e-16    -0.022851 -3.77111e-17     0.034124 -2.28088e-17   -0.0226666  6.46361e-17  -0.00333801   -1.936e-16    0.0107806  2.55861e-16   0.00121655 -6.28552e-17  -0.00412474 -1.43195e-16  -0.00163778  1.01336e-16  0.000861456   4.0598e-17  0.000970234 -6.06376e-17  0.000236945 -6.18448e-18 -0.000162145  2.44654e-17 -0.000170982  1.42496e-18  -6.7361e-05 -6.05559e-18 -1.24142e-06 -8.43519e-19   1.5533e-05  2.35017e-19  1.11519e-05 -2.47103e-19  4.54025e-06  3.69436e-19   9.8292e-07   3.9054e-19 -1.45896e-07 -5.08994e-20 -2.64926e-07 -1.28188e-19 -1.54748e-07 -1.82573e-20 -6.34624e-08  1.35328e-20 -2.01835e-08  4.71867e-21 -4.88213e-09  3.56786e-21 -7.16164e-10  2.54991e-21  7.14313e-11 -8.16418e-22  1.03814e-10 -1.74496e-21  4.92258e-11 -6.56503e-22  1.73432e-11  1.31658e-22  5.14045e-12  1.94923e-22  1.33979e-12  5.73467e-23  3.13501e-13 -7.88294e-24  6.65802e-14 -1.14514e-23  1.29086e-14 -3.93007e-24  2.29074e-15 -5.44109e-25  3.72168e-16  1.48059e-25  5.52478e-17  1.57233e-25  7.46038e-18  6.70299e-26   9.0912e-19  8.45626e-27  9.86047e-20 -6.67537e-27   9.2774e-21 -4.45698e-27  7.15578e-22 -1.41807e-27  3.78786e-23 -3.01329e-28 -7.20327e-26 -5.09769e-29  -3.4569e-25 -6.13286e-30 -5.57215e-26  9.27052e-31 -6.11422e-27  9.83167e-31 -5.34255e-28  3.68032e-31  -3.8759e-29  9.13691e-32 -2.35712e-30   1.7105e-32 -1.19297e-31  2.49903e-33 -4.89039e-33  2.68132e-34 -1.49705e-34  1.59489e-35  -2.3523e-36 -4.56826e-37  6.61731e-38 -1.79174e-37  5.78971e-39 -1.34841e-38  1.55757e-40 -3.29301e-40  1.22082e-42
-5.36678e-06  1.00948e-18  8.61956e-05 -1.50969e-17 -0.000313646  6.88835e-17 -0.000634704 -1.39717e-16   0.00776464  1.21565e-16   -0.0239744 -2.28088e-17    0.0349263  7.96602e-18   -0.0195603 -4.80372e-18  -0.00789714 -1.69121e-16    0.0106789  2.69182e-16    0.0038037 -6.42174e-17  -0.00373568 -1.47686e-16  -0.00270779  1.00935e-16  0.000264701  4.24043e-17    0.0010956  -6.0896e-17    0.0005264 -8.49396e-18 -2.64132e-05   2.3605e-17 -0.000174366  3.58661e-18 -0.000110294 -4.76045e-18 -3.07549e-05  -1.3833e-18  5.34354e-06 -6.45893e-19  1.08283e-05 -4.03957e-19  6.57352e-06  5.58669e-19    2.522e-06   4.8813e-19  5.69882e-07 -3.14893e-20 -2.97196e-08 -1.26293e-19 -1.07246e-07 -2.82774e-20 -6.59543e-08  5.60313e-21 -2.81124e-08  6.30224e-21 -9.55591e-09  7.72904e-21 -2.67275e-09  3.90246e-21 -6.01449e-10  -1.4187e-21 -9.54551e-11 -2.38055e-21 -2.49303e-12 -8.55558e-22  5.55715e-12  1.35428e-22  2.81527e-12  2.21307e-22  9.60274e-13  6.78119e-23  2.69652e-13 -6.19601e-24  6.62117e-14 -1.20411e-23  1.45983e-14 -4.65904e-24  2.93068e-15 -8.57893e-25  5.40082e-16  1.29519e-25  9.18157e-17  1.93216e-25  1.44425e-17  7.68314e-26  2.10561e-18  4.78112e-27  2.84737e-19 -9.99994e-27  3.57128e-20 -5.77423e-27  4.15141e-21 -1.85927e-27   4.4661e-22 -4.44497e-28  4.43669e-23 -8.86797e-29  4.05733e-24 -1.26485e-29  3.40149e-25  4.19599e-31  2.60006e-26  1.02777e-30  1.79942e-27  3.83139e-31  1.11742e-28  9.20275e-32  6.15598e-30  1.65353e-32  2.96679e-31  2.26593e-33  1.23096e-32  2.18442e-34  4.33598e-34  1.06183e-35  1.29224e-35 -4.36187e-37  3.27548e-37 -1.01858e-37  6.68941e-39 -5.32198e-39  8.34216e-41 -6.22257e-41
   1.718e-19 -1.99422e-05  1.74457e-18  0.000242673 -2.67931e-17  -0.00106796  1.05854e-16   0.00124742 -1.78165e-16   0.00539318  1.08416e-16   -0.0226666  7.96602e-18    0.0336403  5.15446e-17   -0.0155993 -8.62954e-17   -0.0116075 -1.39764e-16    0.0093665  2.72631e-16   0.00615393 -6.74821e-17  -0.00264782 -1.40753e-16   -0.0034918  9.94628e-17 -0.000560197  3.98459e-17  0.000982364 -5.95077e-17  0.000772518 -1.06178e-17  0.000172288  2.16942e-17 -0.000119512  5.75666e-18 -0.000132013 -2.78322e-18 -6.21385e-05 -1.79507e-18 -1.21533e-05 -1.64731e-18  5.44821e-06 -6.41125e-19  6.50441e-06  6.91346e-19  3.57835e-06   5.7255e-19  1.34535e-06  6.44416e-21   3.3591e-07 -1.14399e-19  2.23777e-08 -3.95397e-20  -3.1772e-08 -2.99893e-21 -2.29234e-08  9.44782e-21 -1.03718e-08  1.29495e-20 -3.72232e-09  5.39943e-21 -1.12831e-09 -2.07697e-21 -2.94689e-10 -3.02669e-21 -6.61142e-11 -1.05868e-21 -1.23402e-11  1.25293e-22 -1.71161e-12  2.36998e-22 -8.08145e-14  7.51156e-23  5.05604e-14 -4.52375e-24  2.38733e-14 -1.25155e-23  7.07381e-15 -5.40599e-24  1.70083e-15 -1.15541e-24   3.5545e-16  1.23872e-25  6.64194e-17  2.20326e-25  1.12532e-17  7.64124e-26  1.74154e-18 -2.95444e-27  2.47127e-19  -1.4317e-26  3.22043e-20  -7.3641e-27   3.8538e-21 -2.39884e-27   4.2292e-22 -6.12971e-28  4.24548e-23 -1.29483e-28  3.88418e-24 -1.93079e-29   3.2229e-25 -2.27482e-31  2.41009e-26  9.82667e-31  1.61135e-27  3.68726e-31   9.5357e-29  8.56001e-32  4.93206e-30   1.4596e-32  2.19497e-31  1.84402e-33  8.25601e-33  1.56479e-34  2.58336e-34  5.91357e-36  6.69782e-36 -3.33238e-37  1.44191e-37 -4.80614e-38  2.35869e-39 -1.56198e-39  1.80558e-41
 2.15184e-07  1.09695e-18 -3.49787e-05  1.21623e-18  0.000441858 -3.99487e-17  -0.00210798  1.44724e-16   0.00402629  -2.0201e-16   0.00140499  6.46361e-17   -0.0195603  5.15446e-17    0.0311599  1.00067e-16   -0.0116187 -1.62115e-16   -0.0142032 -1.09497e-16   0.00722378  2.62222e-16   0.00794082 -7.31246e-17  -0.00105915 -1.23522e-16  -0.00382917  9.80263e-17  -0.00145775  3.46357e-17   0.00062251 -5.71919e-17  0.000900324 -1.28825e-17  0.000389314  1.88896e-17 -8.64025e-06  7.94116e-18 -0.000118292  -3.2471e-19 -8.37778e-05 -2.04204e-18 -3.21556e-05 -2.63661e-18 -4.39882e-06 -9.35036e-19  3.59214e-06  7.39126e-19  3.44282e-06  6.29381e-19  1.79397e-06  5.55486e-20  6.77934e-07 -9.71769e-20  1.88707e-07 -5.20231e-20  3.10796e-08 -1.04888e-20 -3.68316e-09   1.4861e-20 -5.71369e-09  1.91348e-20 -2.96242e-09  6.99971e-21 -1.13531e-09 -2.69692e-21 -3.63502e-10 -3.60382e-21 -1.01526e-10 -1.23749e-21  -2.5212e-11  1.04757e-22 -5.61177e-12  2.40871e-22 -1.12052e-12  7.82616e-23  -1.9943e-13 -3.58917e-24 -3.10866e-14 -1.31547e-23 -4.06619e-15 -6.15424e-24  -3.9219e-16 -1.39894e-24 -1.03633e-17   1.2699e-25  6.80441e-18  2.28053e-25  2.18189e-18  6.22202e-26  4.51908e-19 -1.52431e-26  7.58589e-20  -1.9694e-26  1.09765e-20 -9.22827e-27  1.40254e-21 -3.00856e-27  1.59915e-22 -7.88089e-28  1.63318e-23 -1.67615e-28  1.49384e-24 -2.50661e-29  1.22017e-25 -8.77672e-31  8.85216e-27  8.69677e-31  5.65975e-28  3.30022e-31  3.15556e-29  7.35977e-32  1.51347e-30  1.17553e-32  6.14468e-32   1.3463e-33  2.08303e-33  9.83803e-35  5.92589e-35  2.67937e-36  1.47911e-36 -2.05819e-37  3.28109e-38 -1.81575e-38  4.96896e-40 -2.90024e-40
-4.77712e-19 -5.64819e-06   3.9766e-18 -1.03358e-05 -2.82059e-18  0.000528929 -5.15885e-17  -0.00305283  1.80655e-16   0.00704687 -2.06593e-16  -0.00333801 -4.80372e-18   -0.0155993  1.00067e-16    0.0283397  1.42988e-16  -0.00812154 -2.16158e-16   -0.0157406 -7.88838e-17   0.00466078  2.35868e-16    0.0090192 -8.14252e-17  0.000776279 -9.91372e-17  -0.00366482  9.71309e-17  -0.00226463  2.87857e-17  6.65373e-05 -5.43399e-17  0.000861526 -1.55926e-17  0.000569905  1.54363e-17  0.000137655  1.01183e-17 -6.48215e-05    2.361e-18 -8.53438e-05 -2.10246e-18 -4.76837e-05 -3.48404e-18 -1.59699e-05 -1.24958e-18 -1.73712e-06  6.94598e-19  1.82131e-06  6.49691e-19  1.60045e-06   1.0383e-19  8.15018e-07 -8.25967e-20  3.13361e-07 -6.64131e-20  9.53072e-08 -1.54327e-20  2.19654e-08  2.28438e-20  2.84484e-09  2.60369e-20 -5.19097e-10  8.66871e-21 -5.40133e-10  -3.1624e-21 -2.44127e-10 -4.02319e-21 -8.42812e-11  -1.3583e-21 -2.47124e-11  8.24499e-23 -6.40546e-12  2.34892e-22 -1.49664e-12  7.71125e-23 -3.18664e-13  -3.9644e-24  -6.2231e-14 -1.41267e-23 -1.11903e-14 -6.84354e-24 -1.85711e-15 -1.56203e-24 -2.84794e-16   1.2554e-25 -4.03756e-17  2.06578e-25 -5.29141e-18  3.24518e-26 -6.40776e-19 -3.19784e-26 -7.16586e-20   -2.601e-26 -7.39618e-21 -1.12734e-26 -7.04304e-22 -3.62469e-27 -6.18738e-23 -9.44445e-28 -5.01628e-24 -1.96949e-28  -3.7545e-25 -2.89297e-29 -2.59357e-26  -1.3825e-30 -1.64983e-27  7.20683e-31 -9.60599e-29  2.75731e-31 -5.05786e-30  5.84724e-32 -2.35699e-31  8.62472e-33 -9.33953e-33  8.80045e-34 -2.88056e-34  5.39941e-35 -5.24599e-36  9.25248e-37  3.73437e-38 -1.02087e-37  4.85831e-39 -5.14036e-39  7.40975e-41
  1.4409e-06 -1.86523e-18 -2.82299e-05  1.03097e-17  0.000115702 -1.26796e-17  0.000286511 -5.93937e-17  -0.00339794  2.11144e-16   0.00950092   -1.936e-16  -0.00789714 -8.62954e-17   -0.0116187  1.42988e-16    0.0257399  1.70196e-16  -0.00527837 -2.38481e-16   -0.0164391 -4.65591e-17   0.00200469  1.95091e-16   0.00939056  -9.1984e-17   0.00261974 -7.18795e-17  -0.00303515  9.65956e-17  -0.00284703  2.39115e-17 -0.000595202 -5.11672e-17   0.00064549 -1.88727e-17  0.000664801   1.1666e-17  0.000286065  1.22201e-17  2.04443e-05  5.01156e-18 -6.18803e-05 -1.96337e-18 -5.21585e-05 -4.08445e-18 -2.52418e-05 -1.54004e-18 -7.88537e-06  5.74322e-19 -9.36128e-07   6.3265e-19  7.05706e-07  1.37585e-19  6.37113e-07 -7.99202e-20  3.25952e-07 -8.38518e-20  1.28077e-07 -1.71958e-20  4.14226e-08  3.30567e-20  1.11608e-08  3.32057e-20  2.42488e-09  1.03538e-20  3.65615e-10 -3.36144e-21  3.28498e-12 -4.20337e-21 -2.36917e-11 -1.38775e-21 -1.13763e-11  7.10467e-23 -3.77786e-12  2.23792e-22 -1.03931e-12  7.24794e-23 -2.50557e-13 -5.78963e-24 -5.42745e-14 -1.53629e-23 -1.07039e-14 -7.36732e-24  -1.9366e-15 -1.63403e-24 -3.22875e-16  1.01676e-25 -4.97312e-17  1.49779e-25 -7.08495e-18 -1.22991e-26 -9.33723e-19 -5.22847e-26 -1.13747e-19 -3.28617e-26  -1.2788e-20 -1.32943e-26 -1.32352e-21 -4.15721e-27 -1.25672e-22 -1.05565e-27  -1.0899e-23 -2.12522e-28 -8.58426e-25 -3.02396e-29 -6.09626e-26 -1.63819e-30 -3.86857e-27   5.6551e-31 -2.16876e-28  2.15414e-31 -1.05835e-29   4.2867e-32 -4.40528e-31  5.75033e-33 -1.51519e-32  5.13097e-34 -4.05397e-34  2.56244e-35 -7.27753e-36  1.97835e-37 -4.61949e-38 -3.96266e-38  9.52955e-40 -9.30788e-40
 3.83395e-19  4.09178e-06 -4.67862e-18 -7.06362e-05  2.10715e-17  0.000374283 -2.95101e-17 -0.000427425 -6.29022e-17  -0.00277312  2.36088e-16    0.0107806 -1.69121e-16   -0.0116075 -1.62115e-16  -0.00812154  1.70196e-16    0.0235974  1.74945e-16   -0.0030462 -2.27294e-16   -0.0165465 -1.15435e-17 -0.000533229  1.44983e-16    0.0091433 -1.03376e-16   0.00428594 -4.58572e-17  -0.00203696  9.58098e-17  -0.00312012  2.08173e-17  -0.00125648 -4.79276e-17  0.000278834 -2.26366e-17   0.00064275  7.94167e-18  0.000399843  1.41314e-17  0.000119092  7.39898e-18 -1.60471e-05 -1.61994e-18 -4.19997e-05 -4.36985e-18 -2.84395e-05 -1.75618e-18  -1.2644e-05  4.16509e-19 -3.91237e-06  5.85968e-19 -6.26306e-07  1.44975e-19   1.7467e-07 -9.69671e-20  2.04905e-07 -1.05336e-19  1.09714e-07 -1.60821e-20  4.43361e-08  4.44775e-20  1.49302e-08  3.99999e-20  4.33665e-09  1.19661e-20  1.09802e-09 -3.21396e-21  2.40852e-10 -4.08693e-21  4.43969e-11 -1.29907e-21  6.23363e-12  8.46858e-23  3.81976e-13  2.13848e-22 -1.34953e-13  6.60099e-23 -6.86807e-14 -8.60146e-24 -2.03139e-14 -1.65291e-23 -4.80008e-15 -7.59574e-24 -9.78941e-16 -1.62075e-24 -1.77656e-16  3.95212e-26 -2.91111e-17  5.74749e-26 -4.33931e-18 -6.88174e-26 -5.90496e-19 -7.44541e-26  -7.3442e-20 -3.95457e-26 -8.34341e-21  -1.5002e-26 -8.64041e-22 -4.51151e-27 -8.12963e-23  -1.1014e-27 -6.91728e-24 -2.11896e-28 -5.29032e-25 -2.88784e-29 -3.60855e-26 -1.62184e-30 -2.17373e-27  4.24309e-31 -1.14189e-28   1.5734e-31 -5.14481e-30   2.8928e-32 -1.94144e-31  3.47155e-33 -5.89804e-33  2.65258e-34 -1.32762e-34  1.03604e-35 -1.74136e-36 -7.37397e-39  1.02864e-39 -1.13468e-38  2.61165e-40
 3.65186e-07  1.10074e-18  2.60408e-06 -8.68165e-18 -0.000107037  3.58972e-17  0.000703093  -5.2533e-17    -0.001549 -6.34113e-17  -0.00113633  2.55861e-16    0.0106789 -1.39764e-16   -0.0142032 -2.16158e-16  -0.00527837  1.74945e-16    0.0219283  1.55661e-16  -0.00129693  -1.8829e-16   -0.0162675  2.50971e-17  -0.00284129  9.25644e-17   0.00840039  -1.1332e-16   0.00565234 -2.38436e-17 -0.000795595  9.42005e-17  -0.00305153  1.94628e-17  -0.00181661 -4.50145e-17 -0.000183204 -2.66546e-17  0.000497144  4.56206e-18  0.000448491  1.56977e-17  0.000207288  9.35402e-18  4.22401e-05 -1.08192e-18 -1.81985e-05 -4.31268e-18 -2.35676e-05 -1.84545e-18 -1.40808e-05  2.73754e-19 -5.98602e-06  5.24194e-19 -1.90523e-06  1.19296e-19 -4.04277e-07 -1.37521e-19 -7.13572e-09 -1.30998e-19   4.5526e-08 -1.31317e-20  2.86949e-08  5.55919e-20  1.22541e-08  4.56789e-20  4.27326e-09   1.3384e-20  1.28932e-09  -2.6897e-21  3.45193e-10 -3.65137e-21  8.30305e-11 -1.07715e-21  1.80431e-11  1.35543e-22  3.54507e-12  2.11245e-22  6.27332e-13  5.99105e-23  9.89582e-14  -1.1368e-23  1.36086e-14  -1.7115e-23  1.54841e-15 -7.41816e-24  1.23269e-16  -1.5423e-24  1.74877e-19 -6.93095e-26 -2.43202e-18 -6.38717e-26 -6.18598e-19  -1.3155e-25 -1.08683e-19 -9.60768e-26 -1.56226e-20 -4.51575e-26  -1.9315e-21 -1.60941e-26 -2.09404e-22 -4.61545e-27 -2.00529e-23 -1.07331e-27 -1.69786e-24 -1.95841e-28 -1.26713e-25 -2.53018e-29 -8.28222e-27 -1.39005e-30 -4.69559e-28  3.06289e-31 -2.27807e-29  1.07241e-31 -9.27392e-31  1.79071e-32 -3.06397e-32  1.88845e-33 -7.60794e-34  1.20568e-34 -1.08107e-35  3.48815e-36  7.19184e-38 -2.68633e-38  5.88692e-39 -2.05752e-39
-2.31011e-19  2.76109e-06  1.81363e-18 -1.62715e-05 -1.24725e-17 -7.68873e-05  5.29535e-17  0.000934599 -7.91687e-17  -0.00279133 -6.28766e-17   0.00121655  2.69182e-16    0.0093665 -1.09497e-16   -0.0157406 -2.38481e-16   -0.0030462  1.55661e-16    0.0206498  1.16181e-16  0.000101386 -1.32077e-16   -0.0157461  5.99923e-17  -0.00487482  4.44901e-17   0.00728623 -1.19356e-16   0.00665176 -6.72759e-18  0.000559275  9.16452e-17  -0.00265461  1.92448e-17  -0.00219554 -4.28818e-17 -0.000669462 -3.06467e-17  0.000246411  1.67651e-18  0.000415238  1.67391e-17  0.000262293  1.07662e-17  9.85571e-05 -3.83725e-19  1.37311e-05 -3.92244e-18 -1.12973e-05  -1.7583e-18 -1.13547e-05  2.01956e-19 -6.31079e-06   4.6532e-19 -2.62943e-06  6.10032e-20 -8.69981e-07 -1.99758e-19 -2.23079e-07 -1.59581e-19 -3.66466e-08 -9.69194e-21  1.90387e-09  6.47545e-20   4.6573e-09  4.95593e-20  2.40377e-09  1.44836e-20  8.99385e-10 -1.80942e-21   2.8133e-10 -2.91095e-21  7.72596e-11 -7.21464e-22    1.906e-11  2.30547e-22  4.27755e-12  2.20555e-22   8.7994e-13  5.65332e-23  1.66707e-13 -1.27561e-23  2.91747e-14 -1.66139e-23  4.72527e-15 -6.78919e-24  7.09066e-16 -1.42895e-24  9.86304e-17 -2.22948e-25  1.27185e-17 -2.02074e-25  1.51999e-18 -1.93384e-25  1.68256e-19 -1.14404e-25  1.72348e-20 -4.87946e-26  1.63126e-21 -1.63418e-26   1.4236e-22 -4.44145e-27  1.14184e-23 -9.77265e-28  8.37781e-25 -1.68037e-28  5.58449e-26 -2.03737e-29  3.34932e-27 -1.04535e-30  1.78342e-28  2.12817e-31  8.28244e-30  6.79747e-32  3.28228e-31  1.01219e-32   1.0871e-32   9.1959e-34  3.00574e-34  4.76137e-35  7.22781e-36  9.43248e-37  1.48373e-37 -1.17295e-38  1.60197e-39
-2.22175e-07 -5.69755e-19   8.3564e-06  1.44845e-18 -6.45319e-05 -1.38017e-17  8.44961e-05  6.96478e-17  0.000865561 -1.05755e-16   -0.0037604 -6.28552e-17    0.0038037  2.72631e-16   0.00722378 -7.88838e-17   -0.0164391 -2.27294e-16  -0.00129693  1.16181e-16    0.0196625  6.45183e-17   0.00125236 -7.08366e-17   -0.0150749  8.84639e-17  -0.00662719  5.16748e-18   0.00591094 -1.19696e-16   0.00725906  6.29086e-18   0.00190863  8.86028e-17  -0.00197739  1.94102e-17  -0.00234212 -4.18477e-17  -0.00110609  -3.4347e-17 -7.06771e-05 -7.45104e-19  0.000300815  1.70722e-17  0.000268511  1.15668e-17   0.00013813  4.08226e-19  4.53839e-05  -3.2387e-18  5.15066e-06 -1.45647e-18  -5.0975e-06  2.47446e-19 -4.68379e-06  4.26432e-19 -2.51088e-06 -2.21949e-20 -1.03889e-06 -2.76274e-19  -3.5473e-07 -1.88399e-19  -1.0134e-07 -6.96019e-21 -2.36123e-08  7.05938e-20 -3.99421e-09  5.11824e-20 -1.93464e-10  1.51807e-20  1.98558e-10 -6.31339e-22  1.09994e-10 -1.91084e-21  3.91701e-11 -2.46859e-22  1.13579e-11  3.69167e-22  2.86533e-12  2.43745e-22  6.46924e-13  5.78671e-23  1.32632e-13 -1.15586e-23  2.48969e-14 -1.47222e-23  4.29964e-15 -5.75841e-24  6.85003e-16 -1.31559e-24  1.00803e-16 -4.09549e-25  1.37037e-17 -3.41391e-25  1.71966e-18 -2.46811e-25  1.98865e-19 -1.26895e-25  2.11386e-20 -4.97987e-26  2.05815e-21 -1.56621e-26  1.82722e-22 -4.01501e-27  1.47067e-23 -8.31458e-28  1.06539e-24 -1.33916e-28  6.88373e-26 -1.50815e-29   3.9217e-27 -6.91358e-31  1.94112e-28  1.41549e-31   8.1893e-30  3.98753e-32  2.87346e-31  5.19405e-33  8.15064e-33  3.97393e-34  1.82778e-34  1.60662e-35  3.23422e-36  1.92717e-37  4.14527e-38 -2.53838e-39
 2.61122e-19  5.18415e-08 -8.13902e-19  1.32163e-05 -1.47205e-18 -0.000133481 -1.06542e-17  0.000390871  8.36559e-17   0.00036926 -1.28318e-16  -0.00412474 -6.42174e-17   0.00615393  2.62222e-16   0.00466078 -4.65591e-17   -0.0165465  -1.8829e-16  0.000101386  6.45183e-17    0.0188856  1.06623e-17   0.00222839 -1.52595e-17   -0.0143108   1.0609e-16  -0.00811028 -2.40383e-17   0.00436566 -1.13835e-16   0.00747798  1.69664e-17   0.00315155  8.59144e-17  -0.00109093  1.94059e-17  -0.00223662 -4.19115e-17  -0.00142806  -3.7525e-17 -0.000402988 -2.87216e-18  0.000123122  1.65407e-17  0.000221522  1.17094e-17  0.000150083  1.19782e-18  6.80821e-05 -2.32297e-18  2.10745e-05 -9.23376e-19  2.79977e-06  4.35126e-19 -1.63333e-06   4.1937e-19 -1.59848e-06 -1.17289e-19 -8.56232e-07 -3.55796e-19 -3.54892e-07 -2.13873e-19 -1.23544e-07 -5.68777e-21 -3.72248e-08  7.23194e-20 -9.79974e-09  5.04298e-20 -2.24142e-09  1.54652e-20 -4.33419e-10  7.68653e-22 -6.50839e-11 -7.17628e-22 -5.00101e-12  3.17565e-22  1.11853e-12  5.42848e-22  6.71569e-13  2.79834e-22  2.10743e-13  6.50075e-23  5.19135e-14 -7.13427e-24   1.0964e-14 -1.14783e-23   2.0531e-15 -4.46998e-24  3.46305e-16 -1.23472e-24  5.30376e-17  -6.0974e-25  7.40389e-18 -4.65329e-25  9.43312e-19 -2.85282e-25  1.09636e-19 -1.31796e-25  1.16011e-20  -4.7947e-26  1.11397e-21 -1.41438e-26  9.66218e-23 -3.40661e-27  7.52441e-24 -6.60859e-28   5.2203e-25 -9.90983e-29  3.19485e-26 -1.02542e-29  1.70305e-27 -3.99408e-31   7.7778e-29  8.92254e-32  2.97797e-30  2.15189e-32  9.29862e-32  2.40219e-33  2.29807e-33  1.50649e-34  4.42357e-35  4.52196e-36  6.61033e-37    2.646e-38  5.65582e-39
-1.85813e-07   8.4811e-19  2.77184e-06 -6.12125e-19  4.95642e-06 -8.02122e-18 -0.000180839 -2.42738e-18  0.000767614  9.36209e-17 -0.000525563 -1.43195e-16  -0.00373568 -6.74821e-17   0.00794082  2.35868e-16   0.00200469 -1.15435e-17   -0.0162675 -1.32077e-16   0.00125236  1.06623e-17    0.0182629 -3.58606e-17   0.00307818  2.74868e-17   -0.0134884  1.10078e-16  -0.00934332 -4.44538e-17   0.00272331  -1.0265e-16   0.00733072  2.71104e-17   0.00420767  8.44067e-17 -7.90523e-05  1.90475e-17  -0.00188934 -4.26924e-17  -0.00158784 -3.99826e-17 -0.000696455 -4.92754e-18 -8.67108e-05  1.50465e-17   0.00012922  1.11609e-17  0.000130515  1.87375e-18  7.55739e-05 -1.25096e-18  3.18914e-05 -1.73619e-19  9.89395e-06  7.60592e-19  1.80541e-06  4.47371e-19  -2.4468e-07  -2.0948e-19 -4.12738e-07  -4.2609e-19 -2.35883e-07 -2.32517e-19  -9.9623e-08 -6.13248e-21 -3.51418e-08  6.98426e-20 -1.08203e-08  4.75463e-20 -2.96852e-09  1.54106e-20 -7.33221e-10  2.31251e-21 -1.63815e-10   5.8918e-22 -3.31202e-11  9.30946e-22  -6.0367e-12  7.36139e-22 -9.82361e-13  3.25119e-22 -1.39833e-13   7.7738e-23 -1.66167e-14  3.09924e-25 -1.43195e-15 -7.28431e-24 -2.54807e-17 -3.12946e-24   2.2987e-17 -1.20863e-24   6.3999e-18 -8.00172e-25  1.17254e-18 -5.59487e-25  1.73647e-19 -3.04441e-25  2.20019e-20 -1.28566e-25  2.43706e-21   -4.352e-26  2.37925e-22 -1.20218e-26  2.05028e-23 -2.71099e-27  1.55505e-24  -4.9044e-28  1.03153e-25 -6.80361e-29  5.92629e-27 -6.39222e-30  2.90843e-28 -1.97716e-31  1.19656e-29  5.26604e-32  4.02814e-31  1.06068e-32  1.08424e-32   9.9216e-34  2.36032e-34  4.93177e-35  4.59163e-36  1.02359e-36  7.61035e-38  1.83504e-39
-2.78788e-19  -6.5291e-07  1.95803e-18  9.93085e-06  2.22159e-19 -3.18038e-05 -1.80782e-17  -0.00014318  9.58123e-18   0.00106684  9.92979e-17  -0.00163778 -1.47686e-16  -0.00264782 -7.31246e-17    0.0090192  1.95091e-16 -0.000533229  2.50971e-17   -0.0157461 -7.08366e-17   0.00222839 -3.58606e-17    0.0177579 -6.79632e-17   0.00383509  5.44605e-17   -0.0126282  9.99676e-17   -0.0103471 -5.89797e-17    0.0010415 -8.80258e-17   0.00685054  3.78844e-17   0.00501692  8.45153e-17  0.000969857  1.84921e-17  -0.00133674 -4.35268e-17  -0.00156093 -4.15556e-17 -0.000903342 -7.10022e-18 -0.000290835  1.25727e-17  9.89811e-06  9.90844e-18  8.35513e-05  2.33235e-18  6.59146e-05 -1.06294e-19  3.46608e-05  7.41782e-19  1.40863e-05   1.1885e-18  4.51327e-06  5.03555e-19  1.05889e-06 -2.86199e-19  1.07278e-07 -4.77178e-19 -5.73083e-08 -2.42026e-19 -4.60724e-08 -8.22052e-21 -2.11208e-08  6.36971e-20  -7.6689e-09  4.30651e-20 -2.39185e-09  1.51521e-20 -6.62565e-10  3.92516e-21 -1.65837e-10  1.92299e-21 -3.78811e-11  1.54456e-21 -7.94593e-12  9.29189e-22 -1.53665e-12  3.73802e-22 -2.74684e-13  9.43893e-23  -4.5459e-14  9.70891e-24 -6.97171e-15 -2.80083e-24 -9.91244e-16 -1.94868e-24 -1.30666e-16 -1.24279e-24 -1.59645e-17 -9.57426e-25 -1.80673e-18 -6.13955e-25 -1.89211e-19 -3.02951e-25 -1.83085e-20    -1.18e-25 -1.63313e-21 -3.72206e-26 -1.33837e-22 -9.60975e-27 -1.00266e-23 -2.02205e-27 -6.81815e-25 -3.39553e-28 -4.16705e-26 -4.32769e-29 -2.25868e-27 -3.64293e-30 -1.06664e-28 -8.00551e-32 -4.28303e-30  2.87443e-32  -1.4094e-31   4.7351e-33 -3.54863e-33  3.61666e-34 -5.75822e-35  1.36351e-35 -2.59767e-37  1.75175e-37  5.51796e-39
