 2.06913e-24  1.93601e-35 -1.11723e-22  -1.3364e-35  2.34773e-21  4.40124e-34 -2.96573e-20  -5.1265e-33  2.59763e-19  5.05436e-32 -1.69362e-18 -3.77515e-31  8.56577e-18  2.21788e-30 -3.44776e-17 -1.05325e-29  1.12208e-16  4.09502e-29 -2.97918e-16  -1.3047e-28   6.4725e-16  3.35252e-28 -1.14728e-15 -6.57748e-28  1.64187e-15  7.93806e-28 -1.85504e-15  3.90282e-28  1.57944e-15 -5.51635e-27 -9.02786e-16  1.89091e-26  2.03267e-16 -4.54828e-26  1.61084e-16  8.79245e-26 -1.56209e-16 -1.43358e-25  2.11931e-17  2.02149e-25  3.89117e-17 -2.50925e-25 -1.66488e-17  2.78635e-25  -7.4089e-18 -2.81329e-25  5.31039e-18  2.62053e-25  1.50691e-18 -2.26798e-25 -1.28789e-18  1.81081e-25 -3.91323e-19 -1.30052e-25  2.47445e-19   8.0227e-26   1.0994e-19 -3.90927e-26 -3.12907e-20  1.19378e-26 -2.59573e-20  9.51369e-28 -2.35983e-23 -3.83541e-27  4.22484e-21  2.34899e-27  1.06905e-21   -4.729e-28   -3.168e-22 -3.68596e-28 -2.31943e-22  3.90573e-28 -2.87073e-23 -1.76455e-28   1.7992e-23  3.54818e-29  8.57352e-24  4.86133e-30  9.09271e-25  -4.5491e-30 -4.82765e-25  5.33008e-31 -2.24701e-25  3.13848e-31 -3.37148e-26   -9.297e-32   4.7674e-27  -1.5169e-32  3.45597e-27  1.02711e-32  7.51304e-28 -8.82033e-34  4.72569e-29 -2.61491e-34 -1.87781e-29  4.61151e-35 -6.64221e-30 -6.37866e-36 -1.04935e-30  4.64556e-36 -6.39843e-32 -1.83893e-36  1.03655e-32    5.412e-37  3.37356e-33 -1.46803e-37  4.69593e-34  3.34026e-38  3.66162e-35 -1.26353e-39  7.93342e-37 -1.37693e-39 -1.84805e-37  1.39772e-40  -2.6628e-38  4.40882e-42 -1.86883e-39  3.05058e-42 -7.74609e-41 -2.83944e-43 -1.51945e-42 -7.94626e-45  4.75964e-45  8.95125e-48   2.8388e-46  1.22976e-48
 1.93601e-35  1.60453e-22  8.75519e-35 -4.92391e-21 -4.76038e-34  7.88131e-20  9.86057e-33 -8.26407e-19  -1.1884e-31  6.26075e-18  1.04402e-30 -3.61517e-17  -7.0488e-30  1.64354e-16  3.80719e-29 -6.00358e-16 -1.68337e-28  1.78384e-15  6.16551e-28 -4.33772e-15 -1.87483e-27  8.63562e-15  4.68662e-27 -1.39912e-14 -9.30911e-27  1.81764e-14  1.31682e-26 -1.83681e-14 -6.53845e-27  1.35144e-14 -3.18325e-26  -5.9621e-15  1.33843e-25 -3.51287e-17 -3.29848e-25  1.99311e-15   6.2574e-25 -1.02449e-15  -9.8261e-25 -1.85165e-16  1.31942e-24  3.61846e-16 -1.54704e-24 -3.50458e-17  1.61445e-24  -9.2154e-17 -1.53138e-24  1.85686e-17  1.34896e-24  2.19917e-17 -1.11886e-24 -4.21012e-18  8.69426e-25 -5.17005e-18  -6.1469e-25  4.01403e-19  3.74906e-25  1.09918e-18 -1.80007e-25  1.05319e-19  5.29309e-26 -1.78023e-19  6.30548e-27 -5.69628e-20  -1.8881e-26  1.47021e-20  1.16321e-26  1.23333e-20 -2.89493e-27   1.3341e-21 -1.06808e-27 -1.22137e-21  1.36329e-27 -5.24004e-22 -5.95906e-28 -2.30815e-23  9.38348e-29  4.68216e-23  3.14615e-29  1.67981e-23 -1.83379e-29   1.2053e-24  1.46966e-30 -9.46942e-25  1.18546e-30 -3.77732e-25 -2.29643e-31   -5.363e-26 -8.76867e-32  5.86118e-27  3.47494e-32  4.44215e-27 -1.41422e-33  9.72048e-28 -7.76713e-34  8.32235e-29  8.13104e-35  -1.2478e-29 -3.70345e-35 -5.52244e-30  2.31303e-35  -9.4255e-31 -7.78313e-36 -8.19886e-32  1.97707e-36  7.28412e-34 -4.37688e-37  1.33819e-33  1.14584e-37  2.10981e-34 -8.63811e-39  1.85328e-35 -4.30799e-39  8.96364e-37  4.22601e-40  4.00046e-39  2.21599e-41 -2.81017e-39   7.2245e-42 -2.11814e-40 -5.35383e-43 -7.63327e-42 -1.60549e-44 -1.17561e-43 -1.23127e-46 -8.46697e-46
-1.11723e-22  8.75519e-35  6.12674e-21  3.95957e-34  -1.3085e-19 -9.97139e-33  1.68124e-18  1.68795e-31 -1.49903e-17 -1.80738e-30  9.95842e-17  1.42059e-29  -5.1373e-16 -8.73462e-29  2.11165e-15  4.35377e-28 -7.02801e-15 -1.79549e-27  1.91144e-14  6.19254e-27 -4.26286e-14 -1.79124e-26  7.77779e-14  4.31679e-26 -1.15014e-13  -8.4673e-26  1.35082e-13  1.26359e-25 -1.20887e-13 -1.08822e-25  7.46981e-14 -8.89632e-26 -2.16757e-14  6.30057e-25 -9.87071e-15 -1.63721e-24  1.29217e-14  3.07095e-24 -3.05725e-15 -4.65617e-24 -2.76614e-15  5.95454e-24  1.69686e-15 -6.58179e-24  4.13202e-16  6.42645e-24  -5.1349e-16 -5.68969e-24 -6.48354e-17  4.71039e-24  1.27057e-16 -3.73584e-24   1.8445e-17  2.83481e-24 -2.68241e-17 -1.98671e-24  -6.8508e-18  1.20776e-24  4.33682e-18 -5.77289e-25  2.05771e-18  1.67855e-25 -3.47715e-19  2.12567e-26 -4.22558e-19 -6.05996e-26 -5.07625e-20  3.75325e-26   4.8319e-20  -1.0212e-26  2.04756e-20 -2.20426e-27 -1.54132e-22  3.42527e-27 -2.45407e-21 -1.43441e-27 -7.37149e-22  1.58675e-28  1.57232e-23  1.10971e-28  7.24035e-23   -4.933e-29  2.13407e-23  2.26674e-30  1.13857e-24  2.97658e-30 -1.11357e-24 -2.51851e-31 -4.05228e-25 -2.99816e-31 -5.76655e-26  7.85788e-32  3.38325e-27 -1.60694e-34  3.41265e-27 -1.18324e-33  7.70142e-28  2.70525e-35  8.13629e-29 -1.21004e-34 -2.33609e-30  6.54759e-35 -2.45529e-30 -2.27984e-35 -4.60712e-31   5.3852e-36 -4.72981e-32 -8.34793e-37 -2.05897e-33  2.59783e-37  1.79023e-34 -2.97631e-38  4.15327e-35 -9.25319e-39   3.8798e-36  8.21066e-40   2.1207e-37  6.10374e-41  6.25798e-39    1.202e-41   1.4031e-41 -6.25234e-43  -5.1183e-42 -2.00546e-44 -1.22803e-43 -1.80318e-46
 -1.3364e-35 -4.92391e-21  3.95957e-34  1.53571e-19  4.49912e-33 -2.50009e-18 -1.52671e-31  2.66849e-17  2.20292e-30 -2.05968e-16  -2.0867e-29  1.21295e-15  1.47968e-28  -5.6302e-15 -8.33134e-28  2.10259e-14  3.84548e-27 -6.39696e-14 -1.48182e-26  1.59576e-13  4.81385e-26 -3.26686e-13 -1.32231e-25  5.46034e-13  3.05666e-25 -7.35249e-13 -5.84377e-25  7.76114e-13  8.81755e-25 -6.06078e-13 -8.99413e-25   2.9893e-13  7.92029e-26 -2.76182e-14  2.24295e-24 -8.24334e-14 -6.42191e-24  5.38598e-14  1.20142e-23  2.18464e-15 -1.76356e-23 -1.69549e-14  2.14865e-23  3.77934e-15 -2.23466e-23  3.99334e-15  2.03144e-23 -1.47202e-15 -1.66509e-23 -9.25235e-16  1.28435e-23  3.59001e-16 -9.70638e-24   2.2831e-16  7.22414e-24 -5.85193e-17 -5.06162e-24 -5.45573e-17  3.09304e-24  2.79382e-18 -1.48487e-24  1.06094e-17  4.35911e-25  1.79001e-18   4.8059e-26 -1.31009e-18 -1.49686e-25   -6.099e-19  9.36148e-26  2.12616e-20 -2.66887e-26  8.73333e-20  -3.7575e-27  2.32382e-20   7.1176e-27 -2.92564e-21 -2.82542e-27 -3.35669e-21  1.66707e-28 -7.66541e-22   2.8851e-28   5.6707e-23 -1.04492e-28   7.9513e-23   1.4895e-30  2.04849e-23  5.61404e-30  1.01414e-24  2.85778e-31  -9.0516e-25  -7.5657e-31 -3.16069e-25  1.34907e-31 -4.67196e-26  4.40909e-33  2.77029e-28 -4.07293e-34  1.73069e-27 -1.69933e-34  4.15034e-28 -2.67012e-34  5.04007e-29  1.24225e-34  1.70073e-30 -5.31782e-35  -5.8548e-31  1.23429e-35 -1.32573e-31  -1.0818e-36 -1.49052e-32  4.51254e-37  -9.5395e-34 -7.23253e-38 -1.69173e-35 -1.59323e-38  3.09641e-36  1.17416e-39  3.46265e-37  1.17213e-40  1.81165e-38  1.60901e-41  5.10658e-40 -4.96344e-43  6.61606e-42 -1.66931e-44  1.65298e-44
 2.34773e-21 -4.76038e-34  -1.3085e-19  4.49912e-33  2.84234e-18   6.2049e-32 -3.71734e-17 -1.83948e-30  3.37668e-16  2.30693e-29 -2.28752e-15 -1.95116e-28  1.20469e-14  1.25707e-27 -5.06131e-14 -6.51183e-27  1.72424e-13  2.79167e-26 -4.80835e-13 -1.00692e-25  1.10187e-12  3.08285e-25 -2.07146e-12 -8.03517e-25  3.16829e-12  1.77636e-24 -3.87132e-12 -3.28538e-24  3.64215e-12  4.90718e-24 -2.42548e-12 -5.34192e-24  8.56809e-13  2.38979e-24  2.02313e-13  6.21353e-24 -4.11282e-13 -2.11121e-23   1.4138e-13  3.97833e-23  7.08308e-14 -5.66903e-23 -6.41696e-14  6.58333e-23  -5.4353e-15 -6.43145e-23  1.84338e-14  5.41491e-23 -3.20489e-16  -4.0677e-23 -4.59574e-15   2.8876e-23  8.96563e-18 -2.06841e-23  1.04171e-15  1.51965e-23  1.04242e-16 -1.07628e-23 -1.97776e-16  6.67069e-24 -5.38486e-17 -3.24081e-24  2.51825e-17  9.75412e-25  1.48351e-17  7.63966e-26 -3.96664e-19 -3.05133e-25 -2.32809e-18  1.94348e-25 -5.92687e-19 -5.72052e-26  1.30426e-19 -5.55031e-27  1.10557e-19  1.28898e-26  1.94408e-20 -4.79481e-27 -5.25782e-21 -2.71619e-30 -3.47401e-21  6.17232e-28  -6.4122e-22 -1.87109e-28  6.97377e-23 -2.66834e-30  6.65193e-23  8.07903e-30   1.5745e-23  2.14061e-30  9.06016e-25 -1.54169e-30 -5.27578e-25  1.80584e-31 -1.85902e-25  1.15918e-32 -2.89691e-26  3.13607e-33 -1.10608e-27 -3.60106e-34  5.66276e-28 -4.15553e-34  1.53786e-28  1.53766e-34   2.0524e-29 -1.04547e-34   1.3583e-30  2.46611e-35 -4.16543e-32 -7.04649e-37 -2.12216e-32   6.3576e-37 -2.61141e-33 -1.39216e-37 -1.83827e-34 -2.35467e-38 -7.21236e-36  1.27459e-39 -5.33788e-38  1.71214e-40  9.76507e-39   1.7944e-41   4.7804e-40 -2.57703e-43  8.07664e-42 -8.48507e-45
 4.40124e-34  7.88131e-20 -9.97139e-33 -2.50009e-18   6.2049e-32  4.14285e-17  7.18533e-31 -4.50475e-16 -1.82068e-29  3.54546e-15  2.01308e-28 -2.13123e-14 -1.53361e-27  1.01096e-13  9.03039e-27 -3.86343e-13 -4.32093e-26  1.20472e-12  1.72509e-25 -3.08608e-12 -5.83347e-25  6.50348e-12  1.68441e-24 -1.12255e-11 -4.16442e-24   1.5682e-11  8.78902e-24 -1.73027e-11 -1.56538e-23  1.43325e-11  2.28707e-23 -7.82845e-12 -2.54173e-23  1.40987e-12  1.57014e-23   1.7163e-12  1.28489e-23 -1.44808e-12 -6.00789e-23  1.21271e-13  1.15276e-22  4.00698e-13 -1.59864e-22 -1.47987e-13  1.77049e-22 -8.33353e-14 -1.62247e-22  5.12576e-14  1.25841e-22  1.78618e-14 -8.55684e-23 -1.29587e-14  5.49202e-23 -4.62141e-15 -3.69773e-23  2.53993e-15  2.70921e-23  1.27468e-15  -1.9686e-23  -3.1637e-16  1.24941e-23 -2.98985e-16  -6.1828e-24 -6.17322e-18  1.92984e-24  4.86512e-17   7.1595e-26  1.32771e-17 -5.32794e-25 -3.54968e-18  3.50281e-25 -2.82143e-18 -1.06357e-25 -3.82799e-19 -7.04528e-27  2.14688e-19  2.08681e-26   1.0789e-19 -7.17621e-27  1.25011e-20 -5.29239e-28 -5.85651e-21  1.14763e-27 -2.87203e-21 -2.94498e-28 -4.56078e-22 -1.13568e-29  5.36904e-23  8.06356e-30  4.36763e-23  6.25334e-30  9.88866e-24  -2.6536e-30   7.2204e-25  1.77369e-31  -2.1622e-25  1.59132e-32 -8.24835e-26  1.09844e-32  -1.3588e-26 -3.71132e-35 -9.54724e-28 -4.16095e-34  9.88252e-29  6.39943e-35  3.77932e-29 -1.78621e-34  5.46011e-30  4.36619e-35  4.48196e-31  8.53165e-37  1.43549e-32  7.43557e-37 -1.39476e-33 -2.24773e-37 -2.32479e-34 -3.10336e-38 -1.64544e-35  1.00278e-39 -6.60291e-37  1.97389e-40 -1.34261e-38  1.65612e-41 -5.87196e-41 -6.98252e-44   1.3735e-42
-2.96573e-20  9.86057e-33  1.68124e-18 -1.52671e-31 -3.71734e-17  7.18533e-31  4.95274e-16  6.92684e-30 -4.58725e-15 -1.52391e-28  3.17182e-14  1.50237e-27  -1.7068e-13 -1.03853e-26  7.33645e-13  5.61691e-26 -2.56081e-12 -2.49099e-25  7.32976e-12  9.28266e-25 -1.72773e-11 -2.94711e-24  3.35024e-11  8.03125e-24  -5.3055e-11 -1.88335e-23  6.75049e-11  3.79048e-23  -6.6787e-11 -6.48235e-23  4.78157e-11  9.19718e-23  -1.9859e-11 -1.01976e-22 -1.49579e-12  7.16494e-23  7.75001e-12  1.51431e-23 -3.60397e-12 -1.51078e-22 -9.24473e-13  2.98605e-22  1.40559e-12  -4.0384e-22 -8.17336e-14  4.26761e-22 -3.79257e-13 -3.66471e-22  6.37827e-14  2.60472e-22  9.37711e-14 -1.57897e-22 -1.53578e-14  8.92061e-23   -2.252e-14 -5.56767e-23   1.3056e-15  4.14143e-23  4.87048e-15 -3.15262e-23  5.39563e-16  2.06954e-23 -8.02184e-16 -1.04919e-23 -2.70174e-16  3.43028e-24  6.65845e-17 -3.43816e-26  5.88646e-17 -8.13727e-25  6.71341e-18  5.63641e-25 -5.90768e-18 -1.77944e-25 -2.59854e-18 -7.01895e-27 -1.23516e-19  3.06258e-26  2.34267e-19 -9.56108e-27  8.56314e-20 -1.63064e-27   6.4473e-21  1.91294e-27 -4.79871e-21 -4.17022e-28 -1.95267e-21 -2.40531e-29 -2.85048e-22  2.13363e-30  2.78647e-23   1.3454e-29  2.26601e-23 -3.94463e-30  5.06397e-24  7.83132e-32  4.60595e-25  6.12396e-33 -5.57466e-26   2.4098e-32 -2.69404e-26  1.64782e-33 -4.70616e-27 -7.93107e-35  -4.2934e-28 -2.57105e-34 -2.44666e-30 -2.70279e-34  5.53931e-30   6.9382e-35  9.07665e-31  3.97081e-36  8.06186e-32  7.21191e-37  4.08448e-33 -3.14757e-37  5.71225e-35 -3.72425e-38 -7.53706e-36  4.18376e-40 -5.86274e-37  1.81515e-40 -1.87405e-38  1.22337e-41 -2.47937e-40  1.38287e-45
 -5.1265e-33 -8.26407e-19  1.68795e-31  2.66849e-17 -1.83948e-30 -4.50475e-16  6.92684e-30  4.99442e-15  5.68454e-29 -4.01188e-14 -1.10151e-27  2.46393e-13  9.77227e-27 -1.19559e-12 -6.16734e-26  4.68021e-12  3.07679e-25 -1.49736e-11 -1.26834e-24  3.94316e-11  4.42024e-24  -8.5632e-11 -1.31921e-23  1.52808e-10  3.39506e-23   -2.217e-10 -7.55199e-23  2.55871e-10  1.44846e-22 -2.24732e-10 -2.37393e-22  1.34955e-10  3.25549e-22 -3.52046e-11 -3.55341e-22 -2.19312e-11  2.63914e-22  2.50922e-11 -1.90583e-23 -5.09224e-12 -3.40729e-22 -5.90317e-12  7.01935e-22  3.31648e-12 -9.27047e-22  9.71974e-13  9.35124e-22 -1.06671e-12  -7.5191e-22 -1.63856e-13   4.8725e-22  2.74805e-13 -2.58411e-22  4.50557e-14  1.23051e-22 -5.99392e-14 -6.93693e-23 -1.61994e-14  5.42895e-23  1.00007e-14 -4.46514e-23  4.90013e-15  3.06288e-23 -8.30943e-16 -1.59992e-23 -1.03185e-15  5.54268e-24 -1.23545e-16 -3.45013e-25  1.22238e-16 -1.09791e-24  5.18058e-17  8.26794e-25 -6.69546e-19 -2.75154e-25 -6.43948e-18 -3.27592e-27  -1.9214e-18  4.10672e-26  5.25048e-20 -1.13276e-26  1.95511e-19 -3.51118e-27  5.72434e-20  2.91233e-27  2.92064e-21 -5.38473e-28 -3.05548e-21 -3.82611e-29 -1.10553e-21 -1.35019e-29 -1.57499e-22  2.41045e-29  8.91942e-24   -5.094e-30  9.18388e-24 -1.64785e-31  2.07877e-24 -3.23564e-32  2.23389e-25  4.27571e-32 -4.42946e-27  5.61283e-33  -6.1236e-27  6.89465e-34 -1.15994e-27 -8.95296e-34 -1.20232e-28 -3.66826e-34 -5.73119e-30   1.0015e-34  3.17202e-31  8.58285e-36  8.45645e-32  5.58882e-37   7.8337e-33 -3.90387e-37  4.16651e-34 -4.10313e-38  1.20479e-35 -2.60662e-40  8.71546e-38  1.31618e-40 -4.38216e-39  6.76861e-42 -7.46093e-41
 2.59763e-19  -1.1884e-31 -1.49903e-17  2.20292e-30  3.37668e-16 -1.82068e-29 -4.58725e-15  5.68454e-29  4.33623e-14  4.04653e-28 -3.06316e-13 -6.98694e-27  1.68595e-12  5.62085e-26 -7.42186e-12 -3.25558e-25  2.65719e-11   1.5035e-24 -7.81504e-11 -5.77511e-24  1.89696e-10  1.88533e-23  -3.7985e-10 -5.29474e-23   6.2352e-10  1.28753e-22 -8.26907e-10 -2.71691e-22  8.60716e-10  4.96374e-22  -6.6122e-10 -7.78606e-22  3.15534e-10  1.02878e-21 -1.66972e-11 -1.09617e-21  -9.8925e-11  8.30017e-22  6.07072e-11  -1.8491e-22  4.71364e-12 -6.97485e-22 -2.06039e-11  1.51434e-21  4.18307e-12  -1.9539e-21  5.09132e-12  1.88142e-21 -1.79712e-12 -1.41562e-21 -1.21548e-12  8.32232e-22  4.63085e-13 -3.76983e-22  3.06634e-13  1.39719e-22 -7.95195e-14 -6.69385e-23 -7.52854e-14  6.01503e-23  4.35354e-15 -5.61317e-23  1.51917e-14   4.0636e-23  2.46499e-15 -2.20314e-23 -1.97749e-15  8.22501e-24 -8.97459e-16 -9.93369e-25  4.53163e-17 -1.30787e-24  1.35919e-16  1.12478e-24  3.48394e-17 -4.01147e-25 -5.23693e-18  7.35265e-27 -5.39215e-18   5.0513e-26 -1.18533e-18 -1.17775e-26  1.10311e-19 -6.27981e-27  1.31712e-19  4.09616e-27  3.29722e-20 -6.37684e-28  1.38718e-21 -5.03511e-29 -1.53631e-21 -4.18348e-29 -5.20724e-22  3.78436e-29 -7.54664e-23 -5.64516e-30  6.78663e-25 -5.94545e-31  2.81672e-24 -1.10763e-31  6.64914e-25  6.69039e-32  8.01439e-26  1.23571e-32  2.86738e-27  1.73953e-33 -8.45704e-28 -1.85945e-33 -1.91739e-28 -4.50611e-34  -2.1264e-29  1.32705e-34 -1.35706e-30  1.40514e-35 -2.97225e-32   2.9639e-37  3.15014e-33 -4.34436e-37  3.57066e-34 -4.14488e-38  1.71824e-35 -7.76063e-40  4.22573e-37  7.22024e-41  4.22057e-39  2.39925e-42
 5.05436e-32  6.26075e-18 -1.80738e-30 -2.05968e-16  2.30693e-29  3.54546e-15 -1.52391e-28 -4.01188e-14  4.04653e-28  3.29233e-13  2.53586e-27 -2.06802e-12 -3.93898e-26  1.02759e-11  2.89208e-25 -4.12503e-11 -1.54413e-24   1.3556e-10  6.62133e-24 -3.67408e-10 -2.37467e-23  8.23211e-10  7.27135e-23  -1.5205e-09 -1.92309e-22  2.29356e-09  4.42043e-22 -2.77125e-09 -8.84944e-22  2.58036e-09  1.53956e-21 -1.69419e-09 -2.30912e-21  5.71321e-10  2.93324e-21  1.75794e-10 -3.03379e-21  -3.0907e-10  2.29409e-21   1.0084e-10 -7.03621e-22  5.76059e-11 -1.31015e-21 -4.98639e-11   3.0248e-21 -4.96586e-12 -3.81025e-21  1.50119e-11  3.50097e-21 -2.21485e-13 -2.46317e-21 -3.88253e-12  1.30697e-21  2.69744e-14 -4.89487e-22  9.13494e-13  1.17238e-22  8.25448e-14 -3.73888e-23 -1.81658e-13  5.38874e-23  -4.7006e-14 -6.23278e-23  2.48294e-14  4.80629e-23  1.38437e-14 -2.73903e-23  -7.0789e-16  1.13274e-23  -2.3272e-15 -2.12964e-24 -5.50076e-16 -1.35373e-24  1.49995e-16  1.44101e-24  1.13458e-16 -5.59257e-25  1.80817e-17  2.85659e-26 -6.18104e-18  5.70032e-26 -3.68942e-18 -1.03768e-26 -6.32016e-19 -9.85582e-27  9.16282e-20  5.36051e-27  7.33407e-20 -6.91267e-28   1.6542e-20 -5.73724e-29  7.69508e-22 -8.39491e-29  -6.0518e-22  5.35633e-29 -2.01445e-22 -5.12476e-30 -3.03011e-23 -1.23801e-30 -1.00423e-24 -2.27343e-31  6.10895e-25  9.65713e-32  1.59122e-25  2.14387e-32  2.06969e-26  2.61228e-33  1.34713e-27  -3.0574e-33 -3.58854e-29 -5.04515e-34 -1.89715e-29  1.62662e-34 -2.25676e-30  1.92662e-35 -1.52431e-31  4.44213e-39 -5.78243e-33 -4.36722e-37 -5.93449e-35 -3.80761e-38  4.76115e-36 -9.65085e-40  2.02826e-37  2.70022e-41  2.12332e-39
-1.69362e-18  1.04402e-30  9.95842e-17  -2.0867e-29 -2.28752e-15  2.01308e-28  3.17182e-14 -1.10151e-27 -3.06316e-13  2.53586e-27  2.21304e-12  1.41588e-26 -1.24721e-11 -1.99441e-25  5.62948e-11  1.34382e-24  -2.0697e-10   -6.639e-24  6.26229e-10  2.65006e-23 -1.56725e-09 -8.88841e-23  3.24475e-09  2.55536e-22 -5.52757e-09 -6.36802e-22  7.64894e-09  1.38396e-21  -8.3811e-09 -2.62848e-21  6.89873e-09  4.35327e-21 -3.72261e-09 -6.23885e-21  6.02252e-10  7.60694e-21  9.03424e-10 -7.60718e-21 -7.38165e-10  5.67037e-21  5.31186e-11 -2.00183e-21  2.15504e-10 -2.28392e-21 -7.96887e-11  5.63398e-21 -4.61478e-11 -6.91578e-21  2.91598e-11  6.05823e-21  9.99703e-12 -3.98118e-21 -7.73923e-12   1.8951e-21 -2.63404e-12 -5.58892e-22  1.60913e-12  3.56799e-23  7.58516e-13   2.4008e-23 -2.22581e-13  3.37663e-23 -1.88878e-13 -5.98131e-23  1.80512e-15  4.95874e-23  3.31585e-14  -3.0542e-23  8.11751e-15  1.46554e-23 -2.81551e-15 -3.90256e-24 -1.94806e-15 -1.15699e-24 -2.12795e-16  1.76316e-24  1.69413e-16 -7.51986e-25  7.65999e-17  6.37719e-26  7.06522e-18  5.87501e-26 -4.84276e-18  -7.0484e-27 -2.12981e-18 -1.38993e-26  -3.0198e-19  6.55916e-27  5.16596e-20 -6.77368e-28  3.39888e-20 -5.90014e-29  7.20994e-21 -1.38376e-28   4.3453e-22  6.96144e-29 -1.80471e-22 -3.23143e-30 -6.24684e-23 -2.08825e-30 -9.79968e-24 -3.58209e-31 -6.32224e-25   1.3204e-31  7.79667e-26  3.11854e-32  2.67897e-26  2.64394e-33  3.69858e-27 -4.31379e-33  2.91654e-28 -5.18179e-34  9.06734e-30  1.85076e-34   -7.966e-31  2.29572e-35 -1.26173e-31 -2.46868e-37 -8.25806e-33 -3.97178e-37 -2.99076e-34 -3.13631e-38 -5.37213e-36 -8.32086e-40 -2.39384e-38  4.98518e-42
-3.77515e-31 -3.61517e-17  1.42059e-29  1.21295e-15 -1.95116e-28 -2.13123e-14  1.50237e-27  2.46393e-13 -6.98694e-27 -2.06802e-12  1.41588e-26  1.33007e-11  7.11382e-26 -6.77575e-11 -9.14949e-25  2.79264e-10  5.68439e-24 -9.43847e-10 -2.60694e-23  2.63619e-09  9.70697e-23 -6.10198e-09 -3.04871e-22  1.16807e-08  8.23487e-22 -1.83413e-08  -1.9342e-21  2.32231e-08  3.97461e-21 -2.29248e-08 -7.16076e-21  1.63869e-08  1.12873e-20 -6.73607e-09 -1.54484e-20 -6.77996e-10  1.80584e-20   2.8439e-09 -1.74113e-20 -1.32215e-09   1.2681e-20 -3.53051e-10 -4.77237e-21    5.424e-10 -3.74239e-21 -3.65978e-11  9.84335e-21  -1.5114e-10 -1.17394e-20  2.87468e-11  9.79086e-21  3.84581e-11 -5.99908e-21 -7.56597e-12  2.54121e-21 -9.59835e-12 -5.41486e-22  9.06527e-13 -1.13225e-22  2.19551e-12  1.09892e-22  1.66175e-13  3.55922e-24 -3.92253e-13 -4.61683e-23 -1.15707e-13  4.18307e-23  3.88067e-14 -3.00263e-23  2.85401e-14   1.8086e-23  2.18668e-15 -6.43211e-24 -3.28726e-15 -6.77045e-25 -1.27203e-15  2.08563e-24 -9.18861e-18 -9.78602e-25  1.34006e-16  1.15201e-25  4.35628e-17  5.46111e-26  1.89628e-18 -2.42096e-27 -2.92736e-18  -1.7813e-26 -1.05511e-18  7.53618e-27 -1.33243e-19 -5.79875e-28  2.13249e-20 -5.83574e-29   1.3033e-20  -2.0111e-28  2.68734e-21  8.40996e-29  2.09411e-22 -4.20614e-32  -3.7315e-23 -3.07927e-30  -1.4954e-23 -4.53454e-31 -2.44757e-24   1.7368e-31 -2.07727e-25  3.88882e-32  6.02411e-28  1.22262e-33  2.82959e-27  -5.4218e-33  4.28857e-28 -4.92146e-34  3.57919e-29  1.95187e-34  1.69963e-30  2.41147e-35  2.25146e-32 -4.14238e-37 -2.55006e-33 -3.25698e-37 -1.73372e-34   -2.268e-38 -4.44698e-36 -5.20806e-40 -3.54517e-38
 8.56577e-18  -7.0488e-30  -5.1373e-16  1.47968e-28  1.20469e-14 -1.53361e-27  -1.7068e-13  9.77227e-27  1.68595e-12 -3.93898e-26 -1.24721e-11  7.11382e-26  7.20609e-11  3.24365e-25 -3.33911e-10 -3.83183e-24  1.26229e-09  2.20414e-23 -3.93441e-09 -9.40937e-23   1.0166e-08  3.27378e-22 -2.17908e-08 -9.63697e-22  3.85758e-08  2.44654e-21 -5.57647e-08 -5.41622e-21  6.43683e-08   1.0522e-20 -5.67137e-08 -1.79782e-20  3.42117e-08  2.69634e-20 -8.85421e-09 -3.52281e-20 -5.92945e-09  3.94446e-20  6.80565e-09 -3.65884e-20 -1.43981e-09  2.58732e-20 -1.64164e-09 -9.95278e-21  9.76274e-10 -5.84812e-21  2.62948e-10  1.62113e-20 -3.25711e-10 -1.87115e-20 -3.99005e-11  1.48315e-20  8.75034e-11 -8.45109e-21  1.09821e-11  3.14773e-21 -2.02244e-11 -3.97025e-22 -4.52535e-12   -3.185e-22  3.69811e-12   1.9889e-22   1.5511e-12 -2.77206e-23 -3.89531e-13 -2.02351e-23 -3.65386e-13  2.21597e-23  -2.6268e-14 -2.50071e-23  4.98665e-14  2.16868e-23  1.79836e-14 -9.77012e-24 -1.35768e-15  6.81859e-26  -2.6461e-15  2.40624e-24 -6.74613e-16 -1.23204e-24  6.20087e-17  1.83388e-25  8.40658e-17  4.44328e-26  2.14717e-17  2.08832e-27  2.38078e-19 -2.08462e-26 -1.42931e-18  8.17125e-27 -4.51063e-19 -3.91877e-28 -5.47114e-20 -6.05936e-29  6.29444e-21 -2.66193e-28  4.06081e-21  9.50697e-29  8.33885e-22  3.84904e-30  7.89892e-23 -4.06797e-30 -3.86463e-24 -4.42823e-31 -2.60353e-24  2.21694e-31 -4.49727e-25  4.15803e-32 -4.32577e-26  -1.9066e-33 -1.79844e-27 -6.20333e-33  1.31243e-28 -4.37715e-34  2.86315e-29   1.8956e-34  2.40748e-30   2.2368e-35  1.15707e-31 -4.88426e-37  2.95575e-33 -2.38782e-37  1.85304e-35 -1.39295e-38 -6.37119e-37   -2.132e-40
 2.21788e-30  1.64354e-16 -8.73462e-29  -5.6302e-15  1.25707e-27  1.01096e-13 -1.03853e-26 -1.19559e-12  5.62085e-26  1.02759e-11 -1.99441e-25 -6.77575e-11  3.24365e-25  3.54347e-10  1.35209e-24 -1.50149e-09 -1.47473e-23  5.22627e-09  7.88209e-23 -1.50638e-08 -3.13936e-22   3.6073e-08  1.02197e-21  -7.1667e-08 -2.82119e-21  1.17301e-07  6.73177e-21  -1.5581e-07 -1.40428e-20  1.63111e-07  2.57806e-20 -1.26529e-07 -4.17608e-20  6.12237e-08  5.95748e-20 -3.32416e-09 -7.42744e-20 -1.99896e-08  7.96055e-20  1.27451e-08 -7.09219e-20  7.50546e-10  4.84586e-20 -4.42993e-09  -1.8549e-20  1.04893e-09 -8.84858e-21  1.10408e-09  2.52706e-20  -4.5757e-10 -2.81046e-20 -2.65907e-10  2.11302e-20  1.25357e-10 -1.11567e-20  6.95827e-11   3.5858e-21 -2.43671e-11 -9.98628e-23 -1.83429e-11 -5.48923e-22  2.35605e-12  2.60103e-22  4.08107e-12 -4.91199e-23  4.26228e-13  1.82441e-23  -6.1417e-13  -1.0467e-23 -2.28267e-13 -1.57943e-23  3.07701e-14  2.57715e-23  4.12677e-14 -1.38495e-23  8.42152e-15  9.95207e-25 -2.36939e-15  2.71715e-24 -1.68297e-15 -1.49664e-24 -2.98074e-16  2.67339e-25  5.94597e-17  2.91537e-26  4.38258e-17  4.44986e-27  9.37162e-18 -2.22941e-26 -3.67957e-20  8.41847e-27 -5.70657e-19 -1.16737e-28 -1.65506e-19   -6.913e-29  -2.0412e-20 -3.26634e-28  1.12639e-21  1.00546e-28  9.95131e-22  7.34527e-30  2.07864e-22 -4.84281e-30  2.24107e-23 -2.52445e-31  4.26933e-25  2.75921e-31 -2.94048e-25   3.7217e-32  -5.6948e-26 -6.43817e-33 -5.76701e-27 -6.55184e-33 -3.32935e-28 -3.72228e-34 -5.43822e-30   1.6757e-34  8.04437e-31  1.81676e-35  7.53381e-32 -4.83391e-37  3.05558e-33  -1.5409e-37  5.88519e-35 -6.84389e-39  3.43909e-37
-3.44776e-17  3.80719e-29  2.11165e-15 -8.33134e-28 -5.06131e-14  9.03039e-27  7.33645e-13 -6.16734e-26 -7.42186e-12  2.89208e-25  5.62948e-11 -9.14949e-25 -3.33911e-10  1.35209e-24  1.59067e-09  5.18581e-24 -6.19194e-09 -5.24632e-23  1.99105e-08  2.61357e-22 -5.31945e-08 -9.73072e-22   1.1823e-07  2.96664e-21  -2.1782e-07 -7.68172e-21  3.29382e-07   1.7223e-20 -4.00885e-07 -3.38345e-20  3.77858e-07  5.86621e-20   -2.527e-07 -9.00399e-20  8.81192e-08  1.22135e-19  2.58242e-08 -1.45263e-19 -4.88922e-08  1.48948e-19   1.7399e-08 -1.27283e-19  8.83757e-09  8.37048e-20 -8.67682e-09 -3.12685e-20 -4.67477e-10 -1.31329e-20  2.66585e-09  3.74081e-20  -1.8625e-10 -3.99102e-20 -7.11928e-10  2.84111e-20    5.091e-11 -1.38385e-20  1.77101e-10  3.72244e-21  4.02218e-12  3.52338e-22 -3.85048e-11 -7.60669e-22 -7.16331e-12  2.63649e-22  6.14093e-12 -5.31336e-23  2.68278e-12  6.92766e-23 -3.97256e-13 -5.48001e-23 -5.36411e-13 -4.13237e-24 -9.21603e-14  3.08369e-23  4.69799e-14 -1.84335e-23  2.61719e-14  1.96662e-24  2.69655e-15  2.99364e-24 -1.95673e-15 -1.74846e-24 -8.93223e-16  3.65409e-25 -1.12787e-16  1.06368e-26  3.57701e-17  2.47011e-27   1.9376e-17 -2.17346e-26  3.66823e-18   8.3176e-27 -4.18515e-21  2.34378e-28 -1.84993e-19 -8.08805e-29 -5.12848e-20 -3.75436e-28 -6.61043e-21  9.84704e-29  5.74953e-25  9.06076e-30   1.8134e-22 -5.17086e-30  3.97885e-23  1.70386e-31  4.63095e-24   3.3562e-31   2.4757e-25   2.5776e-32  -1.4751e-26 -1.15198e-32 -4.45934e-27 -6.44605e-33  -4.6513e-28 -3.11788e-34 -2.80176e-29  1.32482e-34 -9.18771e-31  1.26591e-35 -5.73853e-33  -4.2062e-37  6.74402e-34 -8.50965e-38  1.91526e-35 -2.32695e-39
-1.05325e-29 -6.00358e-16  4.35377e-28  2.10259e-14 -6.51183e-27 -3.86343e-13  5.61691e-26  4.68021e-12 -3.25558e-25 -4.12503e-11  1.34382e-24  2.79264e-10 -3.83183e-24 -1.50149e-09  5.18581e-24   6.5511e-09  1.84065e-23 -2.35202e-08 -1.73426e-22  7.00711e-08  8.07454e-22 -1.73874e-07 -2.81461e-21  3.59086e-07  8.04142e-21 -6.13561e-07 -1.95285e-20  8.56064e-07  4.11134e-20 -9.50889e-07 -7.59898e-20  7.98621e-07  1.24313e-19 -4.44753e-07 -1.80676e-19  8.05852e-08  2.32945e-19  1.06987e-07 -2.64243e-19 -9.48322e-08  2.59111e-19  1.05829e-08 -2.12138e-19  2.74428e-08  1.33822e-19 -1.20714e-08 -4.80181e-20 -5.60925e-09 -1.92548e-20  4.47627e-09  5.27191e-20   1.1415e-09 -5.37549e-20 -1.24743e-09  3.61951e-20 -3.09282e-10 -1.61845e-20  2.83854e-10   3.4605e-21  1.00807e-10  9.34811e-22 -4.73604e-11  -9.1156e-22 -2.90254e-11  1.93654e-22  3.14596e-12 -4.09019e-23   5.9766e-12  1.33044e-22  9.89057e-13 -1.06966e-22 -6.70411e-13  6.91001e-24 -3.38143e-13  3.73742e-23 -1.12333e-14 -2.30849e-23  3.86267e-14    2.821e-24  1.35385e-14  3.18573e-24  3.15071e-16  -1.9589e-24 -1.18371e-15   4.7647e-25 -4.07661e-16 -8.68444e-27 -3.82635e-17 -5.58784e-27  1.62092e-17 -1.92194e-26  7.30441e-18  7.96825e-27  1.28637e-18  6.48317e-28  2.04748e-20 -8.30346e-29 -4.74908e-20 -4.06659e-28 -1.30665e-20  8.68059e-29  -1.7654e-21  7.69649e-30 -7.21683e-23  -4.8746e-30  2.19115e-23  8.32144e-31  5.50417e-24   3.9904e-31  6.68266e-25  9.67632e-33  4.59541e-26 -1.60022e-32  8.97153e-28 -5.93901e-33 -1.66099e-28 -2.65004e-34 -1.98801e-29    9.116e-35 -1.10208e-30  7.25889e-36 -3.30495e-32 -3.21644e-37 -4.46483e-34 -3.80292e-38  -9.3129e-37
 1.12208e-16 -1.68337e-28 -7.02801e-15  3.84548e-27  1.72424e-13 -4.32093e-26 -2.56081e-12  3.07679e-25  2.65719e-11 -1.54413e-24  -2.0697e-10  5.68439e-24  1.26229e-09 -1.47473e-23 -6.19194e-09  1.84065e-23  2.48603e-08  6.07734e-23 -8.26082e-08 -5.35225e-22  2.28592e-07  2.33443e-21 -5.27709e-07   -7.628e-21  1.01348e-06  2.04292e-20  -1.6056e-06 -4.65074e-20  2.06277e-06  9.18438e-20 -2.07957e-06 -1.59505e-19  1.53252e-06  2.45906e-19 -6.66212e-07 -3.38137e-19 -4.08014e-08   4.1421e-19  2.76714e-07 -4.48069e-19 -1.44606e-07  4.20042e-19 -2.79007e-08 -3.29125e-19  5.85534e-08   1.9853e-19 -7.95618e-09 -6.74405e-20 -1.62436e-08 -2.78562e-20  4.61109e-09  7.08584e-20  4.18291e-09 -6.88946e-20 -1.31229e-09  4.38992e-20 -1.09993e-09 -1.79443e-20  2.30065e-10  2.78022e-21  2.77371e-10  1.59753e-21 -6.22695e-12 -9.76368e-22 -5.72286e-11  5.82638e-23 -1.12211e-11 -2.46698e-23  7.45689e-12   2.0973e-22  3.81894e-12 -1.60704e-22 -7.89141e-14  1.34984e-23 -5.68953e-13  4.56104e-23 -1.63817e-13   -2.718e-23  1.74711e-14  3.41446e-24  2.37855e-14  3.21802e-24  5.91682e-15 -2.10147e-24 -2.68977e-16  6.00702e-25 -5.76339e-16 -2.61814e-26 -1.62889e-16 -2.04075e-26 -1.25012e-17 -1.53411e-26   5.7656e-18  7.47881e-27  2.33318e-18  1.11706e-27  3.97196e-19 -5.39751e-29  1.59042e-20 -4.16511e-28 -9.17111e-21  6.39532e-29 -2.63561e-21  2.46258e-30 -3.69776e-22 -3.90913e-30 -2.47422e-23   1.6779e-30  1.15862e-24  4.62802e-31  4.99641e-25  -6.8565e-33  6.31297e-26  -1.8832e-32  4.59149e-27 -5.13481e-33  1.81571e-28 -2.30973e-34  6.54481e-31  5.19914e-35 -3.22699e-31  3.10553e-36 -1.56808e-32 -2.09408e-37 -2.74717e-34 -1.19233e-38
 4.09502e-29  1.78384e-15 -1.79549e-27 -6.39696e-14  2.79167e-26  1.20472e-12 -2.49099e-25 -1.49736e-11   1.5035e-24   1.3556e-10   -6.639e-24 -9.43847e-10  2.20414e-23  5.22627e-09 -5.24632e-23 -2.35202e-08  6.07734e-23  8.72568e-08  1.87528e-22 -2.69177e-07 -1.54871e-21  6.93374e-07  6.34049e-21 -1.49122e-06 -1.94398e-20  2.66457e-06  4.88042e-20 -3.91092e-06 -1.04066e-19  4.61311e-06  1.92497e-19 -4.18827e-06 -3.13584e-19  2.64405e-06  4.54887e-19 -7.72736e-07 -5.91191e-19 -4.14959e-07  6.87813e-19  5.57979e-07 -7.09501e-19 -1.52104e-07  6.35699e-19 -1.25838e-07 -4.76168e-19  9.36975e-08  2.73763e-19  1.54609e-08 -8.67409e-20 -3.13663e-08 -3.94416e-20 -7.74903e-10  9.09241e-20  8.73849e-09 -8.43002e-20  1.87753e-10  5.09858e-20 -2.18136e-09 -1.90257e-20 -2.46688e-10  1.76716e-21  4.57196e-10  2.27174e-21  1.29134e-10 -9.56771e-22  -6.5287e-11 -1.08075e-22 -3.89293e-11 -2.59387e-23  1.64149e-12  2.98786e-22  6.77465e-12 -2.08278e-22  1.69819e-12  1.19242e-23 -4.35459e-13  5.52783e-23 -3.53861e-13 -2.99805e-23 -6.12237e-14  3.66282e-24  1.83828e-14  3.00013e-24  1.19676e-14 -2.15949e-24  2.24928e-15  7.39361e-25 -2.31597e-16 -3.92755e-26 -2.33468e-16 -4.12712e-26 -5.74281e-17 -1.11411e-26 -4.17233e-18  6.91943e-27  1.60276e-18  1.64285e-27  6.20538e-19  3.06473e-29   1.0464e-19 -4.04375e-28  6.66909e-21   2.9439e-29 -1.18585e-21 -6.61032e-30 -3.99027e-22 -2.40366e-30 -5.76478e-23  2.59432e-30 -4.65205e-24  5.21401e-31 -1.06034e-25 -1.93323e-32  2.39281e-26 -1.94194e-32  3.49357e-27 -4.16326e-33  2.45175e-28  -2.0234e-34  9.83821e-30  2.18432e-35  1.93576e-31  6.67471e-37  2.84671e-34 -1.08635e-37 -2.93339e-35
-2.97918e-16  6.16551e-28  1.91144e-14 -1.48182e-26 -4.80835e-13  1.72509e-25  7.32976e-12 -1.26834e-24 -7.81504e-11  6.62133e-24  6.26229e-10 -2.60694e-23 -3.93441e-09  7.88209e-23  1.99105e-08 -1.73426e-22 -8.26082e-08  1.87528e-22  2.84213e-07  5.43059e-22 -8.16169e-07 -4.21762e-21  1.96079e-06  1.62354e-20 -3.93304e-06  -4.6737e-20  6.53938e-06   1.0996e-19 -8.88074e-06 -2.19362e-19  9.57839e-06  3.79358e-19 -7.74461e-06 -5.78396e-19  4.02124e-06  7.87927e-19 -4.33483e-07 -9.66747e-19 -1.22464e-06  1.06796e-18  9.12223e-07 -1.05061e-18 -2.30096e-08  8.99425e-19 -3.03591e-07 -6.43119e-19  1.03607e-07  3.51111e-19  7.14067e-08 -1.02021e-19 -4.29456e-08  -5.4013e-20 -1.64195e-08  1.11417e-19  1.24303e-08   -9.882e-20  4.49033e-09  5.71094e-20 -2.79695e-09 -1.95509e-20  -1.3555e-09  6.13373e-22  4.22456e-10  2.87954e-21   3.5944e-10 -8.81824e-22 -7.19695e-12 -2.51918e-22 -6.77321e-11 -6.94878e-23 -1.63304e-11   3.9807e-22  6.25453e-12 -2.41961e-22  4.25015e-12 -4.23505e-25  4.48016e-13  6.55168e-23 -3.91562e-13 -3.07589e-23 -1.77327e-13  3.57189e-24 -1.67092e-14  2.44688e-24  1.13597e-14 -2.13228e-24  5.11196e-15  8.93329e-25  7.67289e-16 -4.55279e-26 -1.07901e-16 -6.61269e-26 -7.94123e-17 -7.87738e-27 -1.77981e-17  6.30939e-27 -1.39109e-18  2.23831e-27  3.33901e-19  1.88228e-28  1.33447e-19 -3.73453e-28  2.25756e-20 -1.54044e-29    1.855e-21 -1.85991e-29 -6.34566e-23 -6.44036e-31 -4.16872e-23   3.4329e-30 -6.27405e-24  5.67343e-31 -5.36697e-25 -2.47651e-32 -2.45129e-26 -1.78205e-32  6.10612e-29 -3.15626e-33   8.9004e-29 -1.71256e-34  5.92975e-30  3.68274e-36  1.83788e-31 -2.84716e-37  2.38956e-33 -3.85657e-38
 -1.3047e-28 -4.33772e-15  6.19254e-27  1.59576e-13 -1.00692e-25 -3.08608e-12  9.28266e-25  3.94316e-11 -5.77511e-24 -3.67408e-10  2.65006e-23  2.63619e-09 -9.40937e-23 -1.50638e-08  2.61357e-22  7.00711e-08 -5.35225e-22 -2.69177e-07  5.43059e-22  8.61648e-07  1.48145e-21 -2.30893e-06 -1.08467e-20  5.18205e-06  3.93138e-20 -9.70243e-06 -1.06306e-19  1.50075e-05  2.34266e-19   -1.882e-05 -4.36576e-19  1.84555e-05    7.042e-19   -1.307e-05 -1.00211e-18  5.15698e-06  1.27895e-18  9.23262e-07 -1.47958e-18 -2.61648e-06  1.55186e-18   1.1686e-06 -1.45644e-18  3.79563e-07  1.19079e-18 -5.41779e-07 -8.11077e-19  3.23492e-08  4.18508e-19  1.63274e-07 -1.09176e-19 -3.26962e-08 -7.06667e-20  -4.4258e-08  1.30316e-19  9.76605e-09 -1.11369e-19  1.17937e-08  6.21953e-20 -1.45783e-09 -1.98429e-20 -2.91787e-09 -4.12431e-22 -1.45249e-10  3.34486e-21  5.73421e-10 -7.99049e-22  1.54988e-10 -3.15878e-22 -6.53939e-11 -1.75148e-22 -4.35954e-11  5.03423e-22   -2.235e-12 -2.55784e-22  5.62825e-12 -2.43152e-23  2.04927e-12  7.49579e-23 -3.25431e-14 -2.89519e-23 -2.38969e-13  3.24566e-24 -7.48488e-14  1.50326e-24 -2.58368e-15 -2.03703e-24  5.32309e-15  1.06096e-24  1.88956e-15 -4.27203e-26  2.42312e-16 -9.20991e-26 -3.53395e-17 -6.71477e-27 -2.25459e-17  5.64979e-27 -4.76968e-18  2.92012e-27 -4.22783e-19  4.19677e-28   4.6211e-20  -3.3058e-28  2.21949e-20 -6.71439e-29  3.80081e-21 -3.18924e-29  3.55979e-22  1.00192e-30   9.3033e-24  4.04705e-30 -2.51357e-24  5.92222e-31 -4.33685e-25 -2.27952e-32 -3.67394e-26 -1.46598e-32 -1.81991e-27 -2.22692e-33  -4.3699e-29 -1.34462e-34  2.72755e-31  -3.8032e-36  4.04776e-32 -3.66719e-37  5.56075e-34
  6.4725e-16 -1.87483e-27 -4.26286e-14  4.81385e-26  1.10187e-12 -5.83347e-25 -1.72773e-11  4.42024e-24  1.89696e-10 -2.37467e-23 -1.56725e-09  9.70697e-23   1.0166e-08 -3.13936e-22 -5.31945e-08  8.07454e-22  2.28592e-07 -1.54871e-21 -8.16169e-07  1.48145e-21  2.43789e-06  3.81959e-21 -6.10908e-06 -2.64207e-20  1.28268e-05  9.02689e-20 -2.24295e-05 -2.29332e-19  3.22537e-05  4.72999e-19 -3.72439e-05 -8.21916e-19  3.29434e-05  1.23297e-18 -1.99055e-05 -1.63201e-18  4.88784e-06  1.94567e-18  4.06063e-06 -2.11962e-18 -4.53045e-06  2.11159e-18  9.59879e-07 -1.89172e-18  1.18327e-06  1.47576e-18 -7.37448e-07 -9.54227e-19 -1.91805e-07  4.62285e-19  2.66364e-07 -1.05159e-19  2.54848e-08  -8.7325e-20  -7.7235e-08  1.45298e-19 -6.82438e-09 -1.21082e-19  1.95036e-08  6.64114e-20  3.51679e-09 -2.03408e-20  -4.0033e-09 -1.01843e-21 -1.44995e-09  3.60548e-21  5.17906e-10 -7.60079e-22  3.95962e-10 -2.56784e-22  9.29513e-12 -3.50154e-22 -6.28242e-11  6.09119e-22 -1.98102e-11  -2.4701e-22   2.8094e-12 -5.84096e-23  3.45914e-12  8.19842e-23  7.84128e-13 -2.43022e-23 -1.17521e-13  2.86773e-24 -1.15468e-13  1.67207e-25 -2.74193e-14 -1.90495e-24  2.64787e-16  1.23628e-24  2.01729e-15 -2.91588e-26  6.08482e-16 -1.16308e-25  7.20128e-17 -8.41939e-27 -8.26875e-18  4.98426e-27 -5.24073e-18   3.6975e-27 -1.07419e-18  7.04361e-28 -1.06953e-19 -2.84954e-28  2.28658e-21 -1.20585e-28  2.65904e-21 -4.45951e-29  4.70928e-22  2.19013e-30  4.64632e-23  4.33086e-30  2.37063e-24   5.8873e-31  -3.1416e-26 -1.56026e-32 -1.59112e-26 -1.08455e-32 -1.32217e-27 -1.45315e-33 -5.74244e-29 -9.46317e-35  -1.2891e-30 -4.56012e-36 -1.04022e-32 -1.70464e-37
 3.35252e-28  8.63562e-15 -1.79124e-26 -3.26686e-13  3.08285e-25  6.50348e-12 -2.94711e-24  -8.5632e-11  1.88533e-23  8.23211e-10 -8.88841e-23 -6.10198e-09  3.27378e-22   3.6073e-08 -9.73072e-22 -1.73874e-07  2.33443e-21  6.93374e-07 -4.21762e-21 -2.30893e-06  3.81959e-21  6.45263e-06  9.33442e-21 -1.51502e-05 -6.11095e-20  2.97937e-05  1.96989e-19 -4.86704e-05 -4.70219e-19  6.49913e-05  9.06814e-19 -6.88303e-05 -1.46601e-18  5.42924e-05    2.038e-18  -2.6752e-05 -2.49832e-18  1.22157e-06  2.77245e-18  9.67951e-06 -2.84096e-18 -6.45433e-06  2.69115e-18 -2.73223e-07 -2.30356e-18  2.39237e-06   1.7113e-18 -6.72727e-07  -1.0442e-18 -6.16866e-07  4.70174e-19  3.10904e-07 -8.92164e-20  1.52438e-07 -1.00789e-19 -9.36326e-08  1.54078e-19 -4.25088e-08 -1.27387e-19  2.10397e-08  7.00372e-20  1.25562e-08 -2.14743e-20 -2.90131e-09 -9.51058e-22 -3.21868e-09  3.62612e-21 -1.11657e-10 -8.06352e-22  5.75873e-10 -6.13496e-23  1.71974e-10 -5.84805e-22 -4.44462e-11  7.09121e-22 -3.90659e-11 -2.16839e-22 -6.04614e-12 -9.95302e-23  3.00156e-12  8.50758e-23  1.67807e-12   -1.695e-23  2.38361e-13  2.65787e-24 -8.03403e-14 -1.49706e-24 -4.66043e-14 -1.77214e-24 -8.93903e-15  1.40875e-24  3.19709e-16 -4.32995e-27  6.29559e-16 -1.36722e-25  1.69877e-16 -1.31352e-26  1.98319e-17  4.44922e-27 -1.22448e-18   4.5594e-27 -9.63679e-19  1.00225e-27 -1.95498e-19 -2.45933e-28 -2.10768e-20 -1.69719e-28 -6.22552e-22 -5.49827e-29  1.98891e-22  2.69889e-30  3.96247e-23  4.24618e-30  3.92071e-24  5.53082e-31   2.2739e-25  -6.7048e-33  5.87084e-27 -7.22475e-33 -1.63982e-28 -8.69922e-34 -1.88306e-29 -5.78649e-35 -5.79941e-31 -2.73398e-36  -5.3606e-33
-1.14728e-15  4.68662e-27  7.77779e-14 -1.32231e-25 -2.07146e-12  1.68441e-24  3.35024e-11 -1.31921e-23  -3.7985e-10  7.27135e-23  3.24475e-09 -3.04871e-22 -2.17908e-08  1.02197e-21   1.1823e-07 -2.81461e-21 -5.27709e-07  6.34049e-21  1.96079e-06 -1.08467e-20 -6.10908e-06  9.33442e-21   1.6012e-05   2.1675e-20 -3.52857e-05 -1.34499e-19   6.5057e-05  4.09351e-19 -9.92772e-05 -9.17985e-19  0.000122887  1.65337e-18 -0.000118714 -2.48023e-18  8.20944e-05  3.18134e-18 -3.01345e-05 -3.59206e-18 -8.52375e-06  3.69423e-18  1.78958e-05 -3.55829e-18 -7.19524e-06   3.2129e-18 -3.13109e-06 -2.63103e-18  3.72881e-06  1.85379e-18 -3.69579e-08 -1.05593e-18 -1.19908e-06  4.34464e-19  1.82982e-07 -6.36223e-20  3.39454e-07 -1.07219e-19 -5.78822e-08  1.54824e-19 -9.24426e-08 -1.29972e-19  7.04079e-09  7.32842e-20  2.29213e-08 -2.35494e-20  2.15592e-09 -4.74776e-23 -4.41104e-09  3.41234e-21 -1.42452e-09  -9.5908e-22  4.54103e-10  2.45438e-22  3.68375e-10 -8.53133e-22  3.53113e-11  7.98644e-22 -4.31569e-11 -1.70018e-22 -1.84353e-11 -1.43362e-22 -6.76169e-13  8.31395e-23  1.84319e-12 -7.45085e-24  6.79741e-13  2.81162e-24  5.62539e-14 -3.36042e-24 -3.72561e-14  -1.6674e-24 -1.60834e-14    1.565e-24 -2.64508e-15   3.0239e-26  1.05825e-16 -1.52727e-25  1.61121e-16  -2.0296e-26  4.04333e-17  4.27706e-27  4.83435e-18  5.46497e-27 -3.89804e-20  1.26304e-27 -1.32353e-19 -2.20598e-28 -2.73401e-20 -2.08981e-28 -3.06425e-21 -6.18519e-29 -1.69741e-22  2.48699e-30  5.17323e-24  3.82938e-30  1.97571e-24  4.87023e-31  1.94157e-25  6.73839e-34  1.06323e-26 -4.33765e-33  3.21493e-28 -4.72497e-34  3.62304e-30 -2.96267e-35 -3.69129e-32 -9.63457e-37
-6.57748e-28 -1.39912e-14  4.31679e-26  5.46034e-13 -8.03517e-25 -1.12255e-11  8.03125e-24  1.52808e-10 -5.29474e-23  -1.5205e-09  2.55536e-22  1.16807e-08 -9.63697e-22  -7.1667e-08  2.96664e-21  3.59086e-07   -7.628e-21 -1.49122e-06  1.62354e-20  5.18205e-06 -2.64207e-20 -1.51502e-05   2.1675e-20  3.73257e-05  4.79194e-20 -7.73233e-05 -2.82183e-19  0.000133759  8.11298e-19 -0.000190598 -1.70884e-18  0.000218144  2.87051e-18 -0.000190761 -3.98325e-18  0.000112587  4.68859e-18 -2.41479e-05 -4.84122e-18 -2.70195e-05  4.58886e-18  2.75051e-05 -4.15634e-18 -4.84577e-06   3.5943e-18 -7.90932e-06 -2.81988e-18  4.50019e-06  1.86879e-18  1.45756e-06 -9.73391e-19 -1.73079e-06  3.54364e-19 -2.38165e-07 -3.35721e-20  5.21728e-07 -1.03021e-19   6.5938e-08  1.46523e-19 -1.34652e-07  -1.2866e-19 -2.96254e-08  7.61469e-20  2.76607e-08 -2.66895e-20  1.14525e-08  1.73099e-21 -3.36743e-09  3.02281e-21 -3.02781e-09  -1.2149e-21 -1.81739e-10  6.01919e-22  4.58107e-10 -1.11868e-21  1.65217e-10  8.75245e-22 -1.40073e-11 -1.13422e-22 -2.61945e-11 -1.85296e-22 -6.93506e-12  7.57364e-23  5.42114e-13  3.28551e-24  8.61393e-13  3.43638e-24  2.37522e-13 -5.24624e-24  9.83711e-15 -1.60098e-24 -1.34256e-14  1.69226e-24 -4.78129e-15  7.03421e-26 -7.15003e-16 -1.65149e-25  1.66537e-17 -2.86941e-26  3.30894e-17  4.73907e-27  7.97342e-18  6.34222e-27  9.83543e-19  1.43907e-27  3.24466e-20 -2.11947e-28 -1.21516e-20 -2.34389e-28 -2.74621e-21  -6.4677e-29  -3.0963e-22  1.69376e-30 -2.01946e-23  3.17701e-30 -4.84981e-25  3.98426e-31  4.06413e-26  4.80272e-33  4.66776e-27 -2.35195e-33  2.11015e-28 -2.28952e-34  4.49947e-30 -1.19581e-35  2.98741e-32
