  0.00260711  -3.5736e-20  -0.00903124  1.14937e-19   0.00517625  1.59643e-18   0.00189963 -2.16801e-18 -0.000203373 -1.48727e-19 -0.000292831   3.1259e-19 -9.36117e-05 -4.19785e-19 -1.60156e-05  5.76968e-20 -1.50492e-06  1.53212e-20 -6.11603e-08  3.44369e-21 -1.35435e-10
 -3.5736e-20    0.0158096 -5.35208e-19   -0.0274427  1.45538e-18     0.005539  5.36763e-18   0.00610701 -4.61514e-18   0.00132209 -6.44786e-19 -0.000117316 -2.08464e-19 -0.000128749 -7.55714e-19  -3.2279e-05  2.57906e-20  -4.0996e-06  1.66121e-20  -2.4247e-07  4.39866e-21
 -0.00903124 -5.35208e-19    0.0443728 -2.95293e-18   -0.0460095  5.66215e-18  -0.00437754  1.20675e-17   0.00795041 -4.50042e-18   0.00371118 -7.52478e-19   0.00071799 -1.20903e-18  3.76793e-05 -9.16902e-19 -1.06201e-05  -4.1088e-20 -2.05788e-06  1.32116e-20 -9.73407e-08
 1.14937e-19   -0.0274427 -2.95293e-18    0.0778755 -9.60503e-18   -0.0501878  1.26283e-17   -0.0208495  2.10771e-17   0.00334216  1.00886e-18   0.00422329  7.95648e-19   0.00136131  -1.4147e-18  0.000232054 -7.29265e-19  2.13939e-05 -4.93077e-20  8.59903e-07  1.24372e-20
  0.00517625  1.45538e-18   -0.0460095 -9.60503e-18     0.098802 -2.18399e-17   -0.0369279  1.87593e-17   -0.0337086   3.0224e-17  -0.00580346  1.11516e-17   0.00169029  4.44101e-18   0.00102378 -1.74411e-19  0.000220381 -2.48027e-19  2.30446e-05  8.76505e-21  8.46721e-07
 1.59643e-18     0.005539  5.66215e-18   -0.0501878 -2.18399e-17     0.101561 -3.81292e-17   -0.0148421  1.91972e-17    -0.036196  3.64675e-17   -0.0135445  2.15507e-17  -0.00193367  8.79911e-18  8.77845e-05   1.6104e-18  6.59967e-05  1.99854e-19  7.13913e-06  4.33179e-20
  0.00189963  5.36763e-18  -0.00437754  1.26283e-17   -0.0369279 -3.81292e-17    0.0948042 -5.45834e-17   0.00759726  1.21553e-17   -0.0280278  3.74863e-17   -0.0152644  2.75503e-17  -0.00385138  1.14386e-17  -0.00052254  2.55617e-18 -3.42554e-05  3.41658e-19 -6.38031e-07
-2.16801e-18   0.00610701  1.20675e-17   -0.0208495  1.87593e-17   -0.0148421 -5.45834e-17    0.0889597 -6.75744e-17    0.0274726  4.34439e-19   -0.0129647  3.30585e-17   -0.0107722  2.72339e-17  -0.00322561  1.09093e-17 -0.000496986   2.2385e-18 -3.52978e-05  2.10507e-19
-0.000203373 -4.61514e-18   0.00795041  2.10771e-17   -0.0337086  1.91972e-17   0.00759726 -6.75744e-17    0.0879614 -7.52979e-17    0.0439034 -1.08896e-17   0.00323791  2.51638e-17  -0.00373125  2.18794e-17  -0.00141717  7.89215e-18 -0.000208728  1.27914e-18 -9.97327e-06
-1.48727e-19   0.00132209 -4.50042e-18   0.00334216   3.0224e-17    -0.036196  1.21553e-17    0.0274726 -7.52979e-17    0.0894901 -7.67245e-17    0.0542269 -1.75081e-17    0.0145879  1.67327e-17   0.00154705  1.44824e-17 -7.85837e-05  4.33043e-18 -2.63426e-05  4.47445e-19
-0.000292831 -6.44786e-19   0.00371118  1.00886e-18  -0.00580346  3.64675e-17   -0.0280278  4.34439e-19    0.0439034 -7.67245e-17    0.0880204 -7.04788e-17    0.0549334 -1.77071e-17    0.0178095  9.94358e-18   0.00325356  7.84875e-18  0.000311443  1.73991e-18  1.05413e-05
  3.1259e-19 -0.000117316 -7.52478e-19   0.00422329  1.11516e-17   -0.0135445  3.74863e-17   -0.0129647 -1.08896e-17    0.0542269 -7.04788e-17    0.0785553 -5.63469e-17    0.0455719 -1.29747e-17    0.0142737  5.39586e-18   0.00247666   3.3981e-18  0.000201777  4.51482e-19
-9.36117e-05 -2.08464e-19   0.00071799  7.95648e-19   0.00169029  2.15507e-17   -0.0152644  3.30585e-17   0.00323791 -1.75081e-17    0.0549334 -5.63469e-17    0.0605408 -3.75873e-17    0.0305458  -6.8809e-18   0.00831379  2.64134e-18   0.00116483  1.11196e-18  5.72227e-05
-4.19785e-19 -0.000128749 -1.20903e-18   0.00136131  4.44101e-18  -0.00193367  2.75503e-17   -0.0107722  2.51638e-17    0.0145879 -1.77071e-17    0.0455719 -3.75873e-17    0.0388602 -2.00361e-17    0.0162635 -2.45646e-18   0.00357012  1.09269e-18   0.00035305     2.38e-19
-1.60156e-05 -7.55714e-19  3.76793e-05  -1.4147e-18   0.00102378  8.79911e-18  -0.00385138  2.72339e-17  -0.00373125  1.67327e-17    0.0178095 -1.29747e-17    0.0305458 -2.00361e-17    0.0201966 -8.13052e-18   0.00673552 -4.50936e-19   0.00110734  3.42567e-19  6.17586e-05
 5.76968e-20  -3.2279e-05 -9.16902e-19  0.000232054 -1.74411e-19  8.77845e-05  1.14386e-17  -0.00322561  2.18794e-17   0.00154705  9.94358e-18    0.0142737  -6.8809e-18    0.0162635 -8.13052e-18   0.00827932 -2.34134e-18   0.00210871  4.46941e-20  0.000234234  6.76547e-20
-1.50492e-06  2.57906e-20 -1.06201e-05 -7.29265e-19  0.000220381   1.6104e-18  -0.00052254  1.09093e-17  -0.00141717  1.44824e-17   0.00325356  5.39586e-18   0.00831379 -2.45646e-18   0.00673552 -2.34134e-18   0.00259868 -4.12264e-19   0.00047784  4.93751e-20   2.9094e-05
 1.53212e-20  -4.0996e-06  -4.1088e-20  2.13939e-05 -2.48027e-19  6.59967e-05  2.55617e-18 -0.000496986  7.89215e-18 -7.85837e-05  7.84875e-18   0.00247666  2.64134e-18   0.00357012 -4.50936e-19   0.00210871 -4.12264e-19  0.000599989 -2.10858e-20  7.26395e-05  1.12627e-20
-6.11603e-08  1.66121e-20 -2.05788e-06 -4.93077e-20  2.30446e-05  1.99854e-19 -3.42554e-05   2.2385e-18 -0.000208728  4.33043e-18  0.000311443   3.3981e-18   0.00116483  1.09269e-18   0.00110734  4.46941e-20   0.00047784 -2.10858e-20  9.57202e-05  7.38745e-21   6.2335e-06
 3.44369e-21  -2.4247e-07  1.32116e-20  8.59903e-07  8.76505e-21  7.13913e-06  3.41658e-19 -3.52978e-05  1.27914e-18 -2.63426e-05  1.73991e-18  0.000201777  1.11196e-18   0.00035305  3.42567e-19  0.000234234  4.93751e-20  7.26395e-05  7.38745e-21  9.40457e-06   1.4277e-21
-1.35435e-10  4.39866e-21 -9.73407e-08  1.24372e-20  8.46721e-07  4.33179e-20 -6.38031e-07  2.10507e-19 -9.97327e-06  4.47445e-19  1.05413e-05  4.51482e-19  5.72227e-05     2.38e-19  6.17586e-05  6.76547e-20   2.9094e-05  1.12627e-20   6.2335e-06   1.4277e-21  4.28074e-07
