  0.00149803 -5.28071e-12   0.00619676 -1.24353e-11   0.00991596 -1.43024e-11   0.00817818 -7.82845e-12   0.00211414   1.1688e-12  -0.00278536  5.14478e-12  -0.00317145  2.99271e-12 -0.000694613 -6.95991e-13   0.00118713 -1.98409e-12   0.00111282 -9.16657e-13  0.000121835  3.80748e-13 -0.000452505  6.68235e-13 -0.000340975  2.50021e-13 -1.56566e-05 -1.30862e-13  0.000134801 -1.87945e-13  9.35243e-05 -7.05658e-14  9.35551e-06  2.38361e-14 -2.77862e-05  4.08103e-14   -2.192e-05  1.98907e-14  -6.2254e-06  1.37085e-15  1.98894e-06 -4.44084e-15  2.95064e-06 -3.35916e-15   1.5589e-06 -1.34494e-15  4.79885e-07 -3.07335e-16  7.13001e-08 -1.49482e-17 -9.56566e-09   1.7085e-17 -8.47425e-09  7.07636e-18 -2.38246e-09  1.47963e-18 -3.79615e-10  1.78231e-19 -3.33356e-11  1.05304e-20 -1.09044e-12
-5.28071e-12   0.00879728 -2.18637e-11    0.0207374  -3.5014e-11    0.0238628 -2.88709e-11    0.0130248 -7.35232e-12  -0.00209223  1.01166e-11   -0.0088205  1.15432e-11  -0.00519649  2.64122e-12   0.00112496 -4.27349e-12   0.00343884 -4.16571e-12   0.00168655 -5.99962e-13 -0.000578368  1.60479e-12  -0.00116881  1.32064e-12 -0.000500079  1.51525e-13  0.000179703 -4.62126e-13  0.000327737 -3.71239e-13  0.000150039  -7.4318e-14 -1.99318e-05  8.35078e-14 -6.65894e-05  8.37207e-14 -4.04682e-05  3.32667e-14 -8.94071e-06 -6.03647e-18  4.47075e-06  -8.3861e-15  5.26379e-06 -5.86805e-15  2.73543e-06 -2.43994e-15  9.39268e-07 -7.00664e-16  2.25836e-07 -1.39847e-16  3.66654e-08 -1.77481e-17  3.34636e-09 -9.23603e-19  1.27188e-12  9.80683e-20 -3.71459e-11  1.90725e-20 -3.31922e-12   8.0135e-22
  0.00619676 -2.18637e-11    0.0257181 -5.16812e-11    0.0413342 -5.97657e-11    0.0343319 -3.30186e-11   0.00902152  4.89378e-12   -0.0119159   2.2354e-11   -0.0140613  1.37795e-11  -0.00364608 -2.26015e-12   0.00489947 -8.73486e-12   0.00520871 -4.76995e-12   0.00107391  1.06592e-12  -0.00178453  2.97468e-12  -0.00170504  1.53303e-12 -0.000365605 -2.50132e-13  0.000477751 -8.15774e-13  0.000484271 -4.76602e-13  0.000159504 -3.44782e-14 -6.18363e-05  1.43899e-13 -0.000100204  1.18112e-13 -5.51799e-05   4.4948e-14 -1.25875e-05  1.57074e-15  4.70786e-06 -9.55068e-15   6.2073e-06 -7.14174e-15  3.45453e-06 -3.22812e-15  1.31886e-06 -1.06182e-15   3.7754e-07 -2.65588e-16  8.24712e-08 -5.04409e-17  1.35003e-08 -7.01936e-18   1.5642e-09 -6.56076e-19  1.12147e-10 -3.29979e-20  3.23524e-12
-1.24353e-11    0.0207374 -5.16812e-11    0.0491982 -8.35899e-11    0.0574768 -7.05938e-11    0.0327378 -2.02092e-11  -0.00347758  2.30186e-11   -0.0212871     2.93e-11   -0.0142574  9.21109e-12   0.00106544 -8.95078e-12   0.00824452 -1.11139e-11   0.00528045 -3.34145e-12 -0.000351415  3.04287e-12  -0.00277183   3.7311e-12  -0.00181741  1.30298e-12 -8.36111e-05 -6.74779e-13  0.000713633 -1.04399e-12  0.000567932 -5.19486e-13   0.00015579 -5.27747e-15 -8.72924e-05  1.80116e-13 -0.000121963   1.4409e-13 -6.91932e-05  6.02741e-14 -2.01367e-05  9.00045e-15  1.47851e-06 -6.80936e-15  5.20822e-06 -6.45917e-15  3.26836e-06 -3.14799e-15  1.31299e-06 -1.07078e-15  3.82743e-07 -2.68464e-16   8.2337e-08 -4.91749e-17  1.26713e-08 -6.22827e-18  1.27981e-09 -4.77044e-19  6.79936e-11 -1.43777e-20
  0.00991596  -3.5014e-11    0.0413342 -8.35899e-11    0.0675785 -9.93649e-11    0.0587128 -5.95895e-11    0.0192406  1.99861e-12   -0.0167182  3.55156e-11   -0.0244433  2.70729e-11  -0.00981553  1.41893e-12   0.00570342 -1.33152e-11   0.00942041 -1.06853e-11    0.0041237 -1.28325e-12  -0.00158788  4.26765e-12  -0.00319234  3.85954e-12  -0.00170374   1.0148e-12  0.000119406 -9.19777e-13  0.000837298 -1.16651e-12  0.000622684 -5.68943e-13  0.000174825 -1.62762e-14 -8.87503e-05  1.92005e-13 -0.000134435  1.65064e-13 -8.35883e-05  7.91779e-14 -3.09996e-05  2.14108e-14 -4.88419e-06  -2.0528e-16  2.09164e-06 -3.45645e-15  1.94797e-06 -1.96345e-15  8.30298e-07 -6.72732e-16  2.35214e-07 -1.59185e-16  4.64693e-08 -2.60259e-17  6.17733e-09 -2.73147e-18  4.87503e-10 -1.48439e-19  1.49335e-11
-1.43024e-11    0.0238628 -5.97657e-11    0.0574768 -9.93649e-11    0.0702386 -9.02971e-11    0.0455875 -3.55879e-11   0.00347329  1.92953e-11   -0.0230776  3.69423e-11   -0.0214367  1.98239e-11  -0.00471773 -4.29253e-12   0.00792749 -1.42188e-11    0.0089159 -9.15533e-12   0.00300371  2.54712e-14  -0.00216752   4.6894e-12  -0.00328215  3.83361e-12  -0.00164437  9.17436e-13  0.000183667 -1.01104e-12    0.0009014 -1.26162e-12  0.000685971 -6.50843e-13  0.000219926 -6.23255e-14 -7.05073e-05  1.82348e-13 -0.000136602  1.76623e-13  -9.4588e-05  9.64964e-14 -4.23204e-05  3.57369e-14  -1.2867e-05  8.63938e-15 -2.27842e-06  8.60105e-16  4.42809e-08 -2.87537e-16  1.73853e-07 -1.62164e-16  5.97786e-08 -4.05961e-17  1.14834e-08 -6.04703e-18  1.30731e-09 -5.05548e-19  7.39006e-11  -1.5878e-20
  0.00817818 -2.88709e-11    0.0343319 -7.05938e-11    0.0587128 -9.02971e-11    0.0573129 -6.59099e-11    0.0285038 -1.51401e-11  -0.00559472  2.45404e-11   -0.0222025  3.16383e-11   -0.0168742  1.39185e-11  -0.00193781 -6.26854e-12   0.00814659 -1.35485e-11   0.00820572 -8.18269e-12   0.00250808  4.79087e-13  -0.00234588  4.84363e-12  -0.00335922  3.93062e-12  -0.00170069  9.72621e-13  0.000171428 -1.03392e-12  0.000941795 -1.34589e-12  0.000752773 -7.48894e-13  0.000281281 -1.36231e-13   -3.249e-05  1.45981e-13 -0.000123261  1.70718e-13 -9.69986e-05  1.05453e-13 -4.99628e-05  4.66715e-14 -1.93178e-05  1.59162e-14 -5.84214e-06  4.27966e-15 -1.39737e-06  9.09344e-16 -2.62918e-07  1.50686e-16  -3.8054e-08  1.88129e-17 -4.02117e-09  1.63349e-18 -2.73308e-10  7.95593e-20 -7.80354e-12
-7.82845e-12    0.0130248 -3.30186e-11    0.0327378 -5.95895e-11    0.0455875 -6.59099e-11    0.0399723 -4.40081e-11    0.0178196 -6.87377e-12  -0.00681649  2.18901e-11   -0.0189274  2.67394e-11   -0.0142308  1.15495e-11  -0.00121485 -6.42987e-12   0.00795433 -1.31525e-11   0.00796693 -7.92534e-12   0.00237682  6.41755e-13  -0.00245649   5.0113e-12  -0.00347625  4.09354e-12   -0.0018002  1.08929e-12  0.000116241  -9.9584e-13   0.00094594 -1.39286e-12  0.000807464 -8.48817e-13  0.000354609 -2.37263e-13  2.69039e-05  7.89257e-14 -9.08769e-05  1.41156e-13 -8.59725e-05  9.85885e-14 -4.89471e-05  4.77827e-14 -2.06469e-05  1.77491e-14  -6.7923e-06  5.17947e-15 -1.75532e-06  1.17994e-15  -3.4981e-07  2.03394e-16  -5.1332e-08  2.48399e-17  -5.0478e-09  1.86805e-18  -2.6527e-10  5.60522e-20
  0.00211414 -7.35232e-12   0.00902152 -2.02092e-11    0.0192406 -3.55879e-11    0.0285038 -4.40081e-11    0.0286787 -3.40981e-11     0.015011  -7.0062e-12  -0.00518819  1.88875e-11   -0.0171266  2.48712e-11   -0.0134343  1.08739e-11 -0.000935941 -6.69024e-12   0.00806106 -1.32055e-11   0.00793863 -7.81851e-12    0.0022858  7.67323e-13   -0.0025303  5.11032e-12  -0.00355236  4.23156e-12  -0.00191456  1.26861e-12  1.78388e-06 -8.68795e-13    0.0008985 -1.38774e-12  0.000843194 -9.42261e-13  0.000434204 -3.57558e-13    0.0001035 -1.57193e-14 -3.93294e-05   8.5122e-14 -5.85766e-05  7.14267e-14 -3.66774e-05  3.64301e-14 -1.58297e-05  1.35528e-14 -5.11979e-06  3.82029e-15 -1.25533e-06  8.10012e-16 -2.27885e-07  1.24031e-16 -2.87997e-08  1.25257e-17 -2.20883e-09  6.67091e-19 -6.67824e-11
  1.1688e-12  -0.00209223  4.89378e-12  -0.00347758  1.99861e-12   0.00347329 -1.51401e-11    0.0178196 -3.40981e-11    0.0253327 -3.26864e-11    0.0152786  -7.8815e-12  -0.00468313   1.8402e-11   -0.0168292  2.42976e-11    -0.012907  1.00263e-11 -0.000425942 -7.17483e-12   0.00818591  -1.3149e-11   0.00782387  -7.6668e-12   0.00224239  7.37241e-13  -0.00247887  5.05931e-12  -0.00357176  4.36126e-12  -0.00206381  1.53315e-12 -0.000178818  -6.5108e-13  0.000798575 -1.32363e-12  0.000850282 -1.01011e-12    0.0005061 -4.78951e-13  0.000187471 -1.27543e-13  2.61712e-05  8.67016e-15 -1.85972e-05  2.93556e-14 -1.67504e-05  1.74153e-14 -7.67384e-06  6.52802e-15 -2.41325e-06  1.73967e-15 -5.45633e-07   3.3189e-16 -8.67911e-08  4.31606e-17 -8.94754e-09  3.35652e-18 -4.80281e-10  1.01773e-19
 -0.00278536  1.01166e-11   -0.0119159  2.30186e-11   -0.0167182  1.92953e-11  -0.00559472 -6.87377e-12     0.015011 -3.26864e-11    0.0250361 -3.21306e-11    0.0145407 -6.56147e-12  -0.00540669   1.8756e-11   -0.0165196   2.3258e-11   -0.0120632  9.00107e-12 -1.95962e-05 -7.30827e-12   0.00806073 -1.28633e-11   0.00768377 -7.64263e-12   0.00234771  4.82475e-13  -0.00230586  4.90226e-12  -0.00356468  4.50354e-12   -0.0022445  1.86297e-12 -0.000411856 -3.51824e-13   0.00064247 -1.18296e-12  0.000811721  -1.0253e-12  0.000552087 -5.76468e-13  0.000262516 -2.33658e-13  9.04421e-05 -6.74361e-14  2.11562e-05 -1.18671e-14   2.2561e-06   -4.399e-17 -5.38727e-07  7.29119e-16 -3.24763e-07  2.52954e-16 -8.06738e-08  4.78467e-17 -1.17749e-08  5.31736e-18 -9.57302e-10  2.91335e-19 -2.89896e-11
 5.14478e-12   -0.0088205   2.2354e-11   -0.0212871  3.55156e-11   -0.0230776  2.45404e-11  -0.00681649  -7.0062e-12    0.0152786 -3.21306e-11    0.0237961 -2.95033e-11    0.0127457 -4.73176e-12  -0.00584972  1.82812e-11   -0.0157055  2.19023e-11   -0.0113212  8.42989e-12  2.55271e-05 -7.03778e-12   0.00780352 -1.25876e-11   0.00764131 -7.81145e-12   0.00257977  7.98337e-14  -0.00205865  4.67027e-12  -0.00352447  4.62319e-12  -0.00242872  2.22722e-12 -0.000687123  2.91673e-14  0.000422623 -9.47911e-13  0.000712044 -9.61096e-13  0.000550868 -6.15479e-13  0.000303471 -2.97933e-13  0.000130727 -1.15107e-13  4.55113e-05 -3.61969e-14  1.29343e-05 -9.28571e-15  2.98588e-06 -1.91891e-15  5.48027e-07 -3.09279e-16  7.63322e-08 -3.63849e-17  7.33512e-09 -2.70997e-18  3.86676e-10 -8.24146e-20
 -0.00317145  1.15432e-11   -0.0140613     2.93e-11   -0.0244433  3.69423e-11   -0.0222025  2.18901e-11  -0.00518819  -7.8815e-12    0.0145407 -2.95033e-11    0.0215287   -2.652e-11    0.0113883 -4.01606e-12  -0.00559862  1.72669e-11    -0.014897  2.09462e-11   -0.0109521     8.33e-12 -0.000128838 -6.66335e-12   0.00756342 -1.23962e-11   0.00766527 -8.07262e-12   0.00287519 -4.23143e-13   -0.0017362  4.32914e-12     -0.00342   4.6795e-12  -0.00259581  2.60559e-12 -0.000995254  4.83463e-13  0.000140524 -6.11942e-13  0.000539547 -7.90376e-13  0.000478778 -5.58631e-13  0.000285773 -2.89829e-13  0.000130906 -1.18223e-13  4.77447e-05 -3.85919e-14  1.39277e-05 -1.00216e-14  3.19976e-06 -2.01895e-15  5.58435e-07 -3.00213e-16   6.9135e-08 -2.99264e-17  5.26937e-09 -1.59303e-18  1.60114e-10
 2.99271e-12  -0.00519649  1.37795e-11   -0.0142574  2.70729e-11   -0.0214367  3.16383e-11   -0.0189274  1.88875e-11  -0.00468313 -6.56147e-12    0.0127457   -2.652e-11    0.0197584 -2.47952e-11     0.010856 -4.03569e-12  -0.00523053  1.65095e-11   -0.0143917  2.04035e-11   -0.0107732  8.36478e-12 -0.000315211  -6.2707e-12   0.00730833 -1.21814e-11   0.00768668 -8.37084e-12   0.00322896 -1.04935e-12  -0.00131641   3.8498e-12  -0.00323444  4.64782e-12  -0.00272562  2.96404e-12  -0.00131273  9.83259e-13 -0.000192683 -1.78118e-13  0.000288933 -4.99607e-13   0.00032625 -3.95811e-13  0.000206489 -2.10859e-13   9.4964e-05 -8.48112e-14  3.36125e-05 -2.64623e-14  9.23003e-06 -6.36589e-15  1.93037e-06 -1.14457e-15  2.93696e-07 -1.44093e-16  2.96067e-08 -1.10506e-17  1.57881e-09 -3.34859e-19
-0.000694613  2.64122e-12  -0.00364608  9.21109e-12  -0.00981553  1.98239e-11   -0.0168742  2.67394e-11   -0.0171266   1.8402e-11  -0.00540669 -4.73176e-12    0.0113883 -2.47952e-11    0.0188534 -2.39118e-11    0.0105297 -3.94011e-12  -0.00506823   1.6035e-11   -0.0140043  1.99295e-11   -0.0106143  8.44991e-12 -0.000567021  -5.7545e-12   0.00697485 -1.18976e-11   0.00770391  -8.7236e-12   0.00365155 -1.80311e-12 -0.000800154   3.2272e-12  -0.00295346  4.48963e-12  -0.00278338  3.24905e-12  -0.00160613  1.48833e-12 -0.000554247  3.23395e-13 -1.79526e-05 -1.24946e-13  0.000121251 -1.70104e-13  9.46415e-05 -9.91746e-14  4.48021e-05 -3.95117e-14  1.52762e-05 -1.16101e-14  3.87088e-06 -2.52634e-15  7.16954e-07 -3.92715e-16  9.15747e-08 -3.99261e-17  7.04457e-09 -2.12599e-18  2.12237e-10
-6.95991e-13   0.00112496 -2.26015e-12   0.00106544  1.41893e-12  -0.00471773  1.39185e-11   -0.0142308  2.48712e-11   -0.0168292   1.8756e-11  -0.00584972 -4.01606e-12     0.010856 -2.39118e-11    0.0181872 -2.29956e-11    0.0100747 -3.69345e-12  -0.00492989  1.55072e-11   -0.0135752  1.94589e-11   -0.0105188  8.69264e-12 -0.000939197 -5.09068e-12   0.00657569 -1.15733e-11   0.00772444 -9.11614e-12   0.00412231 -2.65785e-12 -0.000192601  2.44414e-12  -0.00255085  4.15443e-12  -0.00273096  3.40296e-12  -0.00183302  1.92882e-12 -0.000888457  8.00587e-13 -0.000312998  2.33924e-13  -7.2107e-05  3.74139e-14 -4.68988e-06 -4.15435e-15  4.22911e-06 -4.92985e-15  2.15804e-06 -1.72372e-15  5.76983e-07 -3.65738e-16  9.79847e-08 -4.92963e-17  1.02249e-08 -3.80711e-18  5.34897e-10 -1.10897e-19
  0.00118713 -4.27349e-12   0.00489947 -8.95078e-12   0.00570342 -4.29253e-12  -0.00193781  1.15495e-11   -0.0134343  2.42976e-11   -0.0165196  1.82812e-11  -0.00559862 -4.03569e-12    0.0105297 -2.29956e-11    0.0174205 -2.20075e-11   0.00967007 -3.62151e-12  -0.00467042  1.48889e-11   -0.0131657  1.91128e-11    -0.010539  9.09828e-12  -0.00140144 -4.32998e-12   0.00612642 -1.11918e-11   0.00771807 -9.49928e-12   0.00461685 -3.59993e-12  0.000510415  1.48124e-12  -0.00200711   3.6036e-12  -0.00253071  3.34826e-12  -0.00192224  2.17792e-12  -0.00109795  1.10892e-12 -0.000503132   4.6019e-13 -0.000189831  1.58205e-13 -5.95054e-05  4.51837e-14 -1.54487e-05  1.06198e-14 -3.26683e-06  2.00252e-15 -5.42571e-07  2.87957e-16 -6.59679e-08  2.85902e-17 -5.07577e-09  1.55227e-18 -1.59183e-10
-1.98409e-12   0.00343884 -8.73486e-12   0.00824452 -1.33152e-11   0.00792749 -6.26854e-12  -0.00121485  1.08739e-11    -0.012907   2.3258e-11   -0.0157055  1.72669e-11  -0.00523053 -3.94011e-12    0.0100747 -2.20075e-11    0.0167321 -2.12678e-11   0.00945059 -3.73668e-12   -0.0043702  1.43229e-11   -0.0128337  1.88898e-11   -0.0106329  9.59568e-12  -0.00192608 -3.46746e-12   0.00560009 -1.07021e-11   0.00765417 -9.84166e-12   0.00512026 -4.61104e-12   0.00129756  3.46879e-13  -0.00131422  2.79368e-12  -0.00212687  2.96926e-12   -0.0017784  2.09003e-12  -0.00108906  1.13385e-12 -0.000528876  4.95765e-13  -0.00020878  1.76768e-13 -6.71357e-05  5.10943e-14 -1.73542e-05  1.17273e-14 -3.50303e-06   2.0555e-15  -5.2414e-07  2.56445e-16 -5.27253e-08  1.97382e-17 -2.83836e-09  6.05625e-19
  0.00111282 -4.16571e-12   0.00520871 -1.11139e-11   0.00942041 -1.42188e-11   0.00814659 -6.42987e-12 -0.000935941  1.00263e-11   -0.0120632  2.19023e-11    -0.014897  1.65095e-11  -0.00506823 -3.69345e-12   0.00967007 -2.12678e-11    0.0162531 -2.07756e-11   0.00932235 -3.87642e-12   -0.0040966  1.38122e-11   -0.0125345  1.87099e-11   -0.0107655  1.01781e-11  -0.00253132 -2.46549e-12   0.00497426 -1.00789e-11   0.00751438 -1.01054e-11   0.00559747 -5.63605e-12   0.00213955  -9.4546e-13 -0.000455249  1.66426e-12  -0.00146202  2.17756e-12  -0.00134947  1.61442e-12 -0.000847251  8.81205e-13  -0.00040779  3.76836e-13 -0.000155478  1.28166e-13 -4.70853e-05  3.44226e-14 -1.11453e-05  7.11782e-15 -1.98907e-06  1.07846e-15 -2.50065e-07  1.08817e-16 -1.92363e-08  5.82692e-18 -5.86855e-10
-9.16657e-13   0.00168655 -4.76995e-12   0.00528045 -1.06853e-11    0.0089159 -1.35485e-11   0.00795433 -6.69024e-12 -0.000425942  9.00107e-12   -0.0113212  2.09462e-11   -0.0143917   1.6035e-11  -0.00492989 -3.62151e-12   0.00945059 -2.07756e-11    0.0158851 -2.03572e-11    0.0092103 -4.02964e-12  -0.00380817  1.32791e-11   -0.0122336  1.85644e-11   -0.0109497  1.08687e-11  -0.00322558 -1.32061e-12   0.00424252 -9.29131e-12   0.00725911 -1.02146e-11   0.00599584 -6.61599e-12   0.00301449 -2.38769e-12  0.000570719  2.23812e-13 -0.000560187  1.04318e-12 -0.000706795  8.78979e-13  -0.00046729  4.84537e-13 -0.000221022  1.99529e-13    -7.98e-05  6.33063e-14 -2.22214e-05   1.5405e-14 -4.69029e-06  2.78947e-15 -7.17265e-07  3.52335e-16 -7.24176e-08  2.70148e-17 -3.85531e-09  8.14379e-19
 0.000121835 -5.99962e-13   0.00107391 -3.34145e-12    0.0041237 -9.15533e-12   0.00820572 -1.31525e-11   0.00806106 -7.17483e-12 -1.95962e-05  8.42989e-12   -0.0109521  2.04035e-11   -0.0140043  1.55072e-11  -0.00467042 -3.73668e-12   0.00932235 -2.03572e-11    0.0155501 -1.99961e-11   0.00915181 -4.26674e-12  -0.00347601  1.27223e-11   -0.0119459  1.84709e-11   -0.0111839  1.16488e-11  -0.00399803 -2.53122e-14    0.0033774 -8.27341e-12    0.0068365 -1.01006e-11   0.00627724 -7.50032e-12   0.00387778 -3.87859e-12   0.00165819 -1.31852e-12  0.000403556 -1.54081e-13 -4.31427e-05  1.42182e-13 -0.000100788  1.18701e-13 -5.73749e-05  5.28117e-14 -2.10017e-05  1.62622e-14 -5.48673e-06  3.60543e-15 -1.02587e-06  5.61516e-16 -1.30401e-07  5.64834e-17 -9.86535e-09  2.94004e-18 -2.88911e-10
 3.80748e-13 -0.000578368  1.06592e-12 -0.000351415 -1.28325e-12   0.00300371 -8.18269e-12   0.00796693 -1.32055e-11   0.00818591 -7.30827e-12  2.55271e-05     8.33e-12   -0.0107732  1.99295e-11   -0.0135752  1.48889e-11   -0.0043702 -3.87642e-12    0.0092103 -1.99961e-11    0.0152838 -1.97573e-11   0.00917001 -4.57888e-12  -0.00312136  1.21636e-11   -0.0116673  1.83993e-11   -0.0114449  1.25042e-11  -0.00485948  1.46041e-12   0.00234562 -6.98213e-12   0.00622123 -9.71708e-12   0.00638433 -8.14056e-12   0.00457069 -5.10531e-12    0.0025488 -2.55596e-12   0.00115319 -1.04996e-12  0.000431576 -3.58908e-13  0.000135019 -1.02914e-13   3.5515e-05 -2.48307e-14  7.84903e-06 -5.00857e-15  1.43556e-06 -8.21402e-16  2.07672e-07 -1.02169e-16  2.14482e-08 -8.26184e-18  1.24124e-09 -2.77559e-19
-0.000452505  1.60479e-12  -0.00178453  3.04287e-12  -0.00158788  2.54712e-14   0.00250808 -7.92534e-12   0.00793863  -1.3149e-11   0.00806073 -7.03778e-12 -0.000128838  8.36478e-12   -0.0106143  1.94589e-11   -0.0131657  1.43229e-11   -0.0040966 -4.02964e-12   0.00915181 -1.97573e-11     0.015107 -1.96252e-11   0.00923746 -4.93585e-12  -0.00274347  1.15731e-11   -0.0113714  1.83257e-11   -0.0117332  1.34522e-11  -0.00582156  3.13976e-12   0.00115223 -5.41232e-12   0.00537634  -8.9262e-12   0.00615044 -8.19213e-12   0.00480388 -5.61241e-12   0.00293732 -3.09527e-12   0.00147061 -1.41203e-12  0.000612296 -5.36562e-13  0.000212034 -1.68837e-13  6.03624e-05 -4.32265e-14  1.37902e-05 -8.72249e-15  2.42562e-06   -1.314e-15  3.05651e-07 -1.33775e-16  2.38869e-08 -7.31019e-18  7.48404e-10
 6.68235e-13  -0.00116881  2.97468e-12  -0.00277183  4.26765e-12  -0.00216752  4.79087e-13   0.00237682 -7.81851e-12   0.00782387 -1.28633e-11   0.00780352 -6.66335e-12 -0.000315211  8.44991e-12   -0.0105188  1.91128e-11   -0.0128337  1.38122e-11  -0.00380817 -4.26674e-12   0.00917001 -1.96252e-11    0.0149898 -1.95637e-11   0.00935062 -5.36244e-12  -0.00231855  1.09283e-11   -0.0110572  1.82585e-11    -0.012047  1.44639e-11  -0.00684916  4.96679e-12 -0.000203714 -3.47453e-12   0.00416409 -7.42147e-12   0.00531374 -7.24915e-12   0.00431716 -5.09111e-12   0.00267564 -2.81765e-12   0.00133137 -1.26501e-12  0.000539977 -4.63208e-13  0.000178117 -1.37124e-13  4.70647e-05 -3.21053e-14  9.67045e-06 -5.71573e-15   1.4667e-06 -7.21325e-16  1.48996e-07 -5.59348e-17  8.07457e-09 -1.72261e-18
-0.000340975  1.32064e-12  -0.00170504   3.7311e-12  -0.00319234   4.6894e-12  -0.00234588  6.41755e-13    0.0022858  -7.6668e-12   0.00768377 -1.25876e-11   0.00756342  -6.2707e-12 -0.000567021  8.69264e-12    -0.010539  1.88898e-11   -0.0125345  1.32791e-11  -0.00347601 -4.57888e-12   0.00923746 -1.95637e-11    0.0149268 -1.95931e-11   0.00952935 -5.87407e-12  -0.00184999  1.02411e-11   -0.0107201  1.81542e-11   -0.0123329  1.54564e-11  -0.00791218  6.97931e-12  -0.00181901 -9.34896e-13   0.00238699 -4.91937e-12   0.00372116 -5.19132e-12   0.00310965 -3.65041e-12   0.00189534 -1.95978e-12  0.000904331 -8.34891e-13  0.000344558 -2.84327e-13  0.000104613 -7.66173e-14  2.48555e-05 -1.59055e-14  4.45381e-06 -2.41943e-15   5.6213e-07 -2.44951e-16  4.34006e-08 -1.31363e-17  1.32854e-09
 2.50021e-13 -0.000500079  1.53303e-12  -0.00181741  3.85954e-12  -0.00328215  4.84363e-12  -0.00245649  7.67323e-13   0.00224239 -7.64263e-12   0.00764131 -1.23962e-11   0.00730833  -5.7545e-12 -0.000939197  9.09828e-12   -0.0106329  1.87099e-11   -0.0122336  1.27223e-11  -0.00312136 -4.93585e-12   0.00935062 -1.95931e-11    0.0149363 -1.97238e-11   0.00976513 -6.45113e-12    -0.001337  9.46786e-12   -0.0103017  1.79149e-11   -0.0125457   1.6437e-11  -0.00907755  9.34592e-12  -0.00382356   2.3483e-12  2.33776e-05 -1.53843e-12   0.00156205 -2.42558e-12   0.00151868 -1.80821e-12  0.000935628 -9.52765e-13  0.000429128 -3.83852e-13  0.000152472 -1.20333e-13  4.20696e-05 -2.90734e-14  8.82964e-06 -5.24046e-15  1.34522e-06 -6.59679e-16  1.35438e-07 -5.03735e-17  7.19258e-09 -1.50208e-18
-1.56566e-05  1.51525e-13 -0.000365605  1.30298e-12  -0.00170374  3.83361e-12  -0.00335922   5.0113e-12   -0.0025303  7.37241e-13   0.00234771 -7.81145e-12   0.00766527 -1.21814e-11   0.00697485 -5.09068e-12  -0.00140144  9.59568e-12   -0.0107655  1.85644e-11   -0.0119459  1.21636e-11  -0.00274347 -5.36244e-12   0.00952935 -1.97238e-11    0.0150075 -1.99304e-11    0.0100541  -7.1315e-12 -0.000723526  8.51161e-12  -0.00975593   1.7543e-11   -0.0127426  1.75406e-11   -0.0104293  1.20958e-11   -0.0061245  6.03602e-12  -0.00255527  2.02256e-12 -0.000622181  2.49939e-13  5.26245e-05 -1.96835e-13  0.000141374 -1.66727e-13  8.03887e-05  -7.3673e-14  2.91307e-05 -2.24041e-14  7.49877e-06  -4.8828e-15  1.37462e-06 -7.43283e-16  1.70177e-07 -7.24168e-17    1.242e-08 -3.56403e-18   3.4584e-10
-1.30862e-13  0.000179703 -2.50132e-13 -8.36111e-05   1.0148e-12  -0.00164437  3.93062e-12  -0.00347625  5.11032e-12  -0.00247887  4.82475e-13   0.00257977 -8.07262e-12   0.00768668 -1.18976e-11   0.00657569 -4.32998e-12  -0.00192608  1.01781e-11   -0.0109497  1.84709e-11   -0.0116673  1.15731e-11  -0.00231855 -5.87407e-12   0.00976513 -1.99304e-11    0.0151347 -2.02461e-11    0.0104484   -8.005e-12  3.00568e-05  7.38596e-12  -0.00914595  1.71709e-11   -0.0129895  1.87337e-11   -0.0118004  1.47356e-11  -0.00821795  9.21453e-12  -0.00465854  4.76726e-12  -0.00221049  2.08205e-12 -0.000890784  7.75297e-13 -0.000306642  2.46539e-13 -8.98896e-05  6.63757e-14 -2.21037e-05   1.4789e-14 -4.41563e-06  2.61114e-15 -6.76507e-07  3.38262e-16 -7.15719e-08  2.77211e-17 -4.13087e-09  9.44233e-19
 0.000134801 -4.62126e-13  0.000477751 -6.74779e-13  0.000119406  9.17436e-13  -0.00170069  4.09354e-12  -0.00355236  5.05931e-12  -0.00230586  7.98337e-14   0.00287519 -8.37084e-12   0.00770391 -1.15733e-11   0.00612642 -3.46746e-12  -0.00253132  1.08687e-11   -0.0111839  1.83993e-11   -0.0113714  1.09283e-11  -0.00184999 -6.45113e-12    0.0100541 -2.02461e-11    0.0153683 -2.07556e-11    0.0109813 -9.04399e-12  0.000848932  6.23745e-12  -0.00853936  1.67454e-11    -0.013086  1.94451e-11   -0.0126188  1.62461e-11  -0.00934942  1.08239e-11  -0.00565007  5.96497e-12  -0.00284815  2.75411e-12  -0.00120442   1.0653e-12 -0.000425081  3.41813e-13 -0.000123391  8.91914e-14 -2.87099e-05   1.8313e-14 -5.13363e-06  2.80141e-15 -6.56337e-07  2.89118e-16 -5.19569e-08  1.60571e-17 -1.64697e-09
-1.87945e-13  0.000327737 -8.15774e-13  0.000713633 -9.19777e-13  0.000183667  9.72621e-13   -0.0018002  4.23156e-12  -0.00357176  4.90226e-12  -0.00205865 -4.23143e-13   0.00322896  -8.7236e-12   0.00772444 -1.11918e-11   0.00560009 -2.46549e-12  -0.00322558  1.16488e-11   -0.0114449  1.83257e-11   -0.0110572  1.02411e-11    -0.001337  -7.1315e-12    0.0104484 -2.07556e-11     0.015739 -2.14224e-11    0.0115684 -1.00856e-11   0.00165654  5.01604e-12  -0.00772834  1.56729e-11   -0.0124435  1.86456e-11   -0.0121457  1.56387e-11  -0.00897041  1.03159e-11  -0.00533002  5.54894e-12  -0.00260236  2.46128e-12  -0.00104806   8.9833e-13   -0.0003456  2.66452e-13 -9.16643e-05  6.27117e-14 -1.89563e-05  1.12476e-14 -2.89929e-06  1.43215e-15 -2.97464e-07   1.1226e-16 -1.63035e-08  3.53698e-18
 9.35243e-05 -3.71239e-13  0.000484271 -1.04399e-12  0.000837298 -1.01104e-12  0.000171428  1.08929e-12  -0.00191456  4.36126e-12  -0.00356468  4.67027e-12   -0.0017362 -1.04935e-12   0.00365155 -9.11614e-12   0.00771807 -1.07021e-11   0.00497426 -1.32061e-12  -0.00399803  1.25042e-11   -0.0117332  1.82585e-11   -0.0107201  9.46786e-12 -0.000723526   -8.005e-12    0.0109813 -2.14224e-11    0.0161591 -2.20741e-11    0.0121254 -1.11712e-11   0.00265767  3.13241e-12  -0.00613499  1.29696e-11   -0.0103882  1.55077e-11  -0.00999375  1.26684e-11  -0.00712565  8.00714e-12  -0.00402907  4.07156e-12  -0.00184731  1.68442e-12  -0.00068896  5.64987e-13 -0.000207042  1.51295e-13 -4.90488e-05  3.14045e-14 -8.80991e-06  4.79759e-15 -1.11914e-06  4.89409e-16 -8.72581e-08  2.65977e-17 -2.70531e-09
-7.05658e-14  0.000150039 -4.76602e-13  0.000567932 -1.16651e-12    0.0009014 -1.03392e-12  0.000116241  1.26861e-12  -0.00206381  4.50354e-12  -0.00352447  4.32914e-12  -0.00131641 -1.80311e-12   0.00412231 -9.49928e-12   0.00765417 -1.00789e-11   0.00424252 -2.53122e-14  -0.00485948  1.34522e-11    -0.012047  1.81542e-11   -0.0103017  8.51161e-12  3.00568e-05 -9.04399e-12    0.0115684 -2.20741e-11    0.0165413 -2.27463e-11    0.0128532 -1.28804e-11   0.00441296 -3.38525e-13  -0.00316408  7.99528e-12   -0.0067189  1.01359e-11  -0.00649085  8.09829e-12  -0.00445441  4.87072e-12    -0.002375  2.31696e-12  -0.00101113  8.83506e-13 -0.000344934  2.68841e-13 -9.31802e-05  6.40379e-14 -1.93941e-05  1.15013e-14 -2.95737e-06   1.4535e-15 -3.00188e-07  1.12126e-16 -1.61714e-08   3.4546e-18
 9.35551e-06  -7.4318e-14  0.000159504 -5.19486e-13  0.000622684 -1.26162e-12  0.000941795  -9.9584e-13  1.78388e-06  1.53315e-12   -0.0022445  4.62319e-12     -0.00342   3.8498e-12 -0.000800154 -2.65785e-12   0.00461685 -9.84166e-12   0.00751438 -9.29131e-12    0.0033774  1.46041e-12  -0.00582156  1.44639e-11   -0.0123329  1.79149e-11  -0.00975593  7.38596e-12  0.000848932 -1.00856e-11    0.0121254 -2.27463e-11     0.017085 -2.40127e-11       0.0143  -1.6092e-11   0.00745238 -5.87381e-12   0.00121863  1.17701e-12  -0.00202929  3.71781e-12  -0.00257148  3.30402e-12  -0.00182542  1.97434e-12 -0.000942125   8.9211e-13 -0.000375282   3.1412e-13 -0.000116761  8.60975e-14 -2.80398e-05  1.79629e-14 -5.02508e-06  2.71809e-15 -6.28706e-07  2.70799e-16  -4.7727e-08   1.4165e-17 -1.42489e-09
 2.38361e-14 -1.99318e-05 -3.44782e-14   0.00015579 -5.68943e-13  0.000685971 -1.34589e-12   0.00094594 -8.68795e-13 -0.000178818  1.86297e-12  -0.00242872   4.6795e-12  -0.00323444   3.2272e-12 -0.000192601 -3.59993e-12   0.00512026 -1.01054e-11   0.00725911 -8.27341e-12   0.00234562  3.13976e-12  -0.00684916  1.54564e-11   -0.0125457   1.7543e-11  -0.00914595  6.23745e-12   0.00165654 -1.11712e-11    0.0128532 -2.40127e-11    0.0183342 -2.67284e-11    0.0169551 -2.11704e-11    0.0116866 -1.27979e-11   0.00620933 -5.95907e-12   0.00251193 -2.05865e-12  0.000717141 -4.53282e-13  0.000100894 -1.02804e-14  -2.4382e-05  3.99869e-14 -2.08335e-05  1.89793e-14  -7.1349e-06  5.05157e-15 -1.51331e-06  8.50727e-16 -2.00522e-07   8.3266e-17 -1.42871e-08  3.13064e-18 -2.95128e-10 -1.69675e-20
-2.77862e-05  8.35078e-14 -6.18363e-05 -5.27747e-15  0.000174825 -6.50843e-13  0.000752773 -1.39286e-12    0.0008985  -6.5108e-13 -0.000411856  2.22722e-12  -0.00259581  4.64782e-12  -0.00295346  2.44414e-12  0.000510415 -4.61104e-12   0.00559747 -1.02146e-11    0.0068365 -6.98213e-12   0.00115223  4.96679e-12  -0.00791218   1.6437e-11   -0.0127426  1.71709e-11  -0.00853936  5.01604e-12   0.00265767 -1.28804e-11       0.0143 -2.67284e-11    0.0207647 -3.12018e-11    0.0206567 -2.72803e-11    0.0161712 -1.93559e-11    0.0104857 -1.15362e-11   0.00576722 -5.87019e-12   0.00271865 -2.56408e-12   0.00109943 -9.58175e-13   0.00037851 -3.02639e-13  0.000109079 -7.90195e-14   2.5578e-05 -1.64611e-14  4.66588e-06 -2.58539e-15  6.14333e-07 -2.77259e-16  5.04316e-08   -1.613e-17  1.66596e-09
 4.08103e-14 -6.65894e-05  1.43899e-13 -8.72924e-05 -1.62762e-14  0.000219926 -7.48894e-13  0.000807464 -1.38774e-12  0.000798575 -3.51824e-13 -0.000687123  2.60559e-12  -0.00272562  4.48963e-12  -0.00255085  1.48124e-12   0.00129756 -5.63605e-12   0.00599584 -1.01006e-11   0.00622123 -5.41232e-12 -0.000203714  6.97931e-12  -0.00907755  1.75406e-11   -0.0129895  1.67454e-11  -0.00772834  3.13241e-12   0.00441296  -1.6092e-11    0.0169551 -3.12018e-11     0.024191 -3.65218e-11    0.0243831 -3.25372e-11    0.0195017 -2.35925e-11    0.0129003 -1.42932e-11   0.00717366 -7.30191e-12   0.00336607 -3.14321e-12   0.00132647 -1.13047e-12   0.00043365 -3.34195e-13  0.000115174 -7.90934e-14  2.40381e-05 -1.43692e-14  3.73389e-06 -1.86633e-15  3.91084e-07 -1.50432e-16  2.19768e-08 -4.84198e-18
  -2.192e-05  8.37207e-14 -0.000100204  1.80116e-13 -8.87503e-05 -6.23255e-14  0.000281281 -8.48817e-13  0.000843194 -1.32363e-12   0.00064247  2.91673e-14 -0.000995254  2.96404e-12  -0.00278338  4.15443e-12  -0.00200711  3.46879e-13   0.00213955 -6.61599e-12   0.00627724 -9.71708e-12   0.00537634 -3.47453e-12  -0.00181901  9.34592e-12   -0.0104293  1.87337e-11    -0.013086  1.56729e-11  -0.00613499 -3.38525e-13   0.00745238 -2.11704e-11    0.0206567 -3.65218e-11    0.0275676 -4.07483e-11    0.0266958 -3.49739e-11    0.0205679 -2.43825e-11    0.0130408 -1.41017e-11   0.00689019 -6.80858e-12   0.00303771 -2.73624e-12   0.00110985 -9.05487e-13  0.000331054 -2.41947e-13   7.8616e-05 -5.05536e-14  1.42644e-05 -7.83286e-15  1.84214e-06 -8.16874e-16  1.46808e-07 -4.57044e-17  4.67459e-09
 1.98907e-14 -4.04682e-05  1.18112e-13 -0.000121963  1.92005e-13 -7.05073e-05 -1.36231e-13  0.000354609 -9.42261e-13  0.000850282 -1.18296e-12  0.000422623  4.83463e-13  -0.00131273  3.24905e-12  -0.00273096   3.6036e-12  -0.00131422  -9.4546e-13   0.00301449 -7.50032e-12   0.00638433  -8.9262e-12   0.00416409 -9.34896e-13  -0.00382356  1.20958e-11   -0.0118004  1.94451e-11   -0.0124435  1.29696e-11  -0.00316408 -5.87381e-12    0.0116866 -2.72803e-11    0.0243831 -4.07483e-11    0.0294473 -4.19222e-11    0.0265279 -3.36073e-11    0.0191154 -2.19059e-11    0.0113151 -1.18011e-11   0.00555216 -5.27253e-12   0.00225557 -1.94299e-12  0.000751398 -5.82413e-13  0.000201449 -1.38582e-13  4.21211e-05 -2.51395e-14   6.5154e-06 -3.24164e-15   6.7637e-07 -2.58014e-16  3.75352e-08 -8.19116e-18
 -6.2254e-06  3.32667e-14 -5.51799e-05   1.4409e-13 -0.000134435  1.82348e-13   -3.249e-05 -2.37263e-13  0.000434204 -1.01011e-12  0.000811721 -9.47911e-13  0.000140524  9.83259e-13  -0.00160613  3.40296e-12  -0.00253071  2.79368e-12 -0.000455249 -2.38769e-12   0.00387778 -8.14056e-12   0.00615044 -7.42147e-12   0.00238699   2.3483e-12   -0.0061245  1.47356e-11   -0.0126188  1.86456e-11   -0.0103882  7.99528e-12   0.00121863 -1.27979e-11    0.0161712 -3.25372e-11    0.0266958 -4.19222e-11    0.0287814 -3.91487e-11    0.0237419 -2.88713e-11    0.0157727 -1.73604e-11   0.00860799 -8.60987e-12   0.00387961 -3.52249e-12   0.00143771 -1.17853e-12   0.00043234 -3.16666e-13  0.000103012 -6.62531e-14  1.86829e-05 -1.02434e-14  2.40454e-06 -1.06272e-15  1.90528e-07 -5.89936e-17  6.02071e-09
 1.37085e-15 -8.94071e-06   4.4948e-14 -6.91932e-05  1.65064e-13 -0.000136602  1.45981e-13  2.69039e-05 -3.57558e-13    0.0005061  -1.0253e-12  0.000712044 -6.11942e-13 -0.000192683  1.48833e-12  -0.00183302  3.34826e-12  -0.00212687  1.66426e-12  0.000570719 -3.87859e-12   0.00457069 -8.19213e-12   0.00531374 -4.91937e-12  2.33776e-05  6.03602e-12  -0.00821795  1.62461e-11   -0.0121457  1.55077e-11   -0.0067189  1.17701e-12   0.00620933 -1.93559e-11    0.0195017 -3.49739e-11    0.0265279 -3.91487e-11    0.0254753 -3.30031e-11    0.0191157 -2.22348e-11    0.0116266 -1.22489e-11    0.0058106 -5.55507e-12   0.00238923 -2.06681e-12  0.000801842 -6.22951e-13    0.0002158 -1.48579e-13  4.51699e-05 -2.69496e-14  6.97917e-06 -3.46738e-15  7.22451e-07 -2.74837e-16   3.9923e-08 -8.68288e-18
 1.98894e-06 -6.03647e-18 -1.25875e-05  6.02741e-14 -8.35883e-05  1.76623e-13 -0.000123261  7.89257e-14    0.0001035 -4.78951e-13  0.000552087 -9.61096e-13  0.000539547 -1.78118e-13 -0.000554247  1.92882e-12  -0.00192224  2.96926e-12  -0.00146202  2.23812e-13   0.00165819 -5.10531e-12   0.00480388 -7.24915e-12   0.00372116 -1.53843e-12  -0.00255527  9.21453e-12  -0.00934942  1.56387e-11  -0.00999375  1.01359e-11  -0.00202929 -5.95907e-12    0.0104857 -2.35925e-11    0.0205679 -3.36073e-11    0.0237419 -3.30031e-11    0.0203595 -2.50991e-11     0.013865 -1.53995e-11    0.0076925 -7.74079e-12   0.00350509 -3.19492e-12   0.00130801 -1.07472e-12  0.000394933 -2.89598e-13  9.42681e-05 -6.06422e-14  1.70979e-05 -9.36909e-15  2.19763e-06 -9.69939e-16   1.7371e-07 -5.36612e-17  5.47106e-09
-4.44084e-15  4.47075e-06  1.57074e-15 -2.01367e-05  7.91779e-14  -9.4588e-05  1.70718e-13 -9.08769e-05 -1.57193e-14  0.000187471 -5.76468e-13  0.000550868 -7.90376e-13  0.000288933  3.23395e-13 -0.000888457  2.17792e-12   -0.0017784  2.17756e-12 -0.000560187 -1.31852e-12    0.0025488 -5.61241e-12   0.00431716 -5.19132e-12   0.00156205  2.02256e-12  -0.00465854  1.08239e-11  -0.00897041  1.26684e-11  -0.00649085  3.71781e-12   0.00251193 -1.15362e-11    0.0129003 -2.43825e-11    0.0191154 -2.88713e-11    0.0191157 -2.50991e-11    0.0146935 -1.72383e-11     0.009077 -9.61718e-12   0.00458327 -4.39806e-12   0.00189724 -1.64506e-12  0.000639363 -4.97372e-13  0.000172452 -1.18795e-13  3.61227e-05 -2.15495e-14  5.57888e-06 -2.76983e-15  5.76719e-07 -2.19106e-16  3.18031e-08 -6.90497e-18
 2.95064e-06  -8.3861e-15  4.70786e-06  9.00045e-15 -3.09996e-05  9.64964e-14 -9.69986e-05  1.41156e-13 -3.93294e-05 -1.27543e-13  0.000262516 -6.15479e-13  0.000478778 -4.99607e-13 -1.79526e-05  8.00587e-13  -0.00109795  2.09003e-12  -0.00134947  1.04318e-12  0.000403556 -2.55596e-12   0.00293732 -5.09111e-12   0.00310965 -2.42558e-12 -0.000622181  4.76726e-12  -0.00565007  1.03159e-11  -0.00712565  8.09829e-12  -0.00257148 -2.05865e-12   0.00576722 -1.42932e-11    0.0130408 -2.19059e-11    0.0157727 -2.22348e-11     0.013865 -1.72383e-11   0.00958755 -1.07073e-11   0.00537247 -5.42577e-12   0.00246402 -2.25121e-12   0.00092335 -7.59734e-13  0.000279472 -2.05078e-13  6.67846e-05 -4.29697e-14  1.21148e-05 -6.63667e-15  1.55611e-06 -6.86306e-16  1.22843e-07 -3.79003e-17    3.862e-09
-3.35916e-15  5.26379e-06 -9.55068e-15  1.47851e-06  2.14108e-14 -4.23204e-05  1.05453e-13 -8.59725e-05   8.5122e-14  2.61712e-05 -2.33658e-13  0.000303471 -5.58631e-13   0.00032625 -1.24946e-13 -0.000312998  1.10892e-12  -0.00108906  1.61442e-12 -0.000706795 -1.54081e-13   0.00115319 -3.09527e-12   0.00267564 -3.65041e-12   0.00151868  2.49939e-13  -0.00221049  5.96497e-12  -0.00533002  8.00714e-12  -0.00445441  3.30402e-12  0.000717141 -5.87019e-12   0.00717366 -1.41017e-11    0.0113151 -1.73604e-11    0.0116266 -1.53995e-11     0.009077 -1.07073e-11   0.00566283  -6.0212e-12   0.00287781 -2.76795e-12   0.00119627 -1.03878e-12  0.000404182 -3.14682e-13  0.000109172 -7.52306e-14  2.28795e-05 -1.36487e-14   3.5329e-06  -1.7534e-15  3.64944e-07 -1.38546e-16  2.01008e-08 -4.35979e-18
  1.5589e-06 -5.86805e-15   6.2073e-06 -6.80936e-15 -4.88419e-06  3.57369e-14 -4.99628e-05  9.85885e-14 -5.85766e-05  8.67016e-15  9.04421e-05 -2.97933e-13  0.000285773 -3.95811e-13  0.000121251  2.33924e-13 -0.000503132  1.13385e-12 -0.000847251  8.78979e-13 -4.31427e-05 -1.04996e-12   0.00147061 -2.81765e-12   0.00189534 -1.80821e-12  5.26245e-05  2.08205e-12  -0.00284815  5.54894e-12  -0.00402907  4.87072e-12  -0.00182542 -4.53282e-13   0.00271865 -7.30191e-12   0.00689019 -1.18011e-11   0.00860799 -1.22489e-11    0.0076925 -9.61718e-12   0.00537247  -6.0212e-12   0.00302987 -3.06703e-12   0.00139545 -1.27684e-12  0.000524323 -4.31807e-13   0.00015895 -1.16693e-13   3.8013e-05 -2.44611e-14  6.89655e-06 -3.77751e-15  8.85529e-07 -3.90392e-16  6.98532e-08 -2.15357e-17  2.19372e-09
-1.34494e-15  2.73543e-06 -7.14174e-15  5.20822e-06  -2.0528e-16  -1.2867e-05  4.66715e-14 -4.89471e-05  7.14267e-14 -1.85972e-05 -6.74361e-14  0.000130727 -2.89829e-13  0.000206489 -1.70104e-13  -7.2107e-05   4.6019e-13 -0.000528876  8.81205e-13  -0.00046729  1.42182e-13  0.000431576 -1.41203e-12   0.00133137 -1.95978e-12  0.000935628 -1.96835e-13 -0.000890784  2.75411e-12  -0.00260236  4.07156e-12    -0.002375  1.97434e-12  0.000100894 -2.56408e-12   0.00336607 -6.80858e-12   0.00555216 -8.60987e-12    0.0058106 -7.74079e-12   0.00458327 -5.42577e-12   0.00287781 -3.06703e-12   0.00146863  -1.4147e-12  0.000612155 -5.32072e-13   0.00020718 -1.61392e-13   5.6013e-05 -3.86082e-14  1.17431e-05 -7.00537e-15  1.81316e-06 -8.99697e-16  1.87216e-07 -7.10426e-17  1.03043e-08 -2.23355e-18
 4.79885e-07 -2.43994e-15  3.45453e-06 -6.45917e-15  2.09164e-06  8.63938e-15 -1.93178e-05  4.77827e-14 -3.66774e-05  2.93556e-14  2.11562e-05 -1.15107e-13  0.000130906 -2.10859e-13  9.46415e-05  3.74139e-14 -0.000189831  4.95765e-13  -0.00040779  4.84537e-13 -0.000100788 -3.58908e-13  0.000612296 -1.26501e-12  0.000904331 -9.52765e-13  0.000141374  7.75297e-13  -0.00120442  2.46128e-12  -0.00184731  2.31696e-12 -0.000942125 -1.02804e-14   0.00109943 -3.14321e-12   0.00303771 -5.27253e-12   0.00387961 -5.55507e-12   0.00350509 -4.39806e-12   0.00246402 -2.76795e-12   0.00139545  -1.4147e-12  0.000644455 -5.90255e-13  0.000242572  -1.9989e-13  7.36137e-05 -5.40609e-14   1.7614e-05 -1.13357e-14  3.19603e-06 -1.75047e-15  4.10297e-07 -1.80838e-16  3.23509e-08 -9.96931e-18  1.01531e-09
-3.07335e-16  9.39268e-07 -3.22812e-15  3.26836e-06 -3.45645e-15 -2.27842e-06  1.59162e-14 -2.06469e-05  3.64301e-14 -1.67504e-05 -1.18671e-14  4.55113e-05 -1.18223e-13   9.4964e-05 -9.91746e-14 -4.68988e-06  1.58205e-13  -0.00020878  3.76836e-13 -0.000221022  1.18701e-13  0.000135019 -5.36562e-13  0.000539977 -8.34891e-13  0.000429128 -1.66727e-13 -0.000306642   1.0653e-12  -0.00104806  1.68442e-12  -0.00101113   8.9211e-13  -2.4382e-05 -9.58175e-13   0.00132647 -2.73624e-12   0.00225557 -3.52249e-12   0.00238923 -3.19492e-12   0.00189724 -2.25121e-12   0.00119627 -1.27684e-12  0.000612155 -5.90255e-13  0.000255612 -2.22311e-13  8.66066e-05 -6.74906e-14  2.34297e-05 -1.61521e-14  4.91332e-06 -2.93108e-15  7.58608e-07  -3.7638e-16    7.831e-08 -2.97084e-17  4.30832e-09 -9.33479e-19
 7.13001e-08 -7.00664e-16  1.31886e-06 -3.14799e-15  1.94797e-06  8.60105e-16 -5.84214e-06  1.77491e-14 -1.58297e-05  1.74153e-14   2.2561e-06 -3.61969e-14  4.77447e-05 -8.48112e-14  4.48021e-05 -4.15435e-15 -5.95054e-05  1.76768e-13 -0.000155478  1.99529e-13 -5.73749e-05 -1.02914e-13  0.000212034 -4.63208e-13  0.000344558 -3.83852e-13  8.03887e-05  2.46539e-13 -0.000425081   8.9833e-13  -0.00068896  8.83506e-13 -0.000375282  3.99869e-14   0.00037851 -1.13047e-12   0.00110985 -1.94299e-12   0.00143771 -2.06681e-12   0.00130801 -1.64506e-12   0.00092335 -1.03878e-12  0.000524323 -5.32072e-13  0.000242572 -2.22311e-13  9.14076e-05 -7.53531e-14  2.77587e-05 -2.03898e-14  6.64436e-06 -4.27636e-15  1.20573e-06 -6.60353e-16  1.54772e-07 -6.82066e-17  1.22003e-08 -3.75867e-18  3.82748e-10
-1.49482e-17  2.25836e-07 -1.06182e-15  1.31299e-06 -1.96345e-15  4.42809e-08  4.27966e-15  -6.7923e-06  1.35528e-14 -7.67384e-06   -4.399e-17  1.29343e-05 -3.85919e-14  3.36125e-05 -3.95117e-14  4.22911e-06  4.51837e-14 -6.71357e-05  1.28166e-13    -7.98e-05  5.28117e-14   3.5515e-05 -1.68837e-13  0.000178117 -2.84327e-13  0.000152472  -7.3673e-14 -8.98896e-05  3.41813e-13   -0.0003456  5.64987e-13 -0.000344934   3.1412e-13 -2.08335e-05 -3.02639e-13   0.00043365 -9.05487e-13  0.000751398 -1.17853e-12  0.000801842 -1.07472e-12  0.000639363 -7.59734e-13  0.000404182 -4.31807e-13   0.00020718  -1.9989e-13  8.66066e-05 -7.53531e-14  2.93648e-05 -2.28887e-14   7.9473e-06 -5.47939e-15  1.66689e-06  -9.9442e-16  2.57368e-07 -1.27685e-16  2.65643e-08 -1.00763e-17  1.46112e-09 -3.16496e-19
