  0.00139454 -8.03338e-19  -0.00568807  5.66509e-18   0.00455486 -6.28654e-18   0.00078319 -8.86425e-20 -0.000552103  8.66159e-19 -0.000288872  1.09984e-18 -5.78487e-05  3.78784e-20 -3.47281e-06 -1.68336e-19  7.20505e-07 -1.81185e-20  1.47038e-07  3.53069e-21  6.97947e-09
-8.03338e-19   0.00968786 -4.61278e-18    -0.020058   2.0345e-17   0.00768115 -1.44554e-17   0.00451194 -3.75546e-18  0.000109812  2.64205e-18 -0.000471834  2.60821e-18 -0.000173511  1.88004e-19 -3.04819e-05 -1.71427e-19  -2.7768e-06 -1.01627e-20  -1.0386e-07  2.54373e-21
 -0.00568807 -4.61278e-18    0.0311036 -1.40887e-17   -0.0392735  4.24896e-17   0.00289371  -2.0215e-17   0.00857617 -9.06159e-18   0.00247673  4.78382e-18  5.04467e-05  3.96906e-18 -0.000134294  5.49245e-19 -3.57076e-05 -3.21515e-20 -3.99375e-06  5.92171e-21 -1.50162e-07
 5.66509e-18    -0.020058 -1.40887e-17    0.0620632 -2.75665e-17   -0.0506583  6.01109e-17   -0.0110571  -2.0571e-17   0.00792496 -1.06984e-17   0.00460433   7.0419e-18   0.00101419  4.89798e-18  8.64765e-05  9.89378e-19 -4.31054e-06  1.05233e-19 -1.13762e-06  9.52632e-21
  0.00455486   2.0345e-17   -0.0392735 -2.75665e-17    0.0882012 -3.72468e-17   -0.0458613  6.09309e-17   -0.0268678 -1.61722e-17  0.000999453  -5.4309e-18   0.00403136  9.68238e-18   0.00139384  5.44293e-18   0.00023204  1.20516e-18  1.90722e-05  1.28922e-19  5.23424e-07
-6.28654e-18   0.00768115  4.24896e-17   -0.0506583 -3.72468e-17    0.0986283 -3.66035e-17   -0.0283585    4.462e-17   -0.0359156 -8.35275e-18  -0.00832461  4.89657e-18  0.000836482  1.22571e-17  0.000800014  5.35369e-18  0.000165167   1.0192e-18  1.35991e-05  6.69285e-20
  0.00078319 -1.44554e-17   0.00289371  6.01109e-17   -0.0458613 -3.66035e-17    0.0957457 -2.93291e-17  -0.00672256  2.16643e-17   -0.0345098  1.54729e-18   -0.0143617  1.50561e-17  -0.00243516  1.31428e-17 -7.08391e-05  4.30566e-18  2.99356e-05  5.80297e-19  2.43191e-06
-8.86425e-20   0.00451194  -2.0215e-17   -0.0110571  6.09309e-17   -0.0283585 -2.93291e-17    0.0892576 -2.62616e-17    0.0139284  2.49195e-18   -0.0238584  1.05121e-17   -0.0139885  1.99954e-17   -0.0035211  1.11627e-17 -0.000451229  2.61803e-18 -2.51393e-05  1.95433e-19
-0.000552103 -3.75546e-18   0.00857617  -2.0571e-17   -0.0268678    4.462e-17  -0.00672256 -2.62616e-17    0.0861516 -3.29593e-17    0.0323666 -8.87931e-18  -0.00812275  1.48023e-17  -0.00844355   1.8097e-17  -0.00244227  7.19424e-18 -0.000322602  1.11078e-18 -1.44324e-05
 8.66159e-19  0.000109812 -9.06159e-18   0.00792496 -1.61722e-17   -0.0359156  2.16643e-17    0.0139284 -3.29593e-17    0.0873115 -4.37813e-17     0.047099 -1.32888e-17   0.00678993  1.32367e-17  -0.00189166  1.19677e-17  -0.00082652  3.38066e-18 -9.84794e-05  2.82592e-19
-0.000288872  2.64205e-18   0.00247673 -1.06984e-17  0.000999453 -8.35275e-18   -0.0345098  2.49195e-18    0.0323666 -4.37813e-17    0.0889337 -4.87423e-17    0.0545245 -1.30497e-17    0.0154218  8.27958e-18   0.00203222   5.7895e-18  6.94134e-05  1.08779e-18 -4.40693e-06
 1.09984e-18 -0.000471834  4.78382e-18   0.00460433  -5.4309e-18  -0.00832461  1.54729e-18   -0.0238584 -8.87931e-18     0.047099 -4.87423e-17    0.0852512 -4.34141e-17    0.0515583 -1.03343e-17    0.0159754  3.54578e-18   0.00265803  1.98005e-18  0.000202838  2.06277e-19
-5.78487e-05  2.60821e-18  5.04467e-05   7.0419e-18   0.00403136  4.89657e-18   -0.0143617  1.05121e-17  -0.00812275 -1.32888e-17    0.0545245 -4.34141e-17    0.0724442 -3.11775e-17    0.0394737 -6.82458e-18    0.0112284  8.97563e-19   0.00162247  4.41505e-19  8.18299e-05
 3.78784e-20 -0.000173511  3.96906e-18   0.00101419  9.68238e-18  0.000836482  1.50561e-17   -0.0139885  1.48023e-17   0.00678993 -1.30497e-17    0.0515583 -3.11775e-17    0.0521243  -1.8259e-17    0.0240532  -3.6977e-18   0.00567991  3.58117e-20  0.000598105  5.21927e-20
-3.47281e-06  1.88004e-19 -0.000134294  4.89798e-18   0.00139384  1.22571e-17  -0.00243516  1.99954e-17  -0.00844355  1.32367e-17    0.0154218 -1.03343e-17    0.0394737  -1.8259e-17    0.0306587 -8.72837e-18    0.0114125 -1.57959e-18   0.00205222 -6.00607e-20  0.000124011
-1.68336e-19 -3.04819e-05  5.49245e-19  8.64765e-05  5.44293e-18  0.000800014  1.31428e-17   -0.0035211   1.8097e-17  -0.00189166  8.27958e-18    0.0159754 -6.82458e-18    0.0240532 -8.72837e-18    0.0142987 -3.35371e-18   0.00409416 -5.03094e-19  0.000502494 -1.89525e-20
 7.20505e-07 -1.71427e-19 -3.57076e-05  9.89378e-19   0.00023204  5.35369e-18 -7.08391e-05  1.11627e-17  -0.00244227  1.19677e-17   0.00203222  3.54578e-18    0.0112284  -3.6977e-18    0.0114125 -3.35371e-18    0.0051195 -1.00032e-18   0.00106267 -1.10049e-19  7.19427e-05
-1.81185e-20  -2.7768e-06 -3.21515e-20 -4.31054e-06  1.20516e-18  0.000165167  4.30566e-18 -0.000451229  7.19424e-18  -0.00082652   5.7895e-18   0.00265803  8.97563e-19   0.00567991 -1.57959e-18   0.00409416 -1.00032e-18   0.00134974 -2.18481e-19  0.000184881   -1.397e-20
 1.47038e-07 -1.01627e-20 -3.99375e-06  1.05233e-19  1.90722e-05   1.0192e-18  2.99356e-05  2.61803e-18 -0.000322602  3.38066e-18  6.94134e-05  1.98005e-18   0.00162247  3.58117e-20   0.00205222 -5.03094e-19   0.00106267 -2.18481e-19   0.00024591 -3.16807e-20  1.81367e-05
 3.53069e-21  -1.0386e-07  5.92171e-21 -1.13762e-06  1.28922e-19  1.35991e-05  5.80297e-19 -2.51393e-05  1.11078e-18 -9.84794e-05  1.08779e-18  0.000202838  4.41505e-19  0.000598105 -6.00607e-20  0.000502494 -1.10049e-19  0.000184881 -3.16807e-20  2.75761e-05 -2.47712e-21
 6.97947e-09  2.54373e-21 -1.50162e-07  9.52632e-21  5.23424e-07  6.69285e-20  2.43191e-06  1.95433e-19 -1.44324e-05  2.82592e-19 -4.40693e-06  2.06277e-19  8.18299e-05  5.21927e-20  0.000124011 -1.89525e-20  7.19427e-05   -1.397e-20  1.81367e-05 -2.47712e-21  1.43122e-06
