 1.01428e-29  1.34675e-45 -7.19985e-28 -1.71033e-43  2.00517e-26  6.35592e-42 -3.38746e-25 -1.31516e-40  4.00838e-24  1.83022e-39 -3.57164e-23 -1.87345e-38  2.50167e-22  1.48431e-37 -1.41616e-21 -9.39378e-37  6.60137e-21  4.84395e-36 -2.56629e-20 -2.05835e-35  8.38925e-20  7.23217e-35 -2.31709e-19  -2.0866e-34   5.4152e-19  4.81422e-34 -1.06891e-18 -8.17844e-34  1.77169e-18  6.81228e-34 -2.43784e-18  1.49554e-33  2.72825e-18 -8.83329e-33 -2.38902e-18   2.5876e-32  1.50173e-18 -5.72283e-32 -5.02891e-19  1.05091e-31 -1.30347e-19 -1.66753e-31  2.53806e-19   2.3325e-31 -9.89808e-20 -2.89719e-31 -3.24651e-20  3.17831e-31  4.12811e-20 -3.01571e-31 -3.15257e-21  2.36754e-31 -1.03611e-20 -1.39256e-31  2.51529e-21  4.21362e-32  2.24735e-21   2.2253e-32 -7.07921e-22 -4.30179e-32 -4.83758e-22   3.4694e-32  1.31164e-22 -2.04434e-32  1.03171e-22  1.30933e-32 -1.35495e-23 -1.23902e-32 -1.95001e-23  1.44806e-32 -8.78191e-25 -1.76051e-32  2.76555e-24  2.01403e-32   6.7128e-25 -1.95315e-32 -2.12951e-25  1.51403e-32 -1.28589e-25 -9.34768e-33  -7.3718e-27  4.81535e-33  1.10824e-26 -2.24039e-33  3.47385e-27  9.75933e-34 -3.02876e-29 -3.80019e-34 -2.67728e-28  1.36556e-34 -6.65038e-29 -5.87302e-35 -8.23639e-31  3.10012e-35  3.31335e-30 -1.48202e-35  8.38837e-31  6.04356e-36  6.18816e-32 -2.38605e-36 -1.53586e-32  9.18946e-37 -5.09341e-33 -3.07782e-37 -6.35378e-34  8.54993e-38 -1.33151e-35 -1.93539e-38  8.39001e-36  3.16341e-39   1.4798e-36 -2.52196e-40  1.19018e-37 -1.51617e-41  3.03435e-39  3.78149e-42 -3.48354e-40  2.73545e-43  -3.9604e-41 -1.19834e-43 -1.95564e-42   1.6209e-44 -3.29736e-44 -1.18732e-45 -5.62358e-47  2.09221e-47
 1.34675e-45  1.03064e-27  1.01087e-43 -4.16262e-26 -8.93951e-42  8.84288e-25  2.67074e-40 -1.24226e-23 -4.71038e-39  1.27433e-22  5.76667e-38 -1.00853e-21 -5.29506e-37  6.37285e-21  3.81206e-36 -3.28919e-20 -2.21159e-35  1.40822e-19   1.0516e-34 -5.05348e-19 -4.13469e-34  1.52992e-18  1.34512e-33 -3.92005e-18 -3.58032e-33  8.50062e-18  7.51746e-33 -1.55458e-17 -1.10381e-32  2.37835e-17  4.58316e-33 -2.99922e-17  3.56278e-32  3.03491e-17 -1.51575e-31 -2.33605e-17  3.97133e-31  1.19294e-17 -8.17307e-31 -1.82944e-18  1.41897e-30 -2.76382e-18 -2.14759e-30  2.30287e-18  2.88139e-30  -3.0995e-19 -3.44514e-30 -5.67072e-19  3.64654e-30   2.8399e-19  -3.3472e-30  8.10037e-20  2.56046e-30 -9.14017e-20 -1.50979e-30 -7.48635e-21  5.54332e-31  2.25024e-20   1.8526e-32  8.58592e-22 -1.74833e-31 -4.82122e-21   1.1105e-31 -4.00045e-22 -4.85726e-32  8.86594e-22  6.60614e-32  1.72904e-22 -1.19709e-31 -1.24259e-22  1.60544e-31 -4.78149e-23 -1.82242e-31  9.16691e-24  1.86727e-31   8.3685e-24 -1.64944e-31  6.99778e-25  1.18576e-31  -8.0344e-25 -6.83988e-32 -2.69311e-25  3.30161e-32   1.0485e-26 -1.44958e-32  2.63836e-26  6.01134e-33  5.94477e-27 -2.23656e-33 -3.61427e-28  7.87416e-34  -4.7293e-28 -3.48674e-34 -9.83678e-29  1.83212e-34 -4.75708e-31 -8.28376e-35  4.19486e-30  3.18673e-35  9.80162e-31 -1.22182e-35  7.82733e-32  4.59794e-36 -1.07315e-32 -1.47962e-36 -3.87526e-33  3.88144e-37 -4.94211e-34 -8.09245e-38 -2.24413e-35   1.1603e-38  2.54964e-36 -6.20779e-40  5.38382e-37 -1.13938e-40  4.36316e-38  1.87824e-41  1.63675e-39  5.27497e-43 -2.35825e-42 -3.01366e-43 -3.30047e-42  3.36195e-44 -9.98804e-44 -1.84925e-45 -8.55331e-46
-7.19985e-28  1.01087e-43  5.16185e-26  4.31421e-42 -1.45257e-24 -2.91057e-40  2.48065e-23  7.23622e-39  -2.9688e-22 -1.10768e-37   2.6769e-21  1.20618e-36 -1.89845e-20 -1.00076e-35  1.08883e-19  6.58004e-35 -5.14599e-19 -3.51208e-34  2.02985e-18  1.54378e-33 -6.73901e-18 -5.62488e-33  1.89224e-17  1.69502e-32 -4.50136e-17 -4.15594e-32  9.05775e-17  7.88663e-32 -1.53342e-16 -9.64869e-32  2.16089e-16 -1.61211e-32 -2.48658e-16  4.97993e-31  2.25464e-16 -1.72276e-30 -1.49122e-16  4.10502e-30  5.62657e-17 -7.90184e-30   7.6931e-18  1.29908e-29 -2.43146e-17 -1.87453e-29  1.14118e-17   2.4069e-29  2.16393e-18 -2.75812e-29 -4.25925e-18  2.79689e-29   7.0662e-19 -2.45568e-29  9.93811e-19  1.79402e-29 -3.59229e-19 -1.01397e-29 -2.03589e-19  3.74985e-30  9.78757e-20 -3.94609e-31  4.35112e-20 -2.41796e-31 -1.95661e-20  -1.8522e-31 -9.85084e-21  2.64919e-31  2.70827e-21  2.36103e-31  2.06791e-21  -8.1633e-31 -1.28063e-22  1.12733e-30 -3.38768e-22 -1.20316e-30 -4.81519e-23  1.13931e-30  3.43921e-23 -9.36766e-31  1.36551e-23  6.31347e-31 -5.98129e-25 -3.41693e-31 -1.54612e-24  1.54651e-31 -3.34657e-25 -6.40864e-32  4.51681e-26  2.53248e-32  3.71985e-26 -9.01245e-33   6.4626e-27  3.13013e-33 -6.27551e-28 -1.43393e-33 -5.05457e-28  7.42487e-34 -9.30745e-29 -3.14454e-34 -1.02017e-30  1.13736e-34  3.07446e-30 -4.25708e-35  6.88219e-31  1.57181e-35  6.04639e-32 -4.86841e-36 -3.12278e-33  1.20472e-36 -1.57314e-33 -2.29345e-37 -2.04283e-34  2.82305e-38 -1.20882e-35 -7.17882e-40  1.34527e-37  -4.1012e-40  8.19843e-38  5.47928e-41  6.38794e-39  4.22187e-43  2.33663e-40 -4.73349e-43  2.84624e-42  4.17183e-44 -9.98153e-45 -1.45239e-45
-1.71033e-43 -4.16262e-26  4.31421e-42  1.69874e-24  1.28246e-40 -3.64802e-23 -6.95837e-39  5.18311e-22  1.47518e-37 -5.38026e-21 -1.98735e-36  4.31123e-20  1.94206e-35 -2.75996e-19 -1.46485e-34  1.44414e-18  8.83411e-34 -6.27296e-18 -4.35123e-33  2.28582e-17  1.77173e-32 -7.03386e-17 -5.98878e-32  1.83393e-16  1.67139e-31 -4.05235e-16 -3.76494e-31  7.56451e-16   6.3888e-31 -1.18398e-15 -6.06366e-31  1.53242e-15 -6.92479e-31 -1.59976e-15  5.10146e-30  1.28303e-15 -1.51564e-29 -7.01802e-16  3.32074e-29  1.48436e-16 -6.00281e-29  1.33904e-16  9.36004e-29 -1.34709e-16  -1.2878e-28  2.85668e-17  1.58034e-28  2.90051e-17  -1.7306e-28 -1.87955e-17  1.67321e-28 -2.88845e-18 -1.39451e-28  5.67833e-18  9.60285e-29 -1.24345e-19 -5.06338e-29 -1.37144e-18  1.74314e-29  9.22057e-20  -2.7212e-30  2.99846e-19  1.71748e-30   -7.088e-21 -4.12659e-30 -5.88728e-20  3.16546e-30  -5.1151e-21  8.81354e-31  9.37964e-21 -4.53987e-30  2.34641e-21  6.07932e-30 -9.64504e-22 -6.09564e-30 -5.20954e-22  5.39983e-30  9.25233e-24 -4.17385e-30  6.35901e-23  2.65048e-30  1.43991e-23 -1.34724e-30 -2.69279e-24  5.70979e-31 -1.98074e-24 -2.23208e-31 -2.90939e-25  8.41788e-32   6.9859e-26 -2.87077e-32   3.6928e-26  9.91935e-33  5.27377e-27 -4.71262e-33 -5.86046e-28  2.37566e-33  -3.7629e-28 -9.32228e-34 -6.41995e-29  3.16142e-34 -1.67952e-30 -1.16438e-34  1.44975e-30  4.23789e-35  3.22532e-31 -1.26595e-35  3.05577e-32  2.95197e-36  7.88759e-35 -5.07956e-37 -3.58272e-34  5.21872e-38 -4.80172e-35  2.82933e-40 -3.03309e-36 -9.94872e-40 -6.44995e-38  1.14314e-40  4.14221e-39 -4.33765e-43  3.51801e-40 -5.15216e-43  8.83394e-42  3.34215e-44  6.57649e-44
 2.00517e-26 -8.93951e-42 -1.45257e-24  1.28246e-40  4.13208e-23  2.90942e-39 -7.13689e-22 -1.31423e-37   8.6429e-21  2.41921e-36 -7.89022e-20 -2.90017e-35  5.66887e-19  2.56204e-34 -3.29599e-18 -1.76582e-33  1.58028e-17  9.80335e-33  -6.3289e-17 -4.46741e-32  2.13529e-16  1.68782e-31 -6.09958e-16 -5.29637e-31  1.47801e-15  1.36792e-30 -3.03416e-15 -2.81948e-30  5.25078e-15   4.2074e-30 -7.58417e-15 -2.60894e-30  8.98115e-15 -8.90263e-30 -8.43787e-15  4.19041e-29  5.86987e-15  -1.1022e-28  -2.4656e-15  2.23819e-28  -8.2658e-17  -3.8123e-28  9.08849e-16  5.64686e-28 -5.10174e-16 -7.41033e-28 -3.71871e-17  8.68313e-28  1.70571e-16 -9.06609e-28  -4.4769e-17  8.32513e-28 -3.61084e-17 -6.54597e-28  1.86829e-17  4.20413e-28    6.697e-18 -2.02266e-28  -4.9851e-18  6.11294e-29 -1.38385e-18 -1.13027e-29   1.0481e-18  1.71612e-29  3.38093e-19 -2.79641e-29 -1.69266e-19  1.81794e-29 -8.09714e-20  4.30278e-30   1.6299e-20 -2.15353e-29  1.54535e-20  2.71172e-29   6.1767e-22 -2.55277e-29  -1.9494e-21  2.12856e-29  -5.1576e-22 -1.55495e-29  1.00538e-22  9.32459e-30  7.87005e-23  -4.4475e-30  1.02828e-23  1.76002e-30 -4.16974e-24 -6.48517e-31 -1.87933e-24  2.33984e-31 -1.92783e-25 -7.66887e-32   6.7933e-26  2.66315e-32   2.7665e-26 -1.31136e-32  3.47441e-27  6.34474e-33 -3.43126e-28 -2.27695e-33 -2.03667e-28   7.2254e-34 -3.32914e-29 -2.64948e-34 -1.47496e-30  9.55452e-35  4.35238e-31 -2.75906e-35  1.01497e-31  6.05631e-36  1.00153e-32 -9.31013e-37  3.26543e-34  7.68523e-38 -4.00291e-35  3.12879e-39 -6.05079e-36 -1.81735e-39 -3.66667e-37  1.84121e-40 -1.02071e-38 -2.03009e-42 -2.48153e-41 -3.84049e-43  3.45889e-42  1.56189e-44
 6.35592e-42  8.84288e-25 -2.91057e-40 -3.64802e-23  2.90942e-39  7.92313e-22   5.3106e-38  -1.1391e-20 -2.04647e-36  1.19714e-19  3.31695e-35 -9.71779e-19 -3.57018e-34   6.3063e-18   2.8687e-33 -3.34731e-17 -1.81454e-32  1.47608e-16  9.30267e-32 -5.46532e-16 -3.93065e-31  1.71057e-15   1.3797e-30 -4.54165e-15 -4.02037e-30  1.02338e-14  9.59513e-30 -1.95151e-14 -1.79882e-29  3.12749e-14  2.29697e-29 -4.15818e-14 -4.29455e-30  4.48192e-14 -7.95472e-29 -3.74681e-14  2.89496e-28  2.19003e-14 -6.87174e-28 -5.85725e-15  1.30126e-27 -3.26604e-15 -2.09458e-27  4.13778e-15  2.95165e-27 -1.20931e-15 -3.69587e-27  -7.4729e-16  4.13186e-27  6.42569e-16  -4.1047e-27  2.44459e-17  3.56713e-27 -1.81868e-16 -2.63114e-27  2.34842e-17  1.56016e-27    4.266e-17  -6.6932e-28 -7.92041e-18  1.66259e-28 -9.44294e-18 -3.98453e-29  1.36391e-18  9.82293e-29  1.97019e-18  -1.3544e-28 -5.11426e-20  7.67822e-29 -3.51373e-19  2.28863e-29 -4.74728e-20 -8.88897e-29  4.48799e-20  1.03892e-28  1.57301e-20 -9.18736e-29 -2.45086e-21  7.23946e-29 -2.46136e-21 -5.01446e-29 -3.23113e-22  2.84185e-29  1.68163e-22 -1.26905e-29  7.25543e-23  4.66928e-30  4.73719e-24 -1.62015e-30 -4.19855e-24  5.61378e-31 -1.39698e-24 -1.77575e-31 -1.05621e-25  6.27254e-32  4.67664e-26 -3.18749e-32  1.61094e-26  1.45532e-32  1.89673e-27 -4.69596e-33 -1.24042e-28  1.39342e-33 -8.03603e-29 -5.17543e-34 -1.28632e-29  1.85913e-34 -7.73595e-31 -5.20353e-35  7.33893e-32  1.07408e-35  2.05896e-32 -1.45561e-36  2.04876e-33  9.14312e-38  9.34052e-35  7.66245e-39 -7.76289e-37 -2.62158e-39 -3.45385e-37  2.36992e-40 -1.82208e-38 -3.70843e-42 -3.75861e-40 -1.72674e-43 -2.05298e-42
-3.38746e-25  2.67074e-40  2.48065e-23 -6.95837e-39 -7.13689e-22   5.3106e-38  1.24732e-20  8.07386e-37  -1.5293e-19 -2.70285e-35   1.4143e-18  3.90027e-34    -1.03e-17 -3.79708e-33  6.07457e-17  2.78947e-32 -2.95653e-16 -1.62533e-31  1.20298e-15  7.71549e-31 -4.12751e-15 -3.02822e-30  1.20035e-14  9.88509e-30 -2.96504e-14 -2.67434e-29  6.21476e-14   5.8843e-29 -1.10032e-13  -9.9458e-29   1.6304e-13  1.03531e-28 -1.98858e-13  4.81878e-29  1.93718e-13 -5.69139e-28 -1.41705e-13  1.73212e-27  6.56496e-14 -3.75944e-27 -3.70267e-15  6.67162e-27 -2.03923e-14  -1.0175e-26  1.37264e-14    1.366e-26  -4.2771e-16 -1.63251e-26 -4.08104e-15  1.73978e-26  1.52154e-15 -1.64089e-26  7.49795e-16  1.34456e-26  -5.6264e-16 -9.24834e-27 -1.13634e-16  5.00711e-27  1.47373e-16 -1.86154e-27  2.08968e-17  3.43697e-28 -3.21358e-17 -1.47584e-28 -5.85903e-18  4.46506e-28  5.76296e-18 -5.37369e-28  1.73727e-18  2.64059e-28 -7.35145e-19  1.09497e-28 -4.01201e-19 -3.23461e-28  3.28119e-20  3.49698e-28  6.20176e-20 -2.90943e-28  9.69656e-21  2.17323e-28  -4.9575e-21 -1.43049e-28 -2.25415e-21  7.66055e-29 -8.55337e-23 -3.19169e-29   1.7739e-22  1.08537e-29  5.27584e-23 -3.54336e-30  9.63678e-25  1.18612e-30 -3.11464e-24 -3.64302e-31 -8.39634e-25  1.32733e-31 -5.24674e-26 -6.90072e-32  2.36205e-26  2.91248e-32  7.33431e-27 -8.24663e-33  8.47955e-28  2.29231e-33 -2.07183e-29 -8.84892e-34 -2.25175e-29  3.18331e-34 -3.58519e-30 -8.66265e-35 -2.53425e-31  1.67927e-35  3.09215e-33 -1.97639e-36  2.45381e-33  8.67488e-38  2.41494e-34  1.24025e-38  1.14034e-35 -3.04152e-39  1.88725e-37  2.46793e-40 -5.31973e-39 -4.46826e-42 -2.20387e-40  -2.4758e-44
-1.31516e-40 -1.24226e-23  7.23622e-39  5.18311e-22 -1.31423e-37  -1.1391e-20  8.07386e-37  1.65801e-19   1.0477e-35 -1.76515e-18 -3.08984e-34   1.4524e-17  4.00542e-33 -9.56009e-17 -3.54885e-32  5.15076e-16  2.39418e-31 -2.30743e-15 -1.28917e-30  8.68705e-15  5.67959e-30  -2.7675e-14 -2.07379e-29  7.48823e-14  6.29951e-29 -1.72206e-13 -1.58132e-28  3.35746e-13  3.19674e-28  -5.5142e-13  -4.8079e-28  7.53787e-13   3.6928e-28 -8.39559e-13  6.23779e-28  7.31904e-13 -3.45137e-27 -4.56242e-13  9.15435e-27  1.46854e-13 -1.83419e-26  4.83797e-14  3.06307e-26 -8.37874e-14 -4.43653e-26  3.16979e-14  5.68122e-26  1.17474e-14 -6.48135e-26 -1.43019e-14   6.5773e-26  1.01627e-15 -5.87505e-26  3.75721e-15  4.52046e-26 -9.36111e-16 -2.87976e-26  -8.4119e-16  1.40438e-26   2.8092e-16  -4.3427e-27  1.86379e-16  4.85587e-28 -5.59416e-17 -6.10633e-28 -4.13128e-17  1.74017e-27  6.65283e-18 -1.83777e-27  8.23359e-18  7.70171e-28  1.61482e-19  4.49128e-28 -1.25285e-18 -1.04879e-27 -2.71684e-19  1.05006e-27  1.09065e-19 -8.23635e-28  5.85006e-20  5.84746e-28  1.73444e-21 -3.66382e-28 -5.61526e-21  1.85246e-28 -1.59489e-21 -7.16643e-29  6.52148e-23  2.23392e-29  1.38879e-22 -6.85887e-30  3.14348e-23  2.23847e-30 -4.02059e-25 -6.73339e-31 -1.78039e-24  2.57043e-31 -4.13762e-25 -1.34868e-31 -2.49637e-26  5.12548e-32  8.72335e-27 -1.22448e-32  2.57784e-27  3.21224e-33  2.99147e-28 -1.34141e-33  3.51455e-30  4.85726e-34 -4.21525e-30 -1.28996e-34 -6.83821e-31  2.34379e-35 -5.13314e-32 -2.35522e-36 -1.15115e-33  6.15669e-38   1.3737e-34  1.51716e-38  1.42076e-35 -2.82993e-39  5.66303e-37  2.06914e-40  9.11459e-39 -3.74557e-42  2.08289e-41
 4.00838e-24 -4.71038e-39  -2.9688e-22  1.47518e-37   8.6429e-21 -2.04647e-36  -1.5293e-19   1.0477e-35  1.89941e-18  1.18169e-34 -1.78048e-17 -3.10448e-33   1.3152e-16  3.64221e-32 -7.87293e-16  -2.9523e-31  3.89235e-15  1.83603e-30  -1.6102e-14  -9.1619e-30  5.62246e-14  3.75349e-29 -1.66595e-13 -1.27655e-28  4.19834e-13  3.60966e-28 -8.99236e-13 -8.39735e-28  1.63028e-12   1.5521e-27 -2.48042e-12 -2.03525e-27  3.11879e-12  8.72462e-28 -3.15248e-12  4.66457e-27  2.42445e-12   -1.829e-26 -1.22985e-12  4.33453e-26  1.68502e-13 -8.07601e-26  3.14532e-13  1.27365e-25  -2.5722e-13 -1.75559e-25  3.30929e-14  2.14665e-25  6.68221e-14 -2.33762e-25 -3.39781e-14  2.25582e-25 -9.70765e-15 -1.90277e-25  1.14692e-14  1.36801e-25  7.88493e-16 -8.00363e-26 -2.93998e-15  3.45248e-26 -4.85114e-17 -8.29211e-27  6.58254e-16   2.7579e-28  3.65949e-17  -2.5605e-27 -1.28109e-16  5.98316e-27 -2.09159e-17 -5.55549e-27  1.94864e-17   1.9395e-27  6.62192e-18  1.58886e-27 -1.72012e-18 -3.05789e-27 -1.28585e-18   2.8445e-27 -6.16168e-20 -2.10827e-27  1.39235e-19  1.42602e-27  4.08347e-20 -8.51634e-28 -3.59183e-21  4.05965e-28 -4.61939e-21 -1.44885e-28 -9.06149e-22  4.09188e-29  1.02699e-22 -1.18226e-29  8.55404e-23  3.81547e-30  1.57714e-23 -1.13769e-30 -4.22523e-25  4.62682e-31 -7.94713e-25 -2.40382e-31 -1.66801e-25  7.94098e-32 -1.09075e-26 -1.48631e-32  2.26212e-27  3.76339e-33  6.78928e-28 -1.81809e-33  7.91689e-29  6.65933e-34   2.9428e-30 -1.73405e-34 -4.59982e-31  2.94298e-35  -8.2306e-32 -2.47527e-36 -6.06386e-33  2.42339e-38 -2.03593e-34  1.45191e-38  9.69245e-37 -2.05114e-39  3.00618e-37  1.36272e-40  7.29754e-39 -1.97818e-42
 1.83022e-39  1.27433e-22 -1.10768e-37 -5.38026e-21  2.41921e-36  1.19714e-19 -2.70285e-35 -1.76515e-18  1.18169e-34  1.90478e-17  1.17484e-33 -1.58964e-16 -2.77442e-32  1.06201e-15  2.96425e-31 -5.81193e-15 -2.20808e-30  2.64684e-14  1.27005e-29 -1.01399e-13 -5.88757e-29  3.29062e-13  2.24682e-28 -9.08113e-13 -7.12426e-28  2.13318e-12   1.8752e-27 -4.25604e-12 -4.03541e-27  7.17004e-12   6.7725e-27 -1.00868e-11 -7.48638e-27   1.1619e-11 -2.90935e-28 -1.05679e-11  2.73611e-26  7.01415e-12 -8.63355e-26 -2.63304e-12  1.85844e-25 -4.27062e-13 -3.23859e-25  1.23183e-12  4.83824e-25 -5.84634e-13 -6.35857e-25 -1.12479e-13  7.43018e-25  2.28793e-13 -7.72069e-25 -4.15009e-14  7.07257e-25 -5.47141e-14 -5.61365e-25  2.17317e-14  3.74816e-25  1.13136e-14 -1.99165e-25 -6.21526e-15  7.39928e-26 -2.45638e-15 -1.19981e-26    1.329e-15 -3.36071e-28  5.82687e-16 -9.90631e-27 -2.06332e-16  1.84058e-26  -1.3173e-16 -1.50646e-26  1.55086e-17  4.23781e-27  2.36843e-17  4.92381e-27  2.33069e-18 -8.08075e-27 -2.74545e-18  7.01164e-27 -9.19491e-19 -4.92192e-27  9.76239e-20  3.17863e-27  1.21586e-19 -1.81139e-27  2.16216e-20  8.12463e-28 -4.98352e-21 -2.65159e-28 -2.99027e-21  6.66788e-29 -4.27662e-22 -1.81815e-29  7.59096e-23  5.93195e-30  4.24837e-23  -1.7826e-30  6.76761e-24  7.84705e-31 -1.58793e-25 -3.93973e-31 -2.75137e-25  1.07547e-31  -5.4022e-26 -1.31351e-32 -3.96327e-27  3.47534e-33  3.67581e-28 -2.21346e-33  1.27504e-28  8.24629e-34  1.47947e-29  -2.1182e-34  7.55951e-31  3.33718e-35 -1.74177e-32 -2.29131e-36 -5.44387e-33 -1.21043e-38 -3.68829e-34  1.08021e-38 -1.13444e-35 -1.06234e-39 -1.12673e-37  6.64576e-41  6.60188e-40
-3.57164e-23  5.76667e-38   2.6769e-21 -1.98735e-36 -7.89022e-20  3.31695e-35   1.4143e-18 -3.08984e-34 -1.78048e-17  1.17484e-33  1.69279e-16  1.04115e-32 -1.26911e-15 -2.22666e-31  7.71633e-15  2.17801e-30   -3.878e-14 -1.49675e-29  1.63226e-13   7.9855e-29 -5.80495e-13 -3.44626e-28  1.75389e-12  1.22685e-27 -4.51325e-12 -3.62943e-27  9.88729e-12  8.88907e-27 -1.83724e-11 -1.76489e-26  2.87296e-11  2.66283e-26 -3.72742e-11 -2.33302e-26  3.91244e-11 -1.84314e-26 -3.16324e-11  1.36537e-25  1.74684e-11 -3.67827e-25 -3.68691e-12  7.27548e-25  -3.5316e-12 -1.19146e-24  3.61236e-12  1.69074e-24 -8.10966e-13 -2.12209e-24  -7.9301e-13  2.37121e-24   5.4922e-13 -2.34958e-24  6.96344e-14  2.03864e-24 -1.70846e-13   -1.516e-24  9.85881e-15  9.32612e-25  4.24972e-14  -4.4309e-25 -4.84083e-15  1.35706e-25 -9.67557e-15  -9.5214e-27  7.40224e-16  1.73618e-27  2.02026e-15 -3.41331e-26  6.79991e-17  5.11127e-26 -3.52359e-16 -3.70043e-26 -6.78591e-17  7.97743e-27  4.23098e-17  1.35586e-26  1.83739e-17 -1.94859e-26 -1.59175e-18  1.58371e-26 -2.62086e-18 -1.05515e-26 -4.61433e-19  6.51923e-27  1.51526e-19 -3.54856e-27  8.17909e-20  1.49369e-27  8.62591e-21 -4.40405e-28  -3.8807e-21  9.59021e-29 -1.58106e-21   -2.488e-29 -1.74306e-22   8.4974e-30  3.84136e-23 -2.62948e-30  1.71165e-23  1.26842e-30  2.48082e-24 -5.98031e-31 -1.64084e-26  1.24565e-31 -7.20254e-26 -3.68455e-33 -1.35986e-26  2.00706e-33 -1.09411e-27 -2.42126e-33  2.27223e-29  9.25165e-34  1.57565e-29 -2.36281e-34  1.80581e-30  3.41797e-35  9.93661e-32 -1.84908e-36  1.45238e-33 -3.70076e-38 -1.46322e-34  5.94047e-39 -8.76365e-36 -2.78736e-40 -1.59152e-37  2.05584e-41
-1.87345e-38 -1.00853e-21  1.20618e-36  4.31123e-20 -2.90017e-35 -9.71779e-19  3.90027e-34   1.4524e-17 -3.10448e-33 -1.58964e-16  1.04115e-32  1.34645e-15  8.29924e-32  -9.1364e-15 -1.61753e-30  5.08241e-14  1.45511e-29 -2.35483e-13  -9.2565e-29  9.18692e-13   4.5925e-28 -3.03952e-12 -1.84857e-27  8.56279e-12  6.14637e-27 -2.05643e-11 -1.69722e-26   4.2026e-11  3.86481e-26 -7.26946e-11 -7.05368e-26  1.05347e-10  9.42853e-26 -1.25617e-10  -5.7177e-26  1.19267e-10 -1.35378e-25 -8.41748e-11  6.00697e-25  3.60705e-11 -1.42815e-24  1.09504e-12  2.61806e-24 -1.38285e-11 -4.04529e-24  8.13286e-12  5.46603e-24  4.05244e-13 -6.56141e-24 -2.77062e-12  7.01326e-24  8.35449e-13  -6.6202e-24   5.8079e-13  5.42561e-24 -3.51667e-13 -3.75928e-24 -1.02895e-13  2.10804e-24   9.7542e-14 -8.74378e-25  2.06865e-14  2.02853e-25 -2.18229e-14  9.64335e-27 -5.41596e-15  2.22495e-26  3.90274e-15 -1.04365e-25  1.46717e-15  1.28994e-25 -4.70331e-16  -8.2942e-26  -3.1942e-16  1.26038e-26  9.91639e-18  3.35565e-26  4.68859e-17 -4.31273e-26   9.3205e-18  3.29663e-26 -3.34023e-18 -2.08856e-26 -1.84005e-18  1.23686e-26 -1.40173e-19 -6.43752e-27  1.27739e-19  2.53453e-27  4.46257e-20  -6.6343e-28  2.48478e-21  1.19037e-28 -2.19683e-21 -3.00144e-29  -6.9549e-22  1.13469e-29 -6.39533e-23 -3.70931e-30  1.42109e-23  1.97092e-30  5.54638e-24 -8.46228e-31   7.6044e-25  1.16166e-31  1.23256e-26  1.58257e-32 -1.35713e-26 -6.28975e-34 -2.53477e-27 -2.36407e-33 -2.13485e-28  9.42209e-34 -3.86301e-30 -2.41683e-34  1.10241e-30  3.15044e-35  1.28261e-31 -1.26595e-36  6.51094e-33  -4.7171e-38  1.41587e-34  2.03549e-39 -2.03445e-37    8.963e-41 -3.30941e-38
 2.50167e-22 -5.29506e-37 -1.89845e-20  1.94206e-35  5.66887e-19 -3.57018e-34    -1.03e-17  4.00542e-33   1.3152e-16 -2.77442e-32 -1.26911e-15  8.29924e-32  9.66385e-15  5.99542e-31 -5.97241e-14 -1.07059e-29  3.05354e-13  8.89232e-29 -1.30874e-12 -5.25197e-28  4.74446e-12  2.42858e-27   -1.463e-11 -9.13247e-27  3.84768e-11  2.83888e-26 -8.62964e-11 -7.31855e-26  1.64517e-10  1.54757e-25 -2.64675e-10 -2.58331e-25  3.54682e-10  2.99095e-25 -3.86906e-10 -7.91504e-26  3.28883e-10 -7.06988e-25 -1.96812e-10  2.37656e-24   5.5217e-11 -5.09102e-24  2.92128e-11  8.70746e-24  -3.9673e-11 -1.27385e-23  1.28324e-11  1.64257e-23  6.90207e-12 -1.88804e-23 -6.78328e-12  1.93053e-23  6.91018e-14 -1.73361e-23  1.93737e-12  1.33738e-23 -3.70698e-13 -8.57277e-24 -4.59947e-13  4.31544e-24   1.2367e-13 -1.50063e-24  1.05142e-13  2.10893e-25 -2.49847e-14  4.97104e-26 -2.34508e-14  1.13338e-25  2.61628e-15 -2.85065e-25  4.63373e-15  2.97486e-25  2.73638e-16 -1.70661e-25 -6.88809e-16  1.54913e-26 -1.78381e-16  7.53007e-26  5.51325e-17 -8.80522e-26  3.51806e-17  6.35496e-26   2.2259e-18 -3.83421e-26 -3.12572e-18  2.18044e-26 -1.01744e-18 -1.08653e-26  2.24879e-21  3.98454e-27  7.87617e-20 -9.01793e-28  2.03585e-20   1.1988e-28  4.63021e-22 -3.12351e-29 -9.63578e-22  1.43252e-29 -2.55762e-22  -5.0776e-30 -2.15841e-23  2.95785e-30     3.82e-24 -1.12275e-30  1.41283e-24  6.94145e-32  1.87345e-25  4.50386e-32  6.99824e-27  -3.9703e-33 -1.67477e-27 -2.01892e-33 -3.26811e-28  8.72983e-34 -2.73323e-29 -2.27657e-34 -9.56495e-31   2.5922e-35  2.77843e-32 -6.85442e-37  4.31234e-33  -4.5379e-38  1.69824e-34  5.74794e-41  2.39538e-36  1.17072e-40
 1.48431e-37  6.37285e-21 -1.00076e-35 -2.75996e-19  2.56204e-34   6.3063e-18 -3.79708e-33 -9.56009e-17  3.64221e-32  1.06201e-15 -2.22666e-31  -9.1364e-15  5.99542e-31  6.30151e-14     3.95e-30   -3.566e-13 -6.49212e-29  1.68232e-12  4.99604e-28 -6.68959e-12 -2.74683e-27  2.25845e-11  1.18619e-26 -6.50093e-11  -4.1731e-26  1.59774e-10  1.21379e-25 -3.34791e-10 -2.92117e-25  5.95215e-10   5.7259e-25 -8.89472e-10 -8.68155e-25  1.09897e-09  8.38882e-25 -1.08988e-09  1.81447e-25  8.17095e-10 -3.07271e-24 -3.93639e-10   8.5625e-24  3.12963e-11  -1.6761e-23   1.2168e-10  2.68904e-23 -8.90056e-11 -3.73608e-23  6.59946e-12  4.60643e-23  2.60867e-11 -5.07504e-23 -1.15895e-11  4.96291e-23 -4.42387e-12  -4.2319e-23  4.27538e-12  3.05975e-23   5.1939e-13 -1.79742e-23 -1.15246e-12  7.93454e-24 -6.84949e-14  -2.1326e-24  2.65867e-13  1.81369e-26  2.50629e-14  6.69899e-26 -5.24642e-14     4.11e-25 -1.05664e-14 -7.01542e-25  7.93751e-15  6.29869e-25  3.08414e-15 -3.24123e-25 -6.51625e-16  1.06785e-26 -5.79205e-16  1.54245e-25 -4.35255e-17 -1.66574e-25  6.01722e-17  1.13925e-25  1.97528e-17  -6.5523e-26 -1.04426e-18  3.58508e-26 -2.07867e-18 -1.71345e-26 -4.59356e-19  5.82229e-27  3.23633e-20 -1.09142e-27  3.83573e-20  7.71337e-29  7.92318e-21 -2.66134e-29  4.50505e-23  1.73775e-29 -3.32571e-22 -6.81418e-30 -7.79695e-23  4.28986e-30 -6.53956e-24 -1.40366e-30  6.99788e-25 -2.12603e-32  2.72174e-25  7.99381e-32  3.51488e-26 -7.23239e-33  1.83089e-27 -1.42631e-33 -1.06041e-28  7.39616e-34  -2.6296e-29 -1.98547e-34 -2.07258e-30  1.87738e-35  -7.7609e-32 -2.27206e-37 -6.59403e-34 -3.65735e-38  4.15486e-35 -3.69546e-40  7.81796e-37
-1.41616e-21  3.81206e-36  1.08883e-19 -1.46485e-34 -3.29599e-18   2.8687e-33  6.07457e-17 -3.54885e-32 -7.87293e-16  2.96425e-31  7.71633e-15 -1.61753e-30 -5.97241e-14     3.95e-30   3.7548e-13   2.3862e-29 -1.95462e-12 -3.62424e-28  8.53803e-12  2.59195e-27 -3.15801e-11 -1.32969e-26  9.94798e-11    5.372e-26 -2.67661e-10 -1.77029e-25   6.1522e-10  4.82087e-25 -1.20458e-09 -1.08274e-24  1.99593e-09  1.96255e-24 -2.76549e-09 -2.67668e-24  3.13797e-09   2.0164e-24 -2.80489e-09  2.03607e-24  1.81229e-09 -1.17199e-23   -6.289e-10   2.8341e-23 -1.69012e-10   -5.121e-23  3.49605e-10  7.74119e-23 -1.50783e-10 -1.02429e-22 -4.18102e-11  1.20973e-22  6.60914e-11 -1.27838e-22 -9.31158e-12  1.19489e-22 -1.70303e-11 -9.65216e-23  5.97171e-12  6.50501e-23  3.73251e-12 -3.45639e-23 -1.81937e-12   1.2863e-23   -8.373e-13 -2.13815e-24  4.01685e-13  -5.8931e-25   2.0026e-13 -1.32668e-25 -6.26387e-14   1.2129e-24  -4.5291e-14 -1.56774e-24  4.17307e-15  1.22923e-24  8.13333e-15 -5.71367e-25  9.71464e-16 -1.12056e-26 -9.29359e-16  2.89907e-25 -3.39391e-16 -2.93143e-25  2.73061e-17  1.90621e-25  4.33773e-17  -1.0454e-25  8.53545e-18  5.51578e-26  -1.5799e-18  -2.5352e-26 -1.08862e-18  7.92979e-27 -1.74236e-19  -1.1388e-27  2.25036e-20 -3.12132e-29  1.51674e-20 -1.57109e-29  2.65698e-21  2.05681e-29   1.0231e-23 -8.99209e-30 -8.95027e-23  5.99541e-30  -1.9267e-23 -1.65959e-30 -1.66742e-24 -1.49233e-31  7.02418e-26  1.13376e-31  3.73353e-26 -9.62715e-33  4.69063e-27 -6.81451e-34  2.75933e-28  5.80117e-34  7.35082e-31 -1.61486e-34 -1.09907e-30  1.16889e-35 -7.81691e-32  4.84234e-38 -2.31354e-33 -2.50234e-38 -2.30355e-35 -1.81111e-40
-9.39378e-37 -3.28919e-20  6.58004e-35  1.44414e-18 -1.76582e-33 -3.34731e-17  2.78947e-32  5.15076e-16  -2.9523e-31 -5.81193e-15  2.17801e-30  5.08241e-14 -1.07059e-29   -3.566e-13   2.3862e-29  2.05464e-12   1.3279e-28 -9.87845e-12 -1.87032e-27  4.00739e-11  1.24645e-26 -1.38188e-10 -5.97894e-26  4.06841e-10  2.26337e-25 -1.02434e-09 -6.99405e-25  2.20313e-09    1.784e-24 -4.03031e-09 -3.73687e-24  6.21751e-09  6.24311e-24 -7.96791e-09 -7.55405e-24  8.25956e-09   3.8113e-24 -6.57295e-09  1.04778e-23  3.52023e-09 -4.02351e-23 -6.16775e-10  8.67382e-23 -8.45415e-10 -1.45786e-22  7.87191e-10   2.0845e-22 -1.49646e-10 -2.63338e-22 -1.92306e-10  2.98391e-22  1.21989e-10 -3.02587e-22  2.10908e-11  2.70062e-22 -4.05533e-11 -2.06046e-22  1.20611e-12  1.28533e-22  1.05459e-11 -6.06024e-23 -9.61732e-13  1.76036e-23 -2.47772e-12 -1.23798e-25  1.42926e-13 -1.78594e-24  5.29458e-13 -1.08839e-24  2.63215e-14     3.08e-24 -9.39652e-14 -3.20188e-24 -1.96663e-14  2.21849e-24  1.13531e-14 -9.40734e-25  5.23533e-15 -5.97449e-26 -3.81629e-16  5.01923e-25 -7.44683e-16 -4.81673e-25 -1.40561e-16  2.98645e-25  4.14594e-17 -1.56073e-25  2.40114e-17  7.96425e-26  2.82173e-18 -3.53474e-26 -1.06802e-18  1.00927e-26 -4.67947e-19 -9.34508e-28 -5.72875e-20 -2.21419e-28  9.71778e-21 -3.60546e-31  4.89643e-21  2.39694e-29  7.64483e-22 -1.16133e-29  1.07016e-23  8.03376e-30 -1.82251e-23 -1.85923e-30 -3.71856e-24 -2.94739e-31 -3.30927e-25  1.37226e-31 -1.09076e-27 -1.07055e-32  3.30337e-27  8.77989e-35  4.06353e-28  4.31928e-34  2.34947e-29 -1.23588e-34  5.12959e-31  5.99641e-36 -1.46162e-32   1.4982e-37 -9.97922e-34 -1.38554e-38 -1.22337e-35
 6.60137e-21 -2.21159e-35 -5.14599e-19  8.83411e-34  1.58028e-17 -1.81454e-32 -2.95653e-16  2.39418e-31  3.89235e-15 -2.20808e-30   -3.878e-14  1.45511e-29  3.05354e-13 -6.49212e-29 -1.95462e-12   1.3279e-28  1.03695e-11   6.8348e-28 -4.62075e-11 -8.95501e-27   1.7455e-10  5.57466e-26  -5.6228e-10 -2.50502e-25  1.54939e-09  8.89811e-25 -3.65375e-09 -2.58065e-24  7.35575e-09  6.16717e-24 -1.25673e-08 -1.20363e-23  1.80243e-08  1.84552e-23 -2.12942e-08 -1.94064e-23  2.00214e-08  3.76903e-24 -1.39271e-08  4.18087e-23  5.73318e-09 -1.26146e-22  4.94024e-10  2.46699e-22 -2.50694e-09 -3.88032e-22  1.39549e-09  5.26596e-22  1.27096e-10 -6.36672e-22 -5.16902e-10  6.93088e-22  1.44097e-10 -6.74534e-22  1.15456e-10  5.74063e-22 -6.61517e-11 -4.12145e-22 -2.15697e-11  2.35786e-22  1.92484e-11 -9.57306e-23  4.46102e-12  1.78161e-23 -4.46606e-12  6.31842e-24 -1.17545e-12 -3.39014e-24  8.23638e-13 -3.97796e-24  3.22002e-13  6.93073e-24 -1.01723e-13 -6.00683e-24 -7.14678e-14  3.71273e-24  1.98187e-15  -1.4577e-24  1.07019e-14 -1.36141e-25  2.18781e-15  8.02774e-25 -7.68474e-16 -7.41566e-25 -4.35105e-16  4.39323e-25 -3.54807e-17 -2.18368e-25  2.99945e-17  1.08224e-25  1.08032e-17 -4.66678e-26  6.84551e-19   1.2035e-26 -5.09975e-19 -3.76562e-28 -1.68212e-19 -4.97332e-28 -1.68909e-20  1.53231e-29  2.99206e-21   2.7439e-29  1.27729e-21 -1.45331e-29  1.84563e-22   1.0262e-29  5.54394e-24 -1.97351e-30 -2.65005e-24 -4.29126e-31 -5.31234e-25  1.45383e-31 -4.72175e-26 -1.05243e-32 -1.35773e-27  7.50816e-34  1.53926e-28  3.17014e-34  1.98651e-29 -8.97486e-35  9.90221e-31   2.3093e-36  2.13686e-32  1.35447e-37  7.63144e-35 -5.34893e-39
 4.84395e-36  1.40822e-19 -3.51208e-34 -6.27296e-18  9.80335e-33  1.47608e-16 -1.62533e-31 -2.30743e-15  1.83603e-30  2.64684e-14 -1.49675e-29 -2.35483e-13  8.89232e-29  1.68232e-12 -3.62424e-28 -9.87845e-12   6.8348e-28    4.845e-11  3.26536e-27  -2.0072e-10 -3.99081e-26  7.07713e-10  2.32569e-25 -2.13342e-09 -9.80663e-25  5.50901e-09  3.27267e-24 -1.21761e-08 -8.91499e-24  2.29468e-08  1.99615e-23 -3.65879e-08 -3.62504e-23  4.86881e-08   5.0722e-23 -5.27963e-08 -4.48682e-23  4.45763e-08 -1.02913e-23  -2.6318e-08  1.43278e-22  6.88649e-09 -3.64575e-22  4.55797e-09  6.54688e-22 -5.72205e-09 -9.68491e-22  1.75291e-09   1.2514e-21  1.08822e-09 -1.45116e-21 -1.01735e-09  1.51947e-21  -6.2262e-12 -1.41898e-21  3.05329e-10  1.14938e-21 -5.63723e-11 -7.72913e-22 -7.51693e-11  4.00459e-22  2.01453e-11  -1.3286e-22  1.77019e-11  4.53695e-24 -4.27988e-12   2.0531e-23 -4.06673e-12  -4.2656e-24  4.77392e-13 -1.09583e-23  8.30349e-13  1.40658e-23  4.54242e-14 -1.03901e-23 -1.27938e-13  5.77365e-24 -3.27812e-14 -2.14617e-24  1.06884e-14 -2.18694e-25  6.72601e-15  1.18843e-24  4.04299e-16 -1.07344e-24 -6.14998e-16  6.08248e-25 -1.99752e-16  -2.8652e-25  5.62309e-19  1.38792e-25  1.56367e-17 -5.86769e-26  4.07547e-18  1.34829e-26  1.08881e-19  6.02022e-28 -1.87675e-19 -8.45844e-28   -5.078e-20  2.58897e-29  -4.5551e-21  3.04017e-29  6.61371e-22 -1.74153e-29  2.62534e-22  1.24262e-29  3.59028e-23 -1.98116e-30  1.63146e-24 -5.23178e-31  -2.4514e-25  1.36186e-31 -5.20256e-26 -9.54084e-33 -4.42686e-27  1.20557e-33 -1.70179e-28  2.36856e-34  1.46829e-30 -6.20173e-35  4.20602e-31  4.76674e-37  1.47263e-32  7.74058e-38  1.35685e-34
-2.56629e-20   1.0516e-34  2.02985e-18 -4.35123e-33  -6.3289e-17  9.30267e-32  1.20298e-15 -1.28917e-30  -1.6102e-14  1.27005e-29  1.63226e-13  -9.2565e-29 -1.30874e-12  4.99604e-28  8.53803e-12 -1.87032e-27 -4.62075e-11  3.26536e-27  2.10272e-10  1.45262e-26 -8.12108e-10 -1.66015e-25  2.67822e-09   9.0746e-25 -7.56697e-09 -3.59609e-24  1.83296e-08  1.12872e-23 -3.79891e-08 -2.88973e-23  6.70073e-08  6.06163e-23 -9.95989e-08 -1.02246e-22  1.22644e-07  1.29562e-22  -1.2135e-07 -9.11503e-23  9.06774e-08 -8.10525e-23  -4.3115e-08  4.38577e-22  2.36799e-09 -9.77644e-22  1.46771e-08  1.62647e-21 -1.04964e-08  -2.2726e-21   6.3625e-10  2.80409e-21  3.26007e-09 -3.12535e-21 -1.43964e-09  3.15048e-21 -5.74966e-10 -2.82156e-21   5.5827e-10  2.17007e-21  6.77612e-11 -1.35885e-21 -1.56379e-10  6.26301e-22 -8.22604e-12 -1.52358e-22  3.74317e-11 -3.72831e-23  3.14259e-12  4.60382e-23 -7.69338e-12 -1.47238e-24  -1.4577e-12 -2.54123e-23  1.22298e-12  2.60429e-23  4.55395e-13 -1.66109e-23 -1.09193e-13  8.35499e-24 -9.03564e-14 -3.03759e-24 -5.66355e-15   -2.454e-25  9.90503e-15  1.63022e-24  3.13363e-15 -1.46615e-24 -2.09641e-16  7.94057e-25 -3.46525e-16 -3.52377e-25 -7.46267e-17  1.68502e-25  5.89044e-18 -7.07349e-26  6.43119e-18  1.42366e-26  1.31532e-18  2.00962e-27  8.11363e-21 -1.23621e-27 -5.43553e-20  2.61715e-29 -1.27542e-20  3.18068e-29 -1.10283e-21 -1.97562e-29  9.81037e-23  1.41938e-29  4.07615e-23 -1.87557e-30  5.31675e-24 -5.56348e-31  2.96296e-25  1.13026e-31 -1.01669e-26 -8.31328e-33 -3.10147e-27  1.40342e-33 -2.40528e-28  1.79227e-34 -8.75688e-30 -4.04172e-35 -9.87559e-32 -1.20313e-37  1.81328e-33  2.72594e-38
-2.05835e-35 -5.05348e-19  1.54378e-33  2.28582e-17 -4.46741e-32 -5.46532e-16  7.71549e-31  8.68705e-15  -9.1619e-30 -1.01399e-13   7.9855e-29  9.18692e-13 -5.25197e-28 -6.68959e-12  2.59195e-27  4.00739e-11 -8.95501e-27  -2.0072e-10  1.45262e-26  8.50162e-10  6.03407e-26 -3.06853e-09 -6.46311e-25  9.48283e-09  3.31957e-24 -2.51451e-08 -1.23798e-23  5.71852e-08  3.65816e-23 -1.11167e-07 -8.80636e-23  1.83439e-07  1.72999e-22 -2.53783e-07 -2.70414e-22  2.88142e-07  3.07123e-22 -2.58051e-07 -1.53517e-22  1.66894e-07 -3.33039e-22 -5.71079e-08    1.223e-21 -1.76402e-08 -2.44426e-21  3.44929e-08  3.79317e-21 -1.48898e-08 -5.02514e-21 -4.33044e-09  5.93772e-21  6.86523e-09 -6.37318e-21  -1.0143e-09  6.18897e-21 -1.82353e-09 -5.31066e-21  6.75727e-10  3.86655e-21  4.07271e-10 -2.23767e-21  -2.1458e-10  8.92875e-22 -9.31978e-11 -1.15796e-22  4.97673e-11 -1.28819e-22  2.31203e-11  8.48807e-23 -8.33028e-12  1.05978e-23 -5.50821e-12 -5.18804e-23  6.82377e-13  4.43376e-23  1.05018e-12 -2.45723e-23   1.0247e-13  1.12574e-23 -1.28995e-13 -4.18709e-24 -4.37078e-14 -1.01199e-25  4.83647e-15  2.07239e-24   6.0407e-15 -1.89659e-24  1.10208e-15  9.78637e-25 -2.46858e-16 -4.05326e-25  -1.5373e-16  1.94366e-25 -2.32829e-17 -8.23924e-26  3.48776e-18  1.42231e-26  2.15233e-18  3.78333e-27  3.67069e-19 -1.62372e-27  5.13059e-22  1.29242e-29 -1.22916e-20  3.03772e-29 -2.60243e-21 -2.09935e-29 -2.25897e-22  1.52268e-29  7.55059e-24 -1.67036e-30  4.47658e-24  -5.2318e-31  5.56351e-25  8.28131e-32  3.28379e-26  -7.2038e-33  3.13409e-28  1.35872e-33 -9.00715e-29  1.30711e-34 -6.07613e-30 -2.42337e-35 -1.52381e-31 -1.52315e-37 -1.01338e-33
 8.38925e-20 -4.13469e-34 -6.73901e-18  1.77173e-32  2.13529e-16 -3.93065e-31 -4.12751e-15  5.67959e-30  5.62246e-14 -5.88757e-29 -5.80495e-13   4.5925e-28  4.74446e-12 -2.74683e-27 -3.15801e-11  1.24645e-26   1.7455e-10 -3.99081e-26 -8.12108e-10  6.03407e-26  3.21067e-09  2.34643e-25 -1.08535e-08 -2.36024e-24  3.14828e-08  1.14092e-23 -7.84394e-08 -4.00919e-23  1.67589e-07  1.11626e-22 -3.05598e-07  -2.5276e-22  4.71387e-07   4.6476e-22 -6.05707e-07  -6.7122e-22  6.31091e-07  6.73464e-22 -5.05745e-07  -1.7497e-22  2.72779e-07 -1.08491e-21 -4.69126e-08  3.14291e-21 -6.93736e-08  -5.7186e-21  6.53091e-08  8.32394e-21 -1.29249e-08 -1.04923e-20 -1.63781e-08  1.19056e-20  1.08818e-08 -1.23283e-20  1.68948e-09  1.15374e-20 -3.72405e-09 -9.47235e-21  2.02967e-10  6.50431e-21  9.95759e-10 -3.44481e-21 -1.23245e-10  1.13754e-21 -2.42079e-10  3.79783e-23  2.27749e-11 -2.94719e-22   5.4212e-11  1.35157e-22   8.1238e-13   4.0634e-23 -1.02397e-11 -9.54475e-23 -1.79916e-12  6.97911e-23  1.35346e-12  -3.3616e-23  5.55185e-13   1.4115e-23 -6.47043e-14 -5.68865e-24 -8.68458e-14  3.79678e-25 -1.42339e-14  2.43912e-24  5.52869e-15 -2.33289e-24  2.82577e-15  1.13897e-24  2.81035e-16  -4.3395e-25 -1.40524e-16  2.13982e-25 -5.60915e-17 -9.35023e-26 -6.25694e-18  1.35066e-26  1.29515e-18  5.79095e-27  5.89871e-19 -1.95693e-27  8.82929e-20  -1.4198e-29  8.55073e-22  2.51103e-29 -2.10524e-21 -2.06693e-29 -4.14631e-22  1.52782e-29 -3.61515e-23 -1.39966e-30 -2.37902e-25 -4.34507e-31  3.11933e-25   5.3106e-32  3.71133e-26 -6.26433e-33  2.04701e-27  1.13839e-33  4.52795e-29  8.57661e-35 -6.38222e-31 -1.28058e-35  -4.1282e-32 -5.90445e-38
 7.23217e-35  1.52992e-18 -5.62488e-33 -7.03386e-17  1.68782e-31  1.71057e-15 -3.02822e-30  -2.7675e-14  3.75349e-29  3.29062e-13 -3.44626e-28 -3.03952e-12  2.42858e-27  2.25845e-11 -1.32969e-26 -1.38188e-10  5.57466e-26  7.07713e-10 -1.66015e-25 -3.06853e-09  2.34643e-25  1.13524e-08  8.56135e-25 -3.60136e-08 -8.10233e-24  9.81976e-08  3.69153e-23 -2.30111e-07 -1.22365e-22  4.62099e-07   3.2125e-22 -7.90256e-07 -6.84367e-22  1.13817e-06  1.17692e-21 -1.35449e-06  -1.5646e-21  1.28674e-06    1.358e-21 -9.07283e-07  5.56075e-23  3.80271e-07 -3.06838e-21  3.22734e-08  7.49911e-21 -1.72607e-07 -1.25567e-20  9.99166e-08   1.7223e-20  7.23716e-09 -2.07256e-20 -3.77373e-08  2.26462e-20  1.17129e-08 -2.26618e-20  8.40066e-09  2.04387e-20 -5.42523e-09 -1.60259e-20 -1.51074e-09  1.03304e-20  1.62885e-09 -4.94021e-21  3.02399e-10  1.23894e-21 -3.95788e-10  3.90635e-22 -8.46257e-11 -5.56955e-22  7.81276e-11  1.88454e-22  2.58607e-11  9.97682e-23 -1.08721e-11  -1.6047e-22  -6.3693e-12  1.01963e-22  5.04998e-13 -4.24131e-23   1.0551e-12  1.64301e-23  1.76206e-13 -7.67502e-24  -8.8226e-14  1.38748e-24 -4.25252e-14  2.65151e-24 -2.13852e-15 -2.74009e-24  3.34332e-15  1.25043e-24  1.07291e-15 -4.28269e-25   4.3063e-17  2.26138e-25 -5.73854e-17  -1.0418e-25 -1.71708e-17  1.22544e-26 -1.50991e-18   7.8474e-27  3.46451e-19 -2.18688e-27  1.31005e-19 -5.26986e-29  1.79006e-20  1.58244e-29  4.47005e-22 -1.85868e-29 -2.57633e-22  1.42738e-29 -4.86845e-23 -1.11032e-30 -4.14372e-24 -3.13264e-31 -1.18905e-25  2.93922e-32  1.09932e-26 -5.34167e-33  1.34069e-27  8.35102e-34  5.96043e-29  4.71476e-35  1.07943e-30 -5.55806e-36  3.27219e-33
-2.31709e-19  1.34512e-33  1.89224e-17 -5.98878e-32 -6.09958e-16   1.3797e-30  1.20035e-14 -2.07379e-29 -1.66595e-13  2.24682e-28  1.75389e-12 -1.84857e-27   -1.463e-11  1.18619e-26  9.94798e-11 -5.97894e-26  -5.6228e-10  2.32569e-25  2.67822e-09 -6.46311e-25 -1.08535e-08  8.56135e-25  3.76619e-08  2.93713e-24  -1.1232e-07 -2.61966e-23  2.88264e-07  1.12647e-22 -6.35861e-07 -3.52577e-22  1.20051e-06  8.73353e-22 -1.92455e-06 -1.75055e-21  2.58395e-06  2.81264e-21 -2.83726e-06 -3.42552e-21  2.43577e-06  2.49057e-21 -1.47152e-06  1.12159e-21  4.04021e-07 -7.80814e-21  2.53891e-07  1.66996e-20 -3.39074e-07 -2.59376e-20  1.13462e-07  3.36601e-20   6.2451e-08 -3.87984e-20 -6.54807e-08  4.09372e-20  2.27162e-09 -3.96478e-20  1.98049e-08  3.44509e-20 -4.72268e-09 -2.57369e-20 -4.91813e-09  1.54839e-20  1.68588e-09 -6.55952e-21  1.18707e-09  1.01075e-21 -3.87729e-10  1.03247e-21 -2.87776e-10 -9.25631e-22  5.50105e-11  2.28375e-22  6.35931e-11   1.9943e-22 -1.52397e-13 -2.48786e-22  -1.0846e-11  1.38614e-22 -2.19497e-12  -4.9046e-23  1.07887e-12  1.76543e-23  5.48553e-13 -1.02867e-23  7.33449e-15  3.08563e-24 -5.81615e-14  2.65023e-24 -1.61834e-14 -3.08654e-24   7.9072e-16  1.29081e-24  1.48518e-15 -3.82052e-25  3.41229e-16  2.31055e-25 -8.93537e-19 -1.14609e-25 -1.82188e-17  1.06735e-26 -4.43348e-18  9.74269e-27 -3.39137e-19  -2.2765e-27  6.75547e-20 -9.81833e-29   2.2967e-20   3.4567e-30  2.93063e-21    -1.49e-29   1.1778e-22   1.2347e-29  -2.0133e-23 -8.47394e-31 -3.87585e-24 -1.86873e-31 -3.07079e-25   1.3761e-32 -1.10271e-26 -4.28787e-33  5.91412e-29  5.35519e-34  1.89311e-29  1.99012e-35  4.94362e-31 -1.70158e-36
 -2.0866e-34 -3.92005e-18  1.69502e-32  1.83393e-16 -5.29637e-31 -4.54165e-15  9.88509e-30  7.48823e-14 -1.27655e-28 -9.08113e-13  1.22685e-27  8.56279e-12 -9.13247e-27 -6.50093e-11    5.372e-26  4.06841e-10 -2.50502e-25 -2.13342e-09   9.0746e-25  9.48283e-09 -2.36024e-24 -3.60136e-08  2.93713e-24  1.17457e-07  9.49258e-24 -3.29842e-07 -7.99155e-23    7.977e-07  3.24724e-22 -1.65744e-06  -9.6056e-22  2.94226e-06  2.24615e-21  -4.4182e-06 -4.23586e-21   5.5179e-06  6.35024e-21 -5.56221e-06 -7.04223e-21  4.26073e-06  4.06536e-21 -2.10629e-06  4.38469e-21  1.66891e-07 -1.82023e-20  7.09855e-07  3.48378e-20  -5.4834e-07 -5.04978e-20  5.51897e-08   6.2233e-20   1.6753e-07 -6.89439e-20 -8.55594e-08  7.04444e-20 -2.68877e-08  -6.6118e-20  3.31097e-08  5.53126e-20  1.87319e-09 -3.92538e-20 -9.47067e-09  2.18796e-20  1.38228e-10  -7.9761e-21  2.36304e-09  2.15395e-22  3.48151e-11  2.03974e-21 -5.19841e-10 -1.38891e-21 -6.23102e-11  2.31505e-22  9.17519e-11  3.47708e-22  2.65242e-11 -3.57855e-22  -1.0165e-11  1.75603e-22 -6.23427e-12   -5.134e-23 -7.33244e-15  1.72961e-23  8.00286e-13 -1.36046e-23  2.05649e-13  5.54518e-24 -3.03726e-14  2.41604e-24 -2.76816e-14 -3.34852e-24 -4.90656e-15  1.24448e-24  7.57308e-16 -2.94571e-25  5.25294e-16   2.3016e-25  9.30005e-17 -1.24769e-25 -2.65989e-18  8.94484e-27 -4.58417e-18  1.12764e-26 -9.56995e-19 -2.20815e-27 -7.02677e-20 -1.45663e-28  9.14342e-21 -1.00828e-29  3.04165e-21 -1.00994e-29  3.64231e-22  9.80958e-30  1.82989e-23 -6.39397e-31 -7.39672e-25  -7.9148e-32  -1.8371e-25  5.30232e-33 -1.26937e-26 -3.10937e-33 -4.02387e-28  2.96699e-34  -3.8313e-30  5.46246e-36  3.45022e-32
