 1.51961e-34 -5.50945e-49 -1.05143e-34 -4.42186e-48  -8.1445e-35  2.27611e-46 -7.72506e-35 -1.05468e-45  1.34334e-33  3.79577e-45 -1.88841e-32  1.16684e-44  2.15124e-31  1.95727e-44 -2.00781e-30  3.79714e-44  1.56981e-29    1.248e-42 -1.04355e-28 -4.95142e-42  5.96367e-28  1.23756e-41 -2.95409e-27 -5.99027e-41  1.27607e-26  2.44395e-40 -4.82758e-26 -9.92204e-40  1.60397e-25   4.2338e-39  -4.6868e-25 -2.03486e-38  1.20442e-24  1.05338e-37 -2.71821e-24 -5.32646e-37  5.37083e-24  2.46984e-36 -9.24277e-24 -1.02631e-35  1.37424e-23  3.80494e-35 -1.74351e-23 -1.26135e-34  1.85044e-23  3.75349e-34 -1.58711e-23 -1.00649e-33   1.0243e-23  2.43979e-33 -4.01595e-24 -5.35948e-33 -2.47683e-25   1.0687e-32  1.57682e-24 -1.93632e-32  -9.5527e-25  3.18868e-32  4.67856e-26 -4.77068e-32  2.62845e-25  6.47724e-32 -1.21097e-25 -7.96493e-32 -2.92747e-26  8.84424e-32  3.88023e-26 -8.82993e-32 -1.48815e-27  7.87763e-32 -8.47531e-27 -6.22357e-32  1.31663e-27  4.29323e-32  1.56115e-27 -2.52473e-32 -2.87957e-28  1.20641e-32 -2.68582e-28 -4.11346e-33   3.7523e-29  4.21002e-34  4.03665e-29  6.76927e-34 -1.11888e-30 -6.42952e-34 -5.10733e-30  3.48514e-34 -4.91028e-31  -1.3076e-34  4.28242e-31  3.18242e-35  1.08898e-31 -2.37098e-36  -1.5287e-32 -1.84251e-36  -1.0455e-32  9.38521e-37  -7.8346e-34 -2.13025e-37  4.00929e-34  1.28394e-38  1.04811e-34  7.04351e-39   2.2236e-36  -2.2064e-39 -2.91876e-36  1.90968e-40 -5.10502e-37  2.50733e-41 -1.42391e-38  3.48803e-44  7.22745e-39 -3.67714e-42  9.13023e-40  9.25628e-43   2.2921e-41 -6.43076e-44 -1.30454e-42 -7.13828e-45 -2.23777e-43  1.44666e-45 -1.60698e-44 -9.57437e-47 -2.77473e-47  2.83437e-48
-5.50945e-49  3.65506e-34 -1.16095e-47 -1.30825e-34 -1.16018e-46  6.74157e-35  3.79252e-45 -4.09752e-33  -1.5014e-44  6.49356e-32  5.04773e-44 -8.25044e-31  6.08945e-44   8.4974e-30   3.6249e-43 -7.26263e-29  -9.7094e-43  5.24214e-28  1.79561e-41 -3.23666e-27 -7.96977e-41  1.72585e-26  2.88666e-40 -8.00407e-26 -1.08723e-39  3.24529e-25   2.7868e-39 -1.15442e-24 -1.91428e-39  3.61038e-24 -2.83403e-38 -9.93422e-24  1.94537e-37  2.40339e-23 -7.33069e-37  -5.1012e-23   1.5028e-36  9.46097e-23  1.76133e-36 -1.52344e-22 -3.36028e-35  2.10892e-22  1.91488e-34 -2.47152e-22 -7.84014e-34  2.39069e-22  2.62733e-33 -1.82072e-22 -7.55571e-33  9.76596e-23  1.90793e-32 -2.24994e-23 -4.28486e-32 -1.65041e-23  8.62427e-32  1.93898e-23 -1.56293e-31 -6.60802e-24  2.55706e-31 -2.47984e-24  -3.7813e-31   3.0576e-24  5.05379e-31 -4.69012e-25  -6.0974e-31 -6.57172e-25  6.62474e-31  2.80983e-25  -6.4565e-31  9.87156e-26  5.61161e-31  -7.5792e-26 -4.31142e-31 -1.27973e-26  2.88811e-31   1.5138e-26 -1.64761e-31  2.04837e-27  7.63824e-32  -2.4723e-27 -2.53902e-32 -4.19698e-28  2.76694e-33   3.0944e-28  3.61154e-33  8.52882e-29 -3.35756e-33 -2.64271e-29  1.74193e-33 -1.23288e-29 -6.16821e-34  6.45811e-31  1.37111e-34  1.13802e-30 -5.92271e-36  1.43626e-31 -9.09466e-36  -5.1393e-32  3.92166e-36  -1.6775e-32 -7.42365e-37 -4.02207e-34 -3.81903e-39  6.32754e-34  4.20596e-38  1.18285e-34 -1.15904e-38  5.75004e-37  1.38447e-39 -2.72808e-36 -4.60892e-41 -3.88794e-37  2.51666e-41 -6.70209e-39 -1.61377e-41  2.95995e-39  3.26306e-42  3.01973e-40 -1.75102e-43  1.48544e-41 -2.58882e-44 -1.19562e-43  4.10581e-45 -3.63998e-44 -2.11992e-46 -2.41059e-46
-1.05143e-34 -1.16095e-47  4.74966e-34 -1.34018e-46  -3.9607e-34 -1.74259e-45  7.70878e-33  4.03977e-44 -1.46912e-31 -1.38576e-43  2.10317e-30  4.60594e-43 -2.40403e-29 -2.51695e-43  2.25571e-28   5.9885e-42 -1.77337e-27 -3.39214e-41   1.1857e-26  2.77833e-40 -6.81725e-26 -1.38762e-39  3.39853e-25  5.89532e-39 -1.47795e-24 -2.11405e-38  5.63109e-24   5.0762e-38   -1.885e-23  -5.3559e-39  5.55185e-23 -7.75248e-37 -1.43881e-22  5.29075e-36  3.27654e-22 -2.37324e-35 -6.53692e-22  8.23448e-35  1.13679e-21 -2.26483e-34  -1.7097e-21  4.67521e-34  2.19708e-21  -5.2314e-34 -2.36648e-21 -9.68968e-34  2.06659e-21  8.23525e-33 -1.36742e-21 -3.14776e-32  5.63557e-22  9.07831e-32  9.01707e-24 -2.18537e-31 -2.04519e-22  4.56091e-31  1.33669e-22 -8.40362e-31 -1.20645e-23  1.38022e-30 -3.45413e-23  -2.0311e-30  1.79322e-23  2.68433e-30  3.15289e-24 -3.18717e-30 -5.50844e-24  3.39487e-30  4.77069e-25 -3.23369e-30  1.17354e-24  2.73965e-30 -2.46014e-25 -2.04715e-30 -2.14626e-25  1.33109e-30  5.35289e-26 -7.35877e-31   3.7066e-26  3.30279e-31 -7.43768e-27 -1.06457e-31 -5.85182e-27  1.17356e-32  4.86584e-28  1.34549e-32  7.75418e-28 -1.21179e-32  4.12594e-29  5.99483e-33 -7.15047e-29 -1.99634e-33 -1.47188e-29  4.01197e-34  3.32516e-30 -3.14206e-36  1.60956e-30 -3.03588e-35  6.80769e-32  1.11981e-35 -7.35817e-32 -1.70953e-36 -1.57914e-32  -1.6833e-37  1.85794e-34  1.59471e-37  5.38297e-34 -4.30115e-38  7.85944e-35  6.60928e-39 -2.20741e-37 -7.12994e-40 -1.31918e-36  1.53429e-40 -1.44537e-37 -4.82598e-41 -3.84664e-39  7.67651e-42  4.77291e-40 -2.75003e-43  5.53939e-41  -6.1975e-44  1.52845e-42  7.26088e-45 -1.25941e-44  -2.3263e-46
-4.42186e-48 -1.30825e-34 -1.34018e-46  8.65144e-34 -1.01486e-45 -1.14588e-32 -1.81666e-44   2.5055e-31  3.23008e-43 -4.09677e-30 -9.96368e-43  5.23489e-29  3.66271e-42 -5.41953e-28 -1.05029e-41  4.65757e-27  9.74812e-41 -3.38127e-26 -6.59371e-40   2.1004e-25  4.35564e-39 -1.12714e-24 -2.26149e-38  5.26256e-24  1.00271e-37 -2.14887e-23 -3.69637e-37  7.70128e-23  1.02611e-36 -2.42762e-22 -1.44521e-36  6.73601e-22 -5.05853e-36 -1.64426e-21  5.19355e-35  3.52347e-21 -2.61686e-34 -6.60251e-21  9.89004e-34  1.07516e-20 -3.04618e-33 -1.50691e-20   7.7972e-33  1.79095e-20 -1.63296e-32 -1.76126e-20  2.59279e-32  1.37004e-20 -2.12396e-32 -7.59555e-21 -4.15429e-32  1.95285e-21  2.54257e-31  1.13092e-21 -7.67531e-31 -1.49042e-21  1.77121e-30  5.63367e-22 -3.42549e-30   1.6206e-22  5.74817e-30 -2.42206e-22  -8.5057e-30  4.80932e-23  1.11872e-29  4.92101e-23 -1.31244e-29 -2.47877e-23  1.37397e-29  -6.6712e-24 -1.28097e-29  6.50935e-24  1.05866e-29  7.20927e-25 -7.69472e-30 -1.30518e-24  4.85448e-30 -1.03685e-25 -2.59813e-30  2.17186e-25   1.1267e-30  2.54865e-26 -3.50458e-31 -2.88458e-26  3.76206e-32 -6.10168e-27  4.04051e-32  2.70892e-27 -3.48865e-32  1.00581e-27  1.63994e-32 -1.10804e-28 -5.11906e-33  -1.0376e-28  9.19967e-34 -8.80484e-30  2.92233e-35  5.44142e-30 -7.85865e-35  1.44517e-30  2.48812e-35 -2.06928e-32 -2.80512e-36 -6.49512e-32 -7.83313e-37 -1.00475e-32  4.79431e-37   3.1972e-34 -1.32309e-37  2.88595e-34  2.39114e-38  3.33361e-35 -3.29572e-39   1.5893e-38  5.48033e-40 -3.34647e-37 -1.12532e-40 -3.27999e-38  1.37616e-41 -9.97142e-40 -2.33905e-43  4.59604e-41 -1.07635e-43  2.68852e-42  8.59452e-45  1.63279e-44
 -8.1445e-35 -1.16018e-46  -3.9607e-34 -1.01486e-45  1.34451e-32 -5.29636e-45 -3.40856e-31 -1.44781e-43  6.43511e-30  2.10537e-42 -9.27413e-29  -6.4573e-42  1.06569e-27  3.13514e-41 -1.00545e-26 -1.78347e-40   7.9503e-26  1.44286e-39 -5.34796e-25 -9.90435e-39  3.09449e-24  6.04549e-38 -1.55303e-23 -3.11615e-37  6.80162e-23  1.38357e-36 -2.61083e-22 -5.20564e-36  8.80876e-22   1.5891e-35 -2.61614e-21 -3.47569e-35  6.84032e-21  2.14155e-35 -1.57253e-20  2.71042e-34  3.16937e-20 -1.81144e-33 -5.57264e-20  7.54076e-33  8.48286e-20 -2.46466e-32 -1.10489e-19  6.70806e-32  1.20867e-19 -1.54489e-31 -1.07561e-19  2.98596e-31  7.30393e-20 -4.64102e-31 -3.16462e-20  4.96581e-31  9.18477e-22 -3.45606e-32  1.05321e-20 -1.53409e-30 -7.46979e-21  4.97702e-30  9.91771e-22 -1.09136e-29  1.79565e-21  1.93519e-29 -1.05745e-21 -2.92902e-29 -1.18648e-22  3.87036e-29  3.10706e-22 -4.51103e-29 -4.30048e-23  4.65645e-29 -6.42327e-23 -4.25688e-29  1.75614e-23  3.43491e-29  1.15564e-23 -2.42887e-29 -3.79504e-24  1.48616e-29  -2.0082e-24 -7.69223e-30  5.59596e-25  3.21679e-30  3.31111e-25  -9.6122e-31 -4.87787e-26  9.71803e-32  -4.6537e-26  1.03609e-31 -2.20617e-28 -8.49158e-32  4.70868e-27  3.78106e-32  7.40187e-28   -1.103e-32 -2.63753e-28  1.75173e-33 -9.77096e-29   1.3217e-34 -2.16982e-31 -1.65626e-34  5.26425e-30  4.43157e-35  9.19205e-31 -2.54878e-36 -5.19511e-32 -2.54212e-36 -3.86383e-32  1.25885e-36 -4.57431e-33 -3.56238e-37  1.70511e-34  6.96902e-38  9.75082e-35 -1.01764e-38  9.37359e-36  1.43562e-39  1.11658e-37 -2.14759e-40 -4.82748e-38  1.96553e-41 -3.72003e-39  2.52738e-44 -7.14465e-41 -1.36571e-43  5.34271e-43  6.19309e-45
 2.27611e-46  6.74157e-35 -1.74259e-45 -1.14588e-32 -5.29636e-45  3.77433e-31 -1.75798e-44 -8.36883e-30  -9.5257e-43  1.37489e-28  1.21556e-41 -1.76625e-27 -4.56861e-41  1.83862e-26  3.18056e-40 -1.58926e-25 -2.41904e-39  1.16077e-24  1.85503e-38 -7.25656e-24 -1.23253e-37  3.92023e-23  7.15677e-37 -1.84328e-22 -3.59629e-36  7.58277e-22  1.57228e-35 -2.73896e-21 -5.92973e-35  8.70579e-21  1.88862e-34   -2.437e-20 -4.82199e-34   6.0048e-20  8.26341e-34 -1.29976e-19  1.01854e-34  2.46211e-19 -8.13611e-33  -4.0569e-19  4.17816e-32  5.76066e-19  -1.4761e-31 -6.94815e-19  4.20007e-31  6.95256e-19  -1.0074e-30 -5.52902e-19  2.06298e-30  3.17109e-19 -3.58195e-30 -9.02824e-20  5.09677e-30 -4.03938e-20  -5.3152e-30  6.12376e-20  1.96101e-30 -2.56478e-20  7.81269e-30 -5.31322e-21 -2.62224e-29  1.02385e-20  5.31563e-29 -2.53611e-21 -8.48963e-29 -1.93968e-21   1.1438e-28  1.16268e-21 -1.33474e-28  2.24733e-22  1.36421e-28 -2.97547e-22 -1.22565e-28 -1.54313e-23  9.66566e-29  5.96726e-23 -6.65044e-29  1.34495e-24  3.94458e-29 -1.01348e-23 -1.97225e-29 -6.29742e-25  7.93712e-30   1.4159e-24  -2.2682e-30   2.1597e-25  2.08618e-31 -1.45351e-25  2.33883e-31 -4.25188e-26  -1.8035e-31  7.95158e-27  7.58572e-32  4.96096e-27 -2.06218e-32  2.06476e-28  2.85659e-33 -3.01645e-28  3.48882e-34 -6.44554e-29  -2.8756e-34  4.13312e-30   6.0467e-35  3.49948e-30  3.32905e-36  4.32663e-31 -6.99698e-36 -3.60476e-32  3.01914e-36 -1.58638e-32 -8.54909e-37 -1.50546e-33  1.69643e-37  4.04594e-35 -2.43405e-38   2.0568e-35    2.991e-39  1.67143e-36  -3.4255e-40  2.77626e-38  2.27226e-41 -3.08173e-39  3.81641e-43 -1.37855e-40 -1.21474e-43 -1.22186e-42
-7.72506e-35  3.79252e-45  7.70878e-33 -1.81666e-44 -3.40856e-31 -1.75798e-44  9.12397e-30 -6.16081e-45 -1.73221e-28 -5.73729e-42  2.50954e-27  7.08355e-41 -2.89962e-26 -4.00135e-40  2.75153e-25  3.47514e-39  -2.1889e-24 -2.82427e-38  1.48181e-23  2.06089e-37 -8.63167e-23 -1.30807e-36  4.36254e-22  7.26293e-36 -1.92482e-21 -3.53105e-35  7.44646e-21  1.50676e-34 -2.53323e-20  -5.6194e-34  7.58974e-20  1.81088e-33 -2.00303e-19 -4.91256e-33  4.65084e-19  1.04863e-32 -9.47429e-19 -1.35623e-32  1.68524e-18 -1.40197e-32 -2.59808e-18  1.67515e-31  3.43222e-18 -6.92342e-31 -3.81622e-18  2.09378e-30  3.46382e-18 -5.19233e-30 -2.41617e-18  1.09424e-29  1.10061e-18   -1.978e-29  -8.0802e-20  3.04178e-29 -3.32674e-19 -3.84785e-29  2.57914e-19  3.59982e-29 -4.55965e-20 -1.31014e-29 -5.69588e-20 -3.76348e-29  3.84162e-20  1.15517e-28  1.92135e-21 -2.08112e-28 -1.07609e-20    2.931e-28  2.10058e-21 -3.46325e-28  2.14121e-21  3.52442e-28 -7.50178e-22 -3.12037e-28 -3.74807e-22  2.40773e-28  1.61385e-22 -1.61212e-28  6.53429e-23  9.26295e-29 -2.49998e-23 -4.46776e-29  -1.1271e-23  1.72636e-29  2.56718e-24 -4.69542e-30  1.69718e-24  3.76327e-31 -8.78559e-26  4.73421e-31  -1.8844e-25 -3.40922e-31 -2.04465e-26  1.35139e-31  1.23212e-26 -3.41334e-32  3.57237e-27  4.06154e-33 -1.71821e-28  6.83679e-34 -2.27743e-28 -3.98733e-34 -3.12965e-29  4.59259e-35  3.82729e-30  2.50255e-35  1.67039e-30 -1.74087e-35  1.54892e-31   6.7063e-36 -1.38327e-32 -1.83777e-36 -4.44101e-33  3.53091e-37  -3.5503e-34 -4.78556e-38   3.6284e-36  5.14985e-39  2.50609e-36 -4.60403e-40  1.53835e-37  2.13638e-41   2.4272e-39  5.58998e-43 -3.90637e-41 -6.59098e-44
-1.05468e-45 -4.09752e-33  4.03977e-44   2.5055e-31 -1.44781e-43 -8.36883e-30 -6.16081e-45  1.86935e-28  5.32745e-43 -3.08738e-27 -3.71254e-41  3.98804e-26  4.86967e-40 -4.17547e-25 -3.97928e-39  3.63108e-24  3.63259e-38 -2.66898e-23 -2.88425e-37  1.67969e-22  1.99571e-36 -9.13819e-22 -1.20585e-35  4.32862e-21  6.40518e-35 -1.79462e-20 -3.00189e-34  6.53594e-20  1.24377e-33 -2.09564e-19 -4.54681e-33  5.92083e-19  1.45693e-32 -1.47336e-18 -4.03205e-32  3.22301e-18  9.32216e-32 -6.17521e-18 -1.64534e-31   1.0302e-17  1.43762e-31 -1.48303e-17  3.85926e-31  1.81664e-17 -2.52975e-30 -1.85114e-17  8.57774e-30   1.5064e-17 -2.22648e-29 -8.94525e-18  4.80645e-29  2.80143e-18 -8.86738e-29  9.33663e-19  1.40568e-28 -1.69142e-18 -1.89311e-28  7.84899e-19  2.08377e-28  1.03778e-19 -1.65584e-28 -2.90302e-19  3.78204e-29  8.76454e-20  1.71658e-28  5.02872e-20 -4.24276e-28 -3.64968e-20  6.54824e-28 -4.43145e-21 -7.97116e-28  9.09522e-21  8.13755e-28 -8.13673e-23 -7.12351e-28 -1.81856e-21  5.38465e-28  6.89877e-23 -3.50825e-28  3.14939e-22  1.95083e-28  1.01029e-24 -9.06114e-29 -4.61217e-23  3.35261e-29 -4.35023e-24 -8.63056e-30  5.14419e-24  5.64936e-31  1.15141e-24  8.70009e-31 -3.43812e-25 -5.81673e-31 -1.56172e-25  2.16893e-31  1.23245e-27 -5.06987e-32  1.10093e-26  5.07642e-33  1.84079e-27   1.0392e-33 -2.49745e-28 -3.73637e-34 -1.24165e-28 -6.10158e-35 -1.15228e-29  8.36319e-35  1.94173e-30 -3.98088e-35  5.76275e-31  1.37644e-35  4.28268e-32 -3.54301e-36  -3.1105e-33  6.38217e-37 -8.16149e-34 -7.96636e-38 -5.41786e-35  7.46885e-39 -1.88898e-37  -5.2145e-40  1.37852e-37  1.64522e-41  5.39162e-39  4.08015e-43  4.32518e-41
 1.34334e-33  -1.5014e-44 -1.46912e-31  3.23008e-43  6.43511e-30  -9.5257e-43 -1.73221e-28  5.32745e-43  3.30634e-27  7.32341e-42 -4.81648e-26 -2.92301e-40  5.59734e-25  4.04547e-39 -5.34369e-24 -3.90043e-38   4.2781e-23  3.44636e-37  -2.9155e-22 -2.59928e-36  1.71026e-21   1.7026e-35  -8.7079e-21 -9.78705e-35  3.87205e-20  4.97254e-34 -1.51031e-19 -2.24239e-33  5.18278e-19  8.99303e-33 -1.56715e-18 -3.20489e-32  4.17659e-18  1.01084e-31 -9.79957e-18 -2.79606e-31  2.01883e-17  6.65422e-31 -3.63495e-17 -1.30448e-30  5.67907e-17  1.85145e-30 -7.61476e-17 -7.17205e-31  8.61242e-17 -6.48536e-30 -7.98011e-17  2.88749e-29  5.72346e-17 -8.11869e-29 -2.74087e-17  1.80934e-28   3.2131e-18 -3.39179e-28  7.43221e-18  5.45339e-28 -6.35793e-18 -7.52711e-28  1.41577e-18  8.77246e-28  1.26812e-18 -8.20828e-28 -9.93446e-19  5.17498e-28  1.16247e-20  1.82863e-29  2.63973e-19 -6.73491e-28 -6.83598e-20  1.26978e-27 -4.99467e-20 -1.63824e-27  2.23387e-20  1.69507e-27  8.36299e-21 -1.47306e-27 -4.79251e-21  1.09211e-27 -1.45177e-21   -6.921e-28  7.73597e-22  3.71907e-28  2.63869e-22 -1.65955e-28 -8.89841e-23  5.85938e-29 -4.31318e-23 -1.41778e-29  5.21814e-24  6.70031e-31  5.28348e-24  1.46511e-30  3.03145e-25 -9.05828e-31 -3.97346e-25  3.17304e-31 -8.95718e-26 -6.81744e-32  1.04151e-26  5.54305e-33  6.87773e-27  1.14388e-33  6.91746e-28  4.43709e-35 -1.63199e-28 -3.78142e-34  -5.0327e-29  2.16664e-34  -3.3363e-30 -8.35165e-35  6.26328e-31   2.5913e-35  1.41226e-31 -6.12955e-36  8.86336e-33   1.0119e-36 -3.84578e-34 -1.14015e-37  -8.8358e-35  9.19224e-39 -4.55015e-36 -4.94085e-40 -4.64242e-38  1.06749e-41  2.08163e-39  1.13548e-43
 3.79577e-45  6.49356e-32 -1.38576e-43 -4.09677e-30  2.10537e-42  1.37489e-28 -5.73729e-42 -3.08738e-27  7.32341e-42   5.1272e-26  8.32361e-41  -6.6612e-25 -2.64281e-39  7.01657e-24  3.58869e-38 -6.14062e-23 -3.51653e-37  4.54379e-22  2.92888e-36 -2.87968e-21 -2.08287e-35  1.57825e-20  1.29145e-34 -7.53422e-20 -7.06466e-34  3.14932e-19  3.43354e-33 -1.15693e-18 -1.48867e-32  3.74362e-18  5.76885e-32 -1.06803e-17 -1.99765e-31   2.6854e-17  6.16515e-31 -5.93992e-17 -1.68537e-30  1.15178e-16  4.03139e-30  -1.9467e-16 -8.22846e-30  2.84297e-16  1.34979e-29 -3.53949e-16 -1.44558e-29  3.67599e-16 -4.61311e-30 -3.06392e-16  7.64219e-29   1.8852e-16 -2.52885e-28 -6.45713e-17  5.93902e-28  -1.5037e-17 -1.13552e-27  3.46856e-17   1.8421e-27 -1.78536e-17 -2.56671e-27  -1.0979e-18  3.05761e-27  6.09333e-18 -3.03695e-27 -2.21072e-18  2.33502e-27 -9.36665e-19 -1.01206e-27  8.47303e-19 -6.16817e-28  4.36431e-20  2.09288e-27 -2.05134e-19 -3.01339e-27  1.50678e-20  3.20651e-27  4.07294e-20 -2.77962e-27 -4.26739e-21  2.02328e-27 -7.17774e-21 -1.24597e-27  4.44966e-22  6.45514e-28  1.10047e-21 -2.75797e-28  3.69989e-23  9.24868e-29 -1.32819e-22 -2.08377e-29 -2.13096e-23  5.01209e-31  1.03751e-23  2.27905e-30  3.54946e-24 -1.30103e-30 -2.45674e-25  4.27729e-31 -2.92236e-25  -8.3279e-32 -3.58912e-26  5.05142e-33  9.16741e-27  4.74181e-34   3.1971e-27  1.30798e-33  1.91787e-28 -1.10133e-33 -6.84199e-29  4.80057e-34 -1.52043e-29   -1.598e-34 -7.87171e-31  4.44547e-35   1.2935e-31 -9.52227e-36  2.33153e-32  1.41561e-36  1.23986e-33 -1.41198e-37 -1.89682e-35  9.58174e-39 -4.61367e-36 -3.85329e-40  -1.5117e-37  6.15221e-42 -8.73845e-40
-1.88841e-32  5.04773e-44  2.10317e-30 -9.96368e-43 -9.27413e-29  1.21556e-41  2.50954e-27 -3.71254e-41 -4.81648e-26  8.32361e-41  7.05692e-25  8.71318e-40 -8.25074e-24 -2.40175e-38  7.92701e-23  3.05492e-37  -6.3887e-22 -2.85872e-36  4.38446e-21  2.22958e-35 -2.59098e-20 -1.49319e-34  1.32947e-19   8.7692e-34 -5.96012e-19 -4.56829e-33   2.3449e-18  2.12485e-32 -8.12045e-18 -8.85705e-32  2.47929e-17  3.31426e-31  -6.6758e-17 -1.11329e-30  1.58365e-16  3.35059e-30 -3.30124e-16 -8.99466e-30  6.02039e-16   2.1354e-29 -9.53856e-16 -4.41074e-29  1.29908e-15  7.65977e-29 -1.49578e-15  -1.0227e-28  1.41613e-15  6.92578e-29 -1.04528e-15  1.30246e-28  5.26192e-16 -6.62906e-28 -8.44779e-17  1.71226e-27 -1.25952e-16 -3.37615e-27  1.20394e-16   5.5287e-27  -3.2619e-17 -7.72676e-27 -2.11655e-17  9.26292e-27  1.96725e-17 -9.41145e-27 -1.45621e-18  7.78647e-27 -4.92234e-18 -4.61549e-27  1.63751e-18  7.32517e-28  8.69192e-19  2.75332e-27 -5.01447e-19 -4.94657e-27 -1.35056e-19  5.53097e-27  1.07345e-19 -4.81019e-27  2.29746e-20  3.43956e-27 -1.79479e-20  -2.0542e-27 -4.47308e-21   1.0223e-27  2.25382e-21 -4.16092e-28  8.12516e-22  1.31636e-28 -1.72485e-22 -2.72292e-29 -1.11209e-22 -2.04031e-31 -2.63831e-26  3.30068e-30  9.57099e-24 -1.74305e-30  1.61525e-24  5.37061e-31 -3.56564e-25 -9.16725e-32  -1.5551e-25  3.05022e-33 -9.55079e-27  -1.8462e-33  4.84258e-27   4.1354e-33  1.13147e-27 -2.51099e-33   4.1085e-29  9.39975e-34 -1.94896e-29 -2.77571e-34 -3.34967e-30   6.9203e-35 -1.48402e-31 -1.32905e-35  1.59662e-32  1.75167e-36  2.33466e-33  -1.5119e-37  9.90675e-35  8.35661e-39  1.37794e-37 -2.39835e-40 -7.08124e-38  3.00735e-42
 1.16684e-44 -8.25044e-31  4.60594e-43  5.23489e-29  -6.4573e-42 -1.76625e-27  7.08355e-41  3.98804e-26 -2.92301e-40  -6.6612e-25  8.71318e-40  8.70665e-24   8.2814e-39 -9.22952e-23 -2.03344e-37  8.13129e-22   2.3853e-36 -6.05905e-21 -2.08871e-35  3.86835e-20  1.52384e-34 -2.13658e-19 -9.61422e-34   1.0283e-18   5.3527e-33 -4.33544e-18 -2.65812e-32   1.6072e-17  1.18432e-31 -5.25087e-17 -4.74927e-31  1.51341e-16  1.71651e-30 -3.84691e-16 -5.59083e-30   8.6089e-16  1.63834e-29 -1.69042e-15 -4.30409e-29  2.89645e-15  1.00712e-28 -4.29434e-15 -2.07466e-28  5.43821e-15  3.67959e-28 -5.76139e-15 -5.34691e-28   4.9231e-15  5.46859e-28 -3.14099e-15 -7.29153e-29  1.17079e-15 -1.38189e-27  1.67762e-16  4.32882e-27 -5.57966e-16 -8.98832e-27  3.19369e-16  1.49275e-26 -1.98569e-18 -2.08805e-26 -9.99338e-17  2.49935e-26   4.3256e-17 -2.55298e-26  1.29681e-17    2.174e-26 -1.53793e-17 -1.43897e-26  2.83271e-19  5.56007e-27   3.6019e-18  2.23932e-27 -5.19479e-19 -7.16269e-27 -7.06144e-19  8.70834e-27  1.28553e-19 -7.64993e-27  1.26267e-19  5.37191e-27 -1.73995e-20 -3.10004e-27 -2.02709e-20  1.47307e-27  6.75641e-22 -5.66581e-28  2.64422e-21  1.67305e-28   2.5977e-22 -3.10152e-29  -2.3586e-22 -1.72515e-30 -6.06844e-23  4.49002e-30  9.27946e-24 -2.20719e-30  5.95309e-24  6.33978e-31  4.59763e-25  -8.7135e-32 -2.40252e-25 -1.35277e-33 -6.27699e-26 -7.20039e-33 -1.37352e-27   9.5482e-33  1.76593e-27 -4.93655e-33  3.05342e-28  1.64877e-33  7.68305e-30 -4.36559e-34 -3.71668e-30  9.75333e-35 -5.08864e-31 -1.66685e-35 -2.00752e-32  1.91552e-36  9.92852e-34 -1.38808e-37    1.167e-34  5.93675e-39  3.16188e-36 -1.12121e-40  1.11831e-38
 2.15124e-31  6.08945e-44 -2.40403e-29  3.66271e-42  1.06569e-27 -4.56861e-41 -2.89962e-26  4.86967e-40  5.59734e-25 -2.64281e-39 -8.25074e-24   8.2814e-39  9.70792e-23  7.06879e-38 -9.38935e-22  -1.5625e-36  7.62038e-21   1.6842e-35 -5.26833e-20 -1.37144e-34  3.13746e-19  9.35871e-34 -1.62303e-18 -5.56519e-33  7.33885e-18  2.94009e-32 -2.91361e-17 -1.39359e-31   1.0187e-16  5.95662e-31 -3.14197e-16 -2.30153e-30  8.55206e-16  8.04499e-30 -2.05229e-15 -2.54284e-29  4.33151e-15  7.25533e-29 -8.00601e-15 -1.86273e-28  1.28723e-14  4.28029e-28 -1.78202e-14 -8.72418e-28   2.0906e-14  1.55232e-27  -2.0242e-14 -2.33572e-27  1.53905e-14  2.74608e-27 -8.14326e-15 -1.82014e-27   1.6569e-15 -1.81395e-27  1.68318e-15  9.46035e-27 -1.82966e-15 -2.15014e-26  5.89572e-16  3.65407e-26  2.73208e-16 -5.11803e-26 -3.11581e-16  6.09113e-26  4.30669e-17 -6.19589e-26  7.26232e-17  5.31782e-26 -3.05851e-17 -3.68607e-26 -1.16011e-17  1.78592e-26  8.89323e-18  -1.4538e-27  1.56845e-18 -8.85824e-27 -1.89843e-18  1.24584e-26 -2.50709e-19 -1.11497e-26  3.27269e-19   7.6748e-27  5.46509e-20 -4.25126e-27 -4.42095e-20  1.90877e-27 -1.16128e-20 -6.84024e-28  4.02638e-21   1.8491e-28  1.82228e-21 -2.91743e-29   -1.251e-22  -4.2747e-30 -1.80158e-22  5.79819e-30 -2.06553e-23 -2.67874e-30  8.64099e-24  7.03739e-31  2.73265e-24 -5.88611e-32  4.39979e-26 -9.55484e-33 -1.08556e-25 -1.76782e-32 -1.96154e-26  1.87997e-32  2.41127e-29 -8.65325e-33  4.55174e-28   2.6069e-33  6.14486e-29 -6.20948e-34  1.38173e-30  1.24318e-34 -4.43413e-31 -1.87748e-35 -4.80742e-32  1.84279e-36 -1.59303e-33 -1.07246e-37  2.01183e-35  3.25712e-39  1.76564e-36 -3.38722e-41
 1.95727e-44   8.4974e-30 -2.51695e-43 -5.41953e-28  3.13514e-41  1.83862e-26 -4.00135e-40 -4.17547e-25  4.04547e-39  7.01657e-24 -2.40175e-38 -9.22952e-23  7.06879e-38  9.84917e-22  5.40898e-37 -8.73811e-21 -1.08148e-35  6.55924e-20   1.0696e-34 -4.22016e-19 -8.07498e-34  2.34991e-18  5.14986e-33  -1.1407e-17 -2.88622e-32  4.85296e-17   1.4482e-31  -1.8163e-16 -6.56396e-31  5.99429e-16  2.69822e-30 -1.74632e-15 -1.00731e-29  4.48999e-15  3.41471e-29 -1.01719e-14 -1.04986e-28  2.02387e-14  2.92125e-28 -3.51796e-14 -7.33288e-28  5.29906e-14  1.65259e-27 -6.83127e-14 -3.31907e-27  7.38917e-14  5.86815e-27 -6.47919e-14 -8.92956e-27  4.28943e-14  1.11357e-26 -1.73247e-14 -9.82088e-27 -1.07906e-15  1.41151e-27  7.28454e-15  1.71364e-26 -4.65685e-15 -4.61461e-26  3.35522e-16  8.14411e-26  1.32298e-15 -1.14491e-25 -6.82499e-16  1.35171e-25  -1.3168e-16 -1.36133e-25  2.25913e-16  1.16417e-25 -2.04556e-17 -8.21406e-26 -5.08346e-17   4.3781e-26  1.14455e-17 -1.15816e-26  9.75575e-18 -8.43621e-27 -2.69858e-18  1.59114e-26 -1.76248e-18 -1.46983e-26  4.08633e-19  9.87443e-27  2.96822e-19 -5.18415e-27 -3.33059e-20  2.15467e-27 -4.19463e-20 -6.98174e-28 -1.38053e-21  1.64994e-28  4.22447e-21 -1.86427e-29  7.84774e-22 -7.93676e-30 -2.23418e-22  7.19682e-30 -9.59025e-23 -3.14358e-30 -2.52575e-24  7.12409e-31  4.83292e-24  1.34028e-32  9.60863e-25 -2.32566e-32 -2.62746e-26 -3.62035e-32 -3.53579e-26  3.30913e-32 -4.76314e-27 -1.37107e-32  4.69337e-29  3.72583e-33  8.09349e-29 -7.98261e-34  8.72741e-30  1.43236e-34  2.04256e-31 -1.89644e-35 -2.87879e-32  1.54509e-36 -2.31841e-33 -6.72567e-38 -5.09227e-35  1.22773e-39 -2.87703e-38
-2.00781e-30   3.6249e-43  2.25571e-28 -1.05029e-41 -1.00545e-26  3.18056e-40  2.75153e-25 -3.97928e-39 -5.34369e-24  3.58869e-38  7.92701e-23 -2.03344e-37 -9.38935e-22  5.40898e-37  9.14495e-21  3.71111e-36 -7.47674e-20 -6.71382e-35  5.20908e-19   6.0717e-34 -3.12746e-18 -4.23108e-33  1.63175e-17  2.51422e-32 -7.44507e-17 -1.32631e-31  2.98403e-16  6.32618e-31 -1.05387e-15 -2.74977e-30  3.28533e-15  1.09182e-29 -9.04433e-15 -3.95846e-29  2.19689e-14  1.30813e-28 -4.69748e-14 -3.93045e-28  8.80565e-14  1.07057e-27 -1.43779e-13 -2.63395e-27  2.02488e-13  5.82671e-27 -2.42246e-13 -1.15145e-26  2.40099e-13  2.01252e-26 -1.88214e-13 -3.05832e-26  1.04658e-13  3.90638e-26  -2.5759e-14  -3.8514e-26 -1.81008e-14  2.01795e-26  2.29642e-14  2.23662e-26 -8.66881e-15 -8.80751e-26 -2.73862e-15   1.6538e-25  4.06004e-15 -2.34335e-25 -8.35951e-16  2.74126e-25 -8.67227e-16 -2.72305e-25  4.62108e-16  2.30472e-25  1.18251e-16 -1.63217e-25 -1.28462e-16   9.1262e-26  -1.1524e-17 -3.27289e-26   2.7293e-17 -3.11625e-27  1.42417e-18  1.71314e-26 -4.83234e-18 -1.68343e-26 -4.27036e-19  1.09385e-26  6.95998e-19 -5.28837e-27  1.23958e-19   1.9288e-27 -7.23106e-20 -5.13701e-28  -2.3594e-20   8.6414e-29  3.78315e-21  2.89268e-30  2.72162e-21 -1.27223e-29  1.58748e-22   8.6893e-30 -1.61021e-22 -3.53126e-30 -3.79139e-23  5.73878e-31  1.60161e-24  1.64664e-31   1.9222e-24 -4.34747e-32  2.64061e-25  -6.6321e-32 -1.44798e-26  5.30181e-32 -8.36791e-27 -1.97459e-32  -8.8262e-28  4.81718e-33  6.03863e-30 -9.27043e-34  9.28459e-30  1.49145e-34  7.88119e-31 -1.71303e-35  1.79822e-32  1.11062e-36 -7.50845e-34 -3.18149e-38 -3.47872e-35  2.22511e-40
 3.79714e-44 -7.26263e-29   5.9885e-42  4.65757e-27 -1.78347e-40 -1.58926e-25  3.47514e-39  3.63108e-24 -3.90043e-38 -6.14062e-23  3.05492e-37  8.13129e-22  -1.5625e-36 -8.73811e-21  3.71111e-36  7.80952e-20  2.27759e-35 -5.90761e-19 -3.70811e-34  3.83187e-18  3.03868e-33   -2.152e-17 -1.93477e-32  1.05407e-16  1.06238e-31 -4.52714e-16 -5.25237e-31  1.71143e-15  2.38346e-30 -5.70849e-15 -9.99107e-30  1.68192e-14  3.86596e-29 -4.37668e-14 -1.37532e-28  1.00436e-13  4.47598e-28 -2.02625e-13 -1.32625e-27   3.5756e-13  3.56212e-27 -5.47608e-13 -8.63599e-27  7.19247e-13  1.88127e-26  -7.9504e-13 -3.66115e-26  7.16043e-13  6.31245e-26 -4.92226e-13 -9.51312e-26  2.14613e-13  1.22217e-25 -2.55621e-15 -1.26551e-25 -7.88967e-14  8.80436e-26  5.67217e-14  5.19118e-27  -7.7776e-15 -1.45965e-25 -1.44176e-14  3.04604e-25   8.9155e-15 -4.37934e-25  8.64604e-16  5.07377e-25 -2.74675e-15 -4.95877e-25  4.60358e-16  4.13923e-25  5.87411e-16 -2.92512e-25 -1.89564e-16    1.686e-25  -1.0881e-16 -7.09327e-26  4.36922e-17  1.19462e-26  1.97229e-17  1.21517e-26 -7.08838e-18 -1.45597e-26  -3.5007e-18   8.9327e-27  7.46814e-19 -3.55966e-27  5.40064e-19  8.35667e-28 -2.22967e-20 -2.20418e-29 -6.12687e-20  -6.8411e-29 -7.30598e-21  3.66185e-29  4.02408e-21 -1.88525e-29  1.23803e-21  1.02476e-29  -4.5296e-23 -3.58708e-30 -7.76124e-23  1.04894e-31 -1.14345e-23   4.4584e-31  1.15489e-24 -6.85689e-32  5.67422e-25 -1.11311e-31  5.73109e-26  7.78349e-32 -3.66488e-27 -2.58868e-32 -1.39842e-27  5.63053e-33  -1.1845e-28 -9.72018e-34 -2.46261e-31  1.40319e-34  6.03301e-31 -1.37707e-35  3.70785e-32   6.6525e-37  6.21516e-34 -9.42278e-39 -2.79055e-36
 1.56981e-29  -9.7094e-43 -1.77337e-27  9.74812e-41   7.9503e-26 -2.41904e-39  -2.1889e-24  3.63259e-38   4.2781e-23 -3.51653e-37  -6.3887e-22   2.3853e-36  7.62038e-21 -1.08148e-35 -7.47674e-20  2.27759e-35  6.16019e-19  1.23935e-34 -4.32678e-18 -1.78727e-33     2.62e-17  1.29674e-32 -1.37932e-16 -7.34143e-32  6.35319e-16  3.63403e-31 -2.57198e-15 -1.65979e-30  9.18007e-15  7.17202e-30 -2.89405e-14 -2.94296e-29  8.06277e-14  1.13589e-28 -1.98357e-13 -4.06678e-28  4.29976e-13  1.33393e-27 -8.18025e-13 -3.97234e-27  1.35746e-12  1.06736e-26  -1.9464e-12 -2.57621e-26   2.3767e-12  5.56326e-26 -2.41362e-12 -1.06988e-25  1.95246e-12  1.82024e-25 -1.14085e-12 -2.71077e-25  3.29308e-13  3.46695e-25  1.57313e-13 -3.65978e-25 -2.42754e-13  2.86153e-25  1.06332e-13  -8.9577e-26  2.05229e-14 -1.96394e-25 -4.43562e-14  5.01385e-25  1.23849e-14 -7.39853e-25  8.46209e-15  8.49431e-25 -5.78951e-15 -8.15862e-25 -8.62269e-16  6.71615e-25  1.54229e-15 -4.74524e-25  7.08608e-18  2.82377e-25 -3.24974e-16 -1.34816e-25  9.86963e-18  4.58851e-26  5.88757e-17 -6.97493e-27  4.64358e-19 -2.17198e-27 -8.99381e-18  5.48974e-28 -8.84897e-19  1.48895e-27  1.04321e-18 -1.60561e-27  2.39376e-19  8.73152e-28 -7.21128e-20 -3.07636e-28 -3.34401e-20  8.35515e-29  2.08973e-22 -2.73039e-29  2.40486e-21    1.159e-29  4.12452e-22 -2.67575e-30 -5.33694e-23 -1.00995e-30 -2.75731e-23  9.14235e-31 -2.67983e-24 -9.17783e-32  3.98879e-25 -1.72488e-31  1.24371e-25  1.04858e-31  9.75762e-27 -3.08644e-32 -5.27547e-28  5.93825e-33  -1.5436e-28 -9.19637e-34 -1.03561e-29  1.19239e-34 -1.01178e-31 -9.77201e-36  1.69391e-32  3.15482e-37  5.54774e-34 -5.71556e-40
   1.248e-42  5.24214e-28 -3.39214e-41 -3.38127e-26  1.44286e-39  1.16077e-24 -2.82427e-38 -2.66898e-23  3.44636e-37  4.54379e-22 -2.85872e-36 -6.05905e-21   1.6842e-35  6.55924e-20 -6.71382e-35 -5.90761e-19  1.23935e-34  4.50527e-18  5.84451e-34 -2.94729e-17 -7.15574e-33  1.67014e-16  4.28304e-32 -8.25818e-16 -1.94507e-31  3.58238e-15  7.70196e-31 -1.36862e-14 -2.98215e-30   4.6163e-14  1.22913e-29 -1.37634e-13  -5.3617e-29  3.62702e-13  2.30204e-28 -8.43654e-13 -9.12856e-28    1.727e-12  3.23973e-27 -3.09615e-12  -1.0179e-26  4.82508e-12  2.82516e-26 -6.46244e-12 -6.92901e-26  7.30684e-12  1.50208e-25  -6.7658e-12 -2.87472e-25  4.83261e-12  4.83974e-25 -2.26719e-12  -7.1149e-25  1.82992e-13  9.00516e-25  7.18672e-13 -9.53467e-25  -5.8723e-13  7.87344e-25  1.18976e-13  -3.8804e-25  1.30603e-13 -1.61408e-25 -9.82267e-14  7.07677e-25 -7.26363e-16 -1.09903e-24  2.80423e-14  1.25462e-24 -7.10637e-15 -1.18633e-24 -5.59984e-15  9.69306e-25  2.51388e-15 -6.94736e-25  9.76175e-16    4.368e-25 -5.72062e-16 -2.39913e-25 -1.75181e-16   1.1715e-25  9.75645e-17 -5.57593e-26  3.31268e-17  3.05109e-26 -1.19034e-17 -1.94247e-26 -5.67781e-18   1.1826e-26  7.61481e-19 -5.87237e-27  7.30859e-19  2.21672e-27  3.72571e-20 -6.27022e-28 -5.76144e-20  1.47779e-28 -1.27421e-20  -4.0425e-29  1.60284e-21  1.17158e-29  1.01695e-21  4.24482e-31  1.00785e-22 -3.20462e-30 -2.43189e-23  1.60885e-30 -7.42725e-24 -9.97514e-32 -4.99628e-25 -2.47047e-31  8.68393e-26  1.29464e-31  1.96404e-26 -3.33711e-32   1.2468e-27  5.63301e-33 -3.98406e-29 -7.84851e-34 -9.91753e-30  9.14213e-35  -4.8154e-31 -6.03638e-36 -5.14168e-33  1.06653e-37  8.63479e-35
-1.04355e-28  1.79561e-41   1.1857e-26 -6.59371e-40 -5.34796e-25  1.85503e-38  1.48181e-23 -2.88425e-37  -2.9155e-22  2.92888e-36  4.38446e-21 -2.08871e-35 -5.26833e-20   1.0696e-34  5.20908e-19 -3.70811e-34 -4.32678e-18  5.84451e-34  3.06506e-17  2.24698e-33 -1.87271e-16 -2.01356e-32  9.95258e-16  6.48395e-32 -4.63006e-15   2.4697e-32  1.89421e-14 -1.49046e-30 -6.83652e-14  9.48502e-30   2.1808e-13 -3.70493e-29 -6.15231e-13  9.24132e-29  1.53397e-12 -6.58527e-29 -3.37328e-12 -7.35912e-28  6.51811e-12  4.93824e-27 -1.10015e-11  -2.0031e-26  1.60742e-11  6.30012e-26 -2.00519e-11 -1.64567e-25  2.08849e-11  3.67166e-25 -1.74496e-11 -7.08506e-25  1.07131e-11  1.18751e-24 -3.54825e-12 -1.72547e-24  -1.0846e-12  2.15457e-24   2.1908e-12 -2.26676e-24 -1.10794e-12  1.92027e-24 -9.56171e-14 -1.14403e-24  4.11387e-13  1.55206e-25 -1.48642e-13  7.43591e-25 -6.71026e-14 -1.32284e-24  6.11795e-14   1.5239e-24  3.10609e-15 -1.43518e-24 -1.55921e-14  1.19404e-24  1.30663e-15  -9.0814e-25  3.23923e-15  6.39218e-25  -3.9356e-16 -4.19855e-25 -5.97983e-16  2.63215e-25  4.84398e-17 -1.63002e-25  9.66426e-17  1.00406e-25  1.58325e-18 -5.84674e-26 -1.23863e-17   2.9692e-26 -1.80062e-18 -1.22667e-26   1.0407e-18  3.95713e-27  3.34114e-19 -1.01533e-27 -2.99805e-20  2.42244e-28 -2.94318e-20 -6.20857e-29 -3.34033e-21  8.20006e-30  9.87466e-22  7.60453e-30  3.24279e-22 -6.92935e-30  1.78072e-23  2.51402e-30 -7.09099e-24 -7.41133e-32 -1.51328e-24 -3.26502e-31 -7.59863e-26  1.46023e-31  1.20867e-26  -3.2558e-32  2.09091e-27  4.78444e-33  1.07305e-28 -6.04423e-34 -1.06236e-30  6.30263e-35 -2.86332e-31 -3.16368e-36 -7.24805e-33  1.92655e-38
-4.95142e-42 -3.23666e-27  2.77833e-40   2.1004e-25 -9.90435e-39 -7.25656e-24  2.06089e-37  1.67969e-22 -2.59928e-36 -2.87968e-21  2.22958e-35  3.86835e-20 -1.37144e-34 -4.22016e-19   6.0717e-34  3.83187e-18 -1.78727e-33 -2.94729e-17  2.24698e-33  1.94545e-16  5.58258e-33 -1.11288e-15  3.62727e-34  5.55775e-15 -4.95253e-31 -2.43637e-14  4.92529e-30  9.41173e-14 -3.03173e-29 -3.21201e-13  1.40944e-28   9.6966e-13 -5.26126e-28 -2.58947e-12  1.60312e-27  6.10936e-12 -3.92304e-27 -1.26989e-11  7.12512e-27  2.31478e-11 -6.35238e-27 -3.67385e-11 -1.57985e-26  5.02215e-11  1.01597e-25 -5.81383e-11 -3.27937e-25  5.54004e-11  7.97247e-25 -4.11434e-11 -1.59075e-24  2.07111e-11   2.6843e-24 -3.00891e-12 -3.87004e-24 -5.54361e-12  4.76399e-24  5.23262e-12 -4.95537e-24 -1.41202e-12  4.24811e-24  -9.8283e-13 -2.82812e-24  9.24828e-13  1.19579e-24 -7.35775e-14   1.2299e-25 -2.42295e-13 -8.71558e-25  8.57798e-14  1.13195e-24  4.38169e-14 -1.14851e-24 -2.75842e-14  1.10307e-24 -6.81363e-15 -1.03615e-24  6.21893e-15  9.19984e-25  1.17187e-15 -7.49202e-25 -1.10333e-15   5.5655e-25 -2.43089e-16 -3.78469e-25  1.49282e-16  2.33255e-25  4.82672e-17  -1.2609e-25 -1.28719e-17  5.70476e-26 -7.20881e-18 -2.06658e-26  1.95501e-19  5.91749e-27  6.75212e-19 -1.47367e-27  1.00553e-19  3.95608e-28 -2.83799e-20 -9.65627e-29 -1.09728e-20 -3.54536e-30  -5.2392e-22  2.12015e-29  3.69187e-22  -1.2449e-29  7.96557e-23  3.52677e-30  2.27885e-24  2.71264e-33  -1.4142e-24 -3.97066e-31 -2.26439e-25  1.49694e-31 -9.29407e-27 -2.84377e-32  9.96913e-28  3.61695e-33  1.32458e-28 -4.20569e-34  5.02982e-30  3.87087e-35  1.16945e-32 -1.33472e-36 -1.62564e-33
 5.96367e-28 -7.96977e-41 -6.81725e-26  4.35564e-39  3.09449e-24 -1.23253e-37 -8.63167e-23  1.99571e-36  1.71026e-21 -2.08287e-35 -2.59098e-20  1.52384e-34  3.13746e-19 -8.07498e-34 -3.12746e-18  3.03868e-33     2.62e-17 -7.15574e-33 -1.87271e-16  5.58258e-33  1.15505e-15 -7.77931e-33 -6.19984e-15  5.38606e-31  2.91461e-14 -6.25362e-30 -1.20566e-13    4.396e-29  4.40263e-13 -2.31658e-28 -1.42193e-12  9.87277e-28  4.06469e-12 -3.51653e-27 -1.02782e-11  1.06059e-26  2.29462e-11 -2.70672e-26 -4.50678e-11  5.74555e-26  7.74334e-11 -9.62676e-26  -1.1539e-10  1.05538e-25  1.47194e-10  1.77119e-26 -1.57391e-10 -4.62484e-25  1.35946e-10  1.46976e-24 -8.76904e-11 -3.20472e-24  3.27932e-11  5.55942e-24  5.49702e-12 -8.01498e-24 -1.70319e-11  9.74321e-24  9.93795e-12 -1.00074e-23 -9.79579e-14  8.65199e-24 -3.26243e-12 -6.28462e-24   1.4915e-12   3.9192e-24   4.1834e-13 -2.30823e-24 -5.51591e-13  1.51393e-24  2.45697e-14 -1.06559e-24  1.33672e-13  4.95615e-25 -2.42736e-14  2.74003e-25 -2.71131e-14 -9.88023e-25  6.24756e-15  1.37769e-24   5.0716e-15 -1.38231e-24 -9.56375e-16  1.12679e-24 -8.67394e-16  -7.8087e-25   6.6443e-17  4.64195e-25  1.22576e-16 -2.32438e-25  7.76963e-18  9.46096e-26  -1.2083e-17 -3.02556e-26 -2.65683e-18  7.81524e-27  5.77895e-19 -2.05001e-27  2.97935e-19   6.5635e-28  1.59107e-20  -1.4555e-28 -1.35413e-20 -3.05464e-29 -3.12283e-21  4.33323e-29 -1.13447e-23 -1.95936e-29    9.644e-23  4.45121e-30  1.50515e-23  1.38684e-31  2.40056e-25 -4.42798e-31  -1.8926e-25  1.38389e-31 -2.33092e-26  -2.1956e-32 -8.16546e-28   2.4159e-33  4.04371e-29 -2.64777e-34  3.87274e-30  2.07018e-35   7.7463e-32   -3.946e-37
 1.23756e-41  1.72585e-26 -1.38762e-39 -1.12714e-24  6.04549e-38  3.92023e-23 -1.30807e-36 -9.13819e-22   1.7026e-35  1.57825e-20 -1.49319e-34 -2.13658e-19  9.35871e-34  2.34991e-18 -4.23108e-33   -2.152e-17  1.29674e-32  1.67014e-16 -2.01356e-32 -1.11288e-15 -7.77931e-33  6.42969e-15 -2.25541e-31 -3.24479e-14  5.09508e-30  1.43822e-13 -4.57111e-29 -5.62106e-13  2.81371e-28  1.94218e-12 -1.35915e-27 -5.94055e-12   5.4377e-27  1.60873e-11 -1.84828e-26 -3.85261e-11  5.39972e-26   8.1378e-11 -1.35941e-25 -1.50947e-10  2.93085e-25  2.44201e-10 -5.30591e-25 -3.41037e-10  7.66721e-25   4.0462e-10 -7.48441e-25 -3.97183e-10  1.25453e-26  3.06898e-10  1.99778e-24 -1.65368e-10 -5.59673e-24   3.4161e-11  1.04212e-23  3.61881e-11 -1.52455e-23 -4.04926e-11  1.83976e-23  1.37874e-11 -1.87207e-23  6.04233e-12  1.64311e-23 -7.50859e-12 -1.30664e-23  1.25751e-12  1.03873e-23   1.7739e-12 -9.09189e-24 -8.51808e-13  8.47327e-24 -2.73638e-13 -7.28475e-24  2.55259e-13  4.93366e-24  3.25835e-14 -1.91595e-24 -5.69965e-14  -7.3002e-25 -4.70474e-15  2.26086e-24   1.0445e-14  -2.6092e-24  1.21348e-15  2.18547e-24 -1.53483e-15 -1.48246e-24  -3.1807e-16  8.34898e-25  1.59035e-16 -3.85275e-25  5.83495e-17  1.40586e-25 -7.54428e-18 -3.93738e-26 -6.56407e-18  9.36158e-27 -5.20628e-19 -2.88051e-27  3.67171e-19   1.0885e-27   9.7087e-20 -2.03596e-28 -1.51455e-21 -8.14002e-29  -4.4316e-21  7.48311e-29 -6.91276e-22 -2.75788e-29  1.64143e-23  5.03809e-30  1.79526e-23  3.24451e-31  2.13203e-24 -4.50916e-31  2.80926e-26  1.13937e-31 -1.57391e-26 -1.46568e-32 -1.45779e-27  1.41404e-33 -4.03779e-29 -1.50466e-34  4.94191e-31  9.13836e-36  2.31986e-32
-2.95409e-27  2.88666e-40  3.39853e-25 -2.26149e-38 -1.55303e-23  7.15677e-37  4.36254e-22 -1.20585e-35  -8.7079e-21  1.29145e-34  1.32947e-19 -9.61422e-34 -1.62303e-18  5.14986e-33  1.63175e-17 -1.93477e-32 -1.37932e-16  4.28304e-32  9.95258e-16  3.62727e-34 -6.19984e-15 -2.25541e-31  3.36284e-14 -1.95037e-30 -1.59844e-13   3.4314e-29  6.68957e-13 -2.70408e-28 -2.47305e-12   1.5243e-27  8.09223e-12 -6.88083e-27 -2.34554e-11  2.60416e-26  6.01953e-11 -8.44864e-26 -1.36537e-10  2.37512e-25  2.72804e-10 -5.80708e-25 -4.77558e-10  1.23175e-24  7.26499e-10 -2.24361e-24 -9.48607e-10  3.42644e-24  1.04239e-09 -4.13857e-24 -9.31653e-10  3.24174e-24  6.31383e-10  5.24508e-25 -2.63357e-10 -7.69654e-24 -1.38047e-11  1.72068e-23  1.14639e-10  -2.6314e-23 -7.74919e-11  3.18926e-23  7.72054e-12 -3.24952e-23   2.2165e-11  2.95286e-23 -1.27528e-11 -2.62265e-23 -1.81724e-12  2.50062e-23  4.27234e-12 -2.55042e-23 -6.09642e-13  2.51095e-23 -9.72401e-13 -2.14407e-23  2.90158e-13  1.44219e-23  1.89278e-13  -6.2361e-24  -7.0979e-14 -4.28287e-25 -3.55478e-14  4.09131e-24  1.19268e-14 -4.92181e-24  6.46226e-15  4.04447e-24 -1.26285e-15 -2.62463e-24 -1.01384e-15  1.38537e-24   2.7177e-17 -5.85372e-25  1.15854e-16  1.89483e-25  1.55666e-17 -4.56307e-26 -7.45156e-18  1.04463e-26 -2.48572e-18 -4.21695e-27  4.65055e-20  1.75429e-27  1.48384e-19 -2.53778e-28  2.40848e-20 -1.63781e-28 -1.71638e-21  1.14134e-28 -1.05897e-21 -3.50387e-29 -1.19522e-22  5.06616e-30  4.12622e-24  5.31839e-31  2.31067e-24 -4.17062e-31  2.12651e-25  8.17154e-32  3.20931e-27 -8.09711e-33 -6.92423e-28   7.1999e-34 -4.30084e-29  -7.5949e-35  -6.6118e-31   2.8826e-36
-5.99027e-41 -8.00407e-26  5.89532e-39  5.26256e-24 -3.11615e-37 -1.84328e-22  7.26293e-36  4.32862e-21 -9.78705e-35 -7.53422e-20   8.7692e-34   1.0283e-18 -5.56519e-33  -1.1407e-17  2.51422e-32  1.05407e-16 -7.34143e-32 -8.25818e-16  6.48395e-32  5.55775e-15  5.38606e-31 -3.24479e-14 -1.95037e-30  1.65566e-13 -1.27168e-29 -7.42441e-13  1.95192e-28   2.9376e-12 -1.40407e-27 -1.02829e-11  7.37404e-27  3.18894e-11 -3.13676e-26 -8.76364e-11    1.127e-25  2.13197e-10 -3.49059e-25 -4.58007e-10  9.41563e-25  8.65252e-10 -2.22102e-24 -1.42818e-09  4.57775e-24  2.03965e-09 -8.19334e-24  -2.4827e-09  1.25547e-23  2.51306e-09 -1.59795e-23 -2.02173e-09  1.56844e-23  1.16372e-09 -8.91349e-24 -3.08873e-10 -5.05046e-24 -1.97529e-10  2.33243e-23  2.73778e-10 -4.01185e-23 -1.14088e-10  5.01356e-23  -2.8716e-11 -5.24437e-23  5.28565e-11  5.12434e-23 -1.37668e-11 -5.21546e-23 -1.09166e-11  5.69885e-23  7.13872e-12 -6.18775e-23  1.24074e-12  6.05934e-23 -2.01376e-12 -4.98996e-23 -3.41996e-14  3.21552e-23  4.43712e-13 -1.34163e-23 -9.96162e-15  -6.8285e-25 -8.34961e-14  7.81947e-24 -1.18716e-15 -9.07206e-24   1.3183e-14    7.114e-24  1.38796e-15 -4.35842e-24 -1.56966e-15  2.13972e-24 -3.75328e-16 -8.21198e-25  1.09329e-16  2.31599e-25  5.29623e-17 -4.64332e-26  8.59452e-20  1.13635e-26 -3.78401e-18 -6.41139e-27 -6.85668e-19  2.68402e-27  7.58308e-20 -2.66685e-28  4.34917e-20 -2.80566e-28  4.62309e-21  1.56697e-28  -5.2875e-22 -4.03424e-29 -1.85303e-22  4.43413e-30 -1.58879e-23  7.20958e-31  4.72447e-25 -3.47759e-31  1.90296e-25  4.87981e-32  1.31892e-26  -3.3077e-33  2.08238e-28   3.1828e-34 -1.11145e-29 -3.23577e-35 -2.67036e-31
