 8.37304e-35  5.84793e-52 -9.07116e-35 -7.51947e-51  4.51827e-35  3.30823e-50 -9.87081e-36   -7.736e-51 -9.49582e-36  6.72014e-50  3.73975e-36 -3.43526e-49  2.08211e-36  2.21305e-49 -4.74068e-36  4.84163e-48  2.43965e-36 -1.11876e-47 -1.13373e-37 -6.16939e-47 -2.78614e-37  3.47436e-47 -1.07239e-37  1.76934e-46  1.49161e-37  1.81785e-45  4.76437e-38 -1.13753e-45 -5.47768e-38 -1.28639e-45  1.63995e-38  2.80763e-45 -7.29024e-39  1.61881e-44 -7.36426e-39  5.89028e-45  5.53051e-39  4.56949e-45 -3.46697e-39 -7.41457e-45  2.03731e-39  1.95131e-44  -7.6193e-40  3.43649e-44  3.92887e-40  2.35348e-44  1.54731e-41 -1.28746e-44 -1.17975e-42  1.33003e-44 -7.18954e-41  2.65676e-44  1.06216e-41  2.29396e-44  1.35423e-41  1.80818e-45  1.44724e-42  5.57959e-45 -3.68382e-41  5.42024e-45  1.07155e-40  3.31002e-45  -2.8356e-40  3.81944e-45  6.98663e-40 -1.58382e-44 -1.57504e-39  3.92143e-44  3.23895e-39 -9.22869e-44 -6.05545e-39  2.16098e-43  1.02388e-38 -4.70946e-43 -1.55541e-38  9.59909e-43  2.10525e-38 -1.82928e-42  -2.5112e-38   3.2548e-42   2.6007e-38 -5.39747e-42 -2.28827e-38  8.32709e-42   1.6522e-38 -1.19262e-41 -9.17547e-39  1.58179e-41  3.33229e-39  -1.9373e-41 -2.79265e-40  2.18386e-41 -3.90316e-40 -2.25725e-41  4.95036e-42  2.12977e-41  3.55574e-40 -1.82483e-41 -3.78497e-40  1.41114e-41  2.33242e-40 -9.77627e-42 -1.07735e-40  6.01364e-42  4.52299e-41 -3.24829e-42  -1.8794e-41  1.51929e-42   6.8395e-42 -6.04129e-43 -1.88318e-42  1.99165e-43  3.96852e-43  -5.2455e-44 -8.69065e-44  1.03747e-44  2.50161e-44   -1.351e-45 -6.89841e-45  6.76837e-47  1.40657e-45  1.04211e-47 -1.81104e-46 -1.97799e-48  1.11813e-47  8.47445e-50
 5.84793e-52  1.73431e-34  4.64267e-51 -1.60327e-34 -1.72897e-50  6.99101e-35   9.3236e-50  5.79897e-36  2.63164e-49 -2.41604e-35  6.46565e-49  4.18793e-36 -2.04016e-48  5.49989e-36  6.45739e-49 -8.38947e-36   3.6471e-47  2.46489e-36  -3.9414e-47  9.60642e-37  -5.3394e-46 -5.97992e-37 -4.19659e-47 -2.94029e-37   1.6704e-45  1.51759e-37  1.61342e-44  1.75567e-37 -6.10131e-45 -9.26701e-38 -8.64272e-45  3.77564e-38   3.2778e-44  -2.5217e-38  1.15199e-43 -1.99015e-38  3.22976e-44  1.37238e-38   3.4437e-44 -6.83336e-39 -2.52284e-44  5.31713e-39  1.15709e-43 -2.32945e-39  1.85749e-43  1.24625e-39  1.63099e-43  1.20107e-40 -4.15349e-44  -3.7291e-41  8.76574e-44  -2.1406e-40   1.6055e-43  4.63479e-41  1.53188e-43 -6.52829e-41  1.22654e-44  3.64185e-40  2.15806e-44 -1.20396e-39  2.86172e-44  3.35355e-39 -6.90322e-45 -8.58791e-39  8.40026e-44  2.02107e-38 -2.50389e-43 -4.34972e-38  6.27005e-43  8.52814e-38 -1.48708e-42 -1.51611e-37  3.35314e-42   2.4295e-37 -7.07074e-42 -3.48311e-37  1.39492e-41  4.42476e-37 -2.57163e-41 -4.91652e-37  4.42419e-41  4.69143e-37 -7.09043e-41 -3.73742e-37  1.05655e-40  2.36544e-37 -1.46057e-40 -1.06475e-37  1.86831e-40  2.19004e-38 -2.20489e-40   9.7675e-39   2.3925e-40  -8.2237e-39 -2.37748e-40  -1.2702e-39  2.15361e-40  5.51338e-39 -1.76862e-40 -4.43338e-39   1.3083e-40  2.19074e-39  -8.6501e-41 -8.75808e-40  5.06381e-41  3.62781e-40 -2.59424e-41 -1.49852e-40  1.14607e-41  4.74834e-41 -4.28273e-42 -9.66142e-42   1.3187e-42  1.25619e-42 -3.22041e-43   -2.086e-43  5.86289e-44  7.32608e-44 -7.03151e-45 -2.24915e-44  3.65902e-46  4.54403e-45  2.55944e-47 -4.97437e-46 -4.10709e-48  1.84041e-47
-9.07116e-35  4.64267e-51  2.49976e-34   2.0357e-50 -1.97623e-34 -3.02202e-50  4.77804e-35  3.59387e-49  5.33353e-35   2.9447e-48 -4.92496e-35   3.8731e-48  6.54286e-36 -3.30922e-49  7.04761e-36 -1.12661e-47 -9.93103e-36  1.77523e-46  5.65261e-37  1.47343e-46  2.78553e-36 -2.98205e-45 -1.07762e-36 -2.20807e-45 -1.43444e-37  1.09375e-44 -2.67286e-37  9.77685e-44  4.08845e-37 -2.01419e-44 -7.26149e-38 -3.51542e-44   6.0676e-38  2.21746e-43 -5.03133e-38  5.71725e-43 -4.16833e-38  1.16508e-43  2.22331e-38  1.73716e-43 -6.65654e-39 -2.18731e-44  1.01296e-38  4.61444e-43 -5.40167e-39  7.01694e-43  3.02675e-39  7.38873e-43   4.8911e-40 -4.05299e-44  -1.8279e-40  4.03975e-43 -6.22415e-40  6.64023e-43  8.57857e-40  6.77732e-43 -2.85485e-39  5.84098e-44  9.31372e-39   3.1465e-44 -2.72558e-38  1.70029e-43  7.28405e-38 -3.06179e-43 -1.78865e-37  1.05541e-42  4.02449e-37 -2.85448e-42 -8.26612e-37  7.02246e-42  1.54316e-36 -1.62813e-41 -2.60443e-36  3.54921e-41  3.94732e-36 -7.24208e-41 -5.32672e-36  1.38216e-40  6.32831e-36 -2.46402e-40 -6.51648e-36  4.09712e-40  5.68326e-36 -6.34299e-40 -4.04041e-36  9.12461e-40  2.16908e-36 -1.21684e-39  -7.0113e-37  1.50033e-39 -4.67231e-38 -1.70505e-39   1.8993e-37  1.77965e-39 -7.17651e-38 -1.69892e-39 -3.52628e-38  1.47619e-39  5.55186e-38 -1.16079e-39 -3.27922e-38  8.20438e-40  1.27637e-38 -5.16959e-40 -4.73854e-39  2.87504e-40   2.1393e-39 -1.39388e-40 -8.51582e-40  5.79928e-41  2.13769e-40 -2.02855e-41 -2.60048e-41  5.80153e-42  1.36508e-43 -1.30296e-42  2.32242e-43  2.15482e-43  4.31991e-44 -2.32019e-44 -3.64608e-44  1.12861e-45  8.66907e-45  3.71273e-47 -7.55955e-46 -4.23933e-48
-7.51947e-51 -1.60327e-34   2.0357e-50  2.92849e-34  4.13887e-50 -1.93914e-34 -1.48427e-49 -2.42302e-36  2.50404e-48  1.14743e-34  2.15006e-47 -7.60577e-35  1.69056e-47    1.154e-35  9.39081e-47  5.06553e-36 -1.72858e-46 -8.32094e-36  6.38566e-46  -2.5437e-36  2.69628e-45  4.66904e-36 -1.20601e-44 -1.83756e-36 -1.93195e-44  6.88857e-37  5.71291e-44 -1.25247e-36  4.68802e-43  7.42658e-37 -4.43482e-44  2.21888e-38  -8.8554e-44  7.84097e-38  1.09605e-42 -6.69279e-38  2.28688e-42 -7.47555e-38  3.08294e-43  2.51185e-38  6.54627e-43  2.31245e-39  1.94352e-43   1.5642e-38  1.41447e-42 -1.05728e-38   2.1286e-42   6.5687e-39  2.56767e-42  1.07388e-39  2.75258e-43  4.51477e-40  1.48463e-42 -5.54257e-39  2.17811e-42  1.77465e-38  2.31485e-42 -5.82443e-38  2.67748e-43  1.76548e-37  -2.5758e-43 -4.92077e-37  1.33969e-42  1.26066e-36 -3.55438e-42 -2.96324e-36  1.01229e-41  6.36991e-36 -2.60753e-41 -1.24729e-35  6.24099e-41  2.21394e-35 -1.40369e-40 -3.54086e-35  2.96017e-40  5.06395e-35 -5.84294e-40 -6.41228e-35  1.07831e-39   7.0937e-35 -1.85804e-39 -6.72589e-35  2.98461e-39  5.30366e-35 -4.46111e-39 -3.29252e-35  6.19175e-39  1.40958e-35 -7.96066e-39  -2.0623e-36   9.4546e-39 -2.23773e-36 -1.03395e-38   1.7804e-36  1.03729e-38 -2.57704e-37 -9.50508e-39 -4.58392e-37    7.915e-39  3.98661e-37 -5.95335e-39 -1.68365e-37  4.01563e-39  5.17919e-38 -2.40791e-39 -2.15062e-38  1.26995e-39  1.10515e-38 -5.81328e-40 -3.82184e-39  2.27089e-40   6.6614e-40 -7.40442e-41 -2.10926e-41   1.9552e-41 -1.27121e-41 -4.00259e-42   3.3274e-42  5.92767e-43 -4.60365e-43 -5.57991e-44 -1.61997e-44  2.34462e-45  1.13889e-44  3.53341e-47 -6.46927e-46
 4.51827e-35 -1.72897e-50 -1.97623e-34  4.13887e-50   3.0571e-34 -1.25674e-49 -1.86191e-34 -9.17455e-49  -5.0529e-35  1.83622e-47  1.67468e-34  1.22415e-46 -9.35439e-35  6.02037e-47  1.71819e-35  9.63028e-46   3.6404e-37 -1.42702e-45 -3.14851e-36  1.77934e-45 -5.81974e-36  1.95098e-44  5.76531e-36 -3.48314e-44 -2.92987e-36 -1.11041e-43   2.2379e-36   2.5256e-43 -2.68677e-36  1.89249e-42  1.18458e-36 -6.45145e-44  1.33741e-37 -5.87575e-44  8.46273e-38  4.34976e-42 -5.17244e-38  7.83109e-42 -1.17195e-37  5.73957e-43   1.6341e-38   1.8751e-42  2.46033e-38   1.2035e-42   1.9143e-38  3.45296e-42 -1.82359e-38  5.46402e-42  1.43195e-38  7.30621e-42 -3.32801e-39   1.9279e-42  2.23486e-38  4.57609e-42 -9.08849e-38  6.05291e-42  3.07844e-37  6.42013e-42 -9.68548e-37  1.47444e-42  2.81016e-36 -3.36654e-42 -7.50681e-36  1.08691e-41  1.84214e-35 -3.03102e-41 -4.14083e-35  8.07154e-41  8.49548e-35 -2.00314e-40 -1.58383e-34  4.64817e-40  2.66866e-34 -1.01205e-39 -4.03627e-34  2.06428e-39   5.4323e-34  -3.9397e-39 -6.43103e-34  7.02692e-39  6.58987e-34 -1.16964e-38 -5.70522e-34  1.81388e-38  4.00598e-34 -2.61587e-38 -2.09484e-34  3.50048e-38  6.16034e-35 -4.33567e-38  1.18254e-35  4.95621e-38 -2.39276e-35 -5.21145e-38  1.03827e-35  5.02104e-38  1.24959e-36 -4.41245e-38 -3.81945e-36  3.51791e-38  2.07175e-36 -2.52835e-38 -5.84517e-37  1.62556e-38  1.58446e-37  -9.2627e-39 -9.85493e-38  4.62439e-39  5.07456e-38 -1.99393e-39 -1.32705e-38  7.28973e-40  1.28826e-39 -2.20561e-40  1.09482e-40  5.34219e-41 -5.28361e-41 -9.86895e-42  1.42879e-41  1.28741e-42 -2.19145e-42  -1.0272e-43   5.4991e-44  3.43636e-45  1.08626e-44   2.1232e-47
 3.30823e-50  6.99101e-35 -3.02202e-50 -1.93914e-34 -1.25674e-49  3.35563e-34 -1.73988e-48 -2.01786e-34 -3.37418e-48 -7.92314e-35  1.16914e-46  1.92828e-34   5.6322e-46 -9.39239e-35  2.04045e-46  1.92655e-35  6.30017e-45  -4.8616e-36  -8.7386e-45  5.31394e-36  3.97659e-45 -8.35082e-36  1.00954e-43  5.49592e-36 -5.54672e-44 -4.37033e-36 -5.00173e-43  4.20077e-36  9.78328e-43 -4.24113e-36  6.66127e-42  1.79797e-36 -1.16587e-43  1.26089e-37  7.20575e-43  7.46714e-38   1.4589e-41  1.51136e-38  2.37613e-41  -1.6169e-37  4.45902e-43 -4.73518e-39  3.82569e-42  6.19575e-38  4.10579e-42  1.59304e-38  6.54963e-42 -3.24171e-38  1.21648e-41  4.91788e-38  1.75824e-41 -1.00482e-37  7.81153e-42  3.96554e-37  1.21022e-41 -1.41905e-36  1.50108e-41  4.64129e-36   1.4084e-41 -1.40164e-35  9.55571e-42  3.90145e-35 -2.72956e-41 -9.98871e-35  7.97082e-41  2.34601e-34 -2.17462e-40 -5.03816e-34   5.5617e-40  9.85367e-34 -1.33364e-39 -1.74652e-33  2.99574e-39  2.78835e-33  -6.3088e-39 -3.97883e-33  1.24399e-38  5.02359e-33 -2.29417e-38 -5.53565e-33  3.95202e-38  5.21927e-33 -6.34969e-38 -4.07972e-33  9.49919e-38  2.49237e-33  -1.3206e-37 -1.02405e-33  1.70228e-37  1.01972e-34 -2.02931e-37   2.1184e-34  2.23063e-37 -1.60074e-34 -2.25302e-37   3.3739e-35  2.08261e-37  2.48154e-35 -1.75343e-37 -2.23799e-35  1.33708e-37  7.41748e-36 -9.17215e-38 -1.11229e-36  5.61405e-38    4.933e-37 -3.03542e-38 -4.71538e-37  1.43186e-38  1.93817e-37 -5.80098e-39 -3.27622e-38  1.97804e-39  7.82458e-40 -5.52608e-40  3.91091e-40   1.2186e-40 -1.35459e-40 -2.00778e-41  4.48156e-41  2.26122e-42 -5.56395e-42 -1.46939e-43  1.19745e-43  3.49581e-45  6.73116e-45
-9.87081e-36   9.3236e-50  4.77804e-35 -1.48427e-49 -1.86191e-34 -1.73988e-48  4.08528e-34 -1.05883e-47 -2.32731e-34  -8.3588e-51 -8.27231e-35  6.43297e-46  1.82784e-34  2.08336e-45 -7.65788e-35  7.99758e-46  1.43701e-35  3.20012e-44 -9.03829e-36 -4.36642e-44  1.62751e-35  7.96049e-45 -9.86454e-36  4.22955e-43   3.9198e-36  9.36043e-44 -6.23003e-36 -1.89426e-42  6.06793e-36  3.39956e-42 -5.52586e-36  2.09235e-41  2.70787e-36 -8.25478e-43  -1.6618e-37  4.69303e-42  4.58161e-38  4.27449e-41  1.37073e-37  6.53796e-41 -1.97605e-37  -1.8946e-42 -2.63679e-38   3.4762e-42  1.09471e-37   9.7718e-42  1.38684e-38  8.12374e-42 -1.28045e-37  2.37841e-41  4.40339e-37  3.62827e-41 -1.58143e-36  2.50436e-41  5.82376e-36  2.74104e-41 -1.98306e-35  3.59167e-41  6.23168e-35  1.75779e-41 -1.80663e-34  6.29979e-41  4.82285e-34 -1.85779e-40 -1.18267e-33  5.20142e-40  2.65621e-33 -1.37227e-39   -5.444e-33  3.39043e-39  1.01368e-32 -7.85963e-39 -1.70538e-32  1.70749e-38  2.57442e-32 -3.47546e-38 -3.45637e-32  6.62025e-38  4.07862e-32  -1.1788e-37 -4.16074e-32  1.95945e-37  3.57849e-32 -3.03586e-37  -2.4853e-32  4.37649e-37  1.27044e-32 -5.85861e-37 -3.43122e-33  7.26591e-37 -1.05316e-33 -8.32658e-37  1.67079e-33  8.79019e-37 -7.32709e-34 -8.51804e-37 -2.65004e-35  7.54526e-37  1.93313e-34 -6.07923e-37 -9.26253e-35  4.42876e-37  1.39499e-35 -2.89636e-37  4.20954e-37  1.68558e-37  2.45492e-36 -8.63493e-38 -2.05839e-36  3.84132e-38  5.60785e-37 -1.45849e-38 -4.55271e-38  4.62112e-39 -1.95779e-39 -1.18542e-39   1.4874e-40  2.35942e-40  -3.4034e-40 -3.41795e-41  1.11628e-40   3.2383e-42 -8.94695e-42  -1.6181e-43  1.04859e-43   2.1936e-45
  -7.736e-51  5.79897e-36  3.59387e-49 -2.42302e-36 -9.17455e-49 -2.01786e-34 -1.05883e-47  5.01286e-34 -4.71652e-47 -2.55974e-34  1.03433e-46 -6.38564e-35  3.11975e-45  1.43758e-34  5.82051e-45   -4.803e-35  3.73987e-45  2.46825e-36  1.35236e-43 -1.22712e-35 -1.86268e-43  2.88389e-35   1.9782e-44 -1.08567e-35  1.51285e-42  1.75533e-36  1.16877e-42 -8.68662e-36 -6.27114e-42  7.30373e-36  1.07795e-41 -6.25097e-36  5.96645e-41  4.05055e-36 -5.68166e-42 -8.53948e-37  1.87398e-41  -3.5546e-39  1.12092e-40  2.94674e-37  1.65943e-40 -2.18156e-37 -1.15282e-41 -1.10337e-38 -1.27846e-41  1.09863e-37  1.54817e-41  2.54119e-37 -1.77421e-42 -1.41475e-36  4.11683e-41   5.7405e-36  6.38648e-41  -2.1676e-35  6.99469e-41  7.66268e-35  4.98088e-41 -2.50507e-34   9.5995e-41  7.56082e-34 -5.23907e-41  -2.1034e-33  3.90292e-40  5.38187e-33 -1.12795e-39 -1.26309e-32   3.0552e-39  2.71013e-32 -7.78741e-39 -5.29479e-32  1.86027e-38  9.37244e-32 -4.16811e-38 -1.49387e-31  8.75025e-38  2.12725e-31 -1.71999e-37 -2.67856e-31  3.16205e-37  2.94084e-31  -5.4303e-37  -2.7584e-31  8.69933e-37  2.13887e-31 -1.29799e-36 -1.28777e-31  1.80051e-36  5.09708e-32 -2.31729e-36 -2.96829e-33  2.76068e-36  -1.2539e-32 -3.03629e-36  8.99495e-33  3.07341e-36  -1.9947e-33 -2.85283e-36 -1.12397e-33  2.41796e-36  9.81939e-34 -1.86168e-36 -2.39365e-34  1.29401e-36 -2.21497e-35 -8.05795e-37  5.98416e-36  4.45304e-37   1.4337e-35 -2.15821e-37 -7.13092e-36  9.03709e-38  1.04616e-36 -3.20696e-38  6.54289e-39  9.40315e-39   4.8829e-39 -2.20072e-39 -1.92511e-39  3.91263e-40 -1.01336e-39 -4.89433e-41  2.06938e-40  3.76405e-42 -8.79167e-42 -1.31429e-43     5.47e-44
-9.49582e-36  2.63164e-49  5.33353e-35  2.50404e-48  -5.0529e-35 -3.37418e-48 -2.32731e-34 -4.71652e-47  5.71264e-34 -1.63607e-46 -2.57291e-34  9.29897e-46 -3.29095e-35  1.35821e-44  9.22844e-35  8.85992e-45 -1.76556e-35   1.7996e-44 -1.31537e-35  4.92396e-43 -1.59093e-35 -6.96581e-43  4.22396e-35  7.41372e-44 -1.21521e-35  4.76271e-42  8.81333e-38  5.65565e-42 -1.19896e-35 -1.86259e-41  7.49304e-36  3.15864e-41 -6.32783e-36  1.56617e-40  5.88201e-36 -2.81691e-41 -1.91001e-36  5.88325e-41   -7.729e-38  2.68331e-40   4.5504e-37  3.93605e-40 -2.52526e-37 -3.99374e-41  2.36246e-37 -8.59601e-41 -6.97829e-37  6.39173e-42  4.19048e-36 -4.95797e-41 -1.85935e-35  6.40247e-41  7.37558e-35   9.1243e-41 -2.70666e-34  1.81559e-40  9.20031e-34  4.44227e-41 -2.88981e-33  3.35307e-40  8.37388e-33 -6.13754e-40 -2.23423e-32  2.23302e-39  5.47532e-32 -6.25115e-39 -1.22877e-31  1.63899e-38  2.51608e-31 -4.03699e-38 -4.67965e-31  9.32132e-38  7.86178e-31 -2.01745e-37  -1.1847e-30  4.08896e-37  1.58692e-30  -7.7538e-37 -1.86694e-30  1.37407e-36  1.89656e-30 -2.27268e-36 -1.62107e-30  3.50329e-36  1.11435e-30  -5.0248e-36 -5.57639e-31  6.69387e-36  1.38394e-31 -8.26543e-36  5.88782e-32  9.43801e-36 -8.04752e-32 -9.93976e-36  3.43314e-32   9.6255e-36  8.47568e-34 -8.53997e-36 -8.06244e-33   6.9119e-36  3.38039e-33 -5.07644e-36  -8.1916e-35  3.36134e-36 -2.65786e-34 -1.99031e-36  -2.6227e-35  1.04311e-36  6.60314e-35 -4.77619e-37 -1.73087e-35  1.87896e-37  5.14339e-37 -6.21433e-38  9.57509e-38  1.67856e-38  6.78938e-38  -3.5574e-39 -3.22108e-39  5.57726e-40 -2.66633e-39 -5.88173e-41  2.53219e-40  3.47991e-42 -4.72888e-42 -6.90159e-44
 6.72014e-50 -2.41604e-35   2.9447e-48  1.14743e-34  1.83622e-47 -7.92314e-35  -8.3588e-51 -2.55974e-34 -1.63607e-46  5.92872e-34 -4.16966e-46  -2.3791e-34  5.60515e-45 -3.35361e-36  5.38715e-44  4.55282e-35  -2.2463e-44  7.45972e-36  8.01653e-44 -2.81271e-35  1.57755e-42 -2.13538e-35 -2.32387e-42  5.56514e-35  3.06476e-43 -1.42762e-35  1.34887e-41 -1.01425e-38  2.01278e-41 -1.63423e-35 -5.06119e-41  6.42753e-36  8.63172e-41 -5.89064e-36  3.83048e-40  8.08598e-36 -1.09984e-40 -3.12218e-36  1.56539e-40 -1.98253e-37  5.96529e-40  6.53344e-37  8.80831e-40   -7.226e-37 -1.08575e-40  2.85377e-36 -3.14666e-40 -1.22618e-35 -6.02437e-41  5.56539e-35 -1.92749e-40   -2.306e-34  9.47144e-41  8.80643e-34  7.88815e-41 -3.11187e-33  4.74489e-40  1.01682e-32 -2.17619e-40 -3.06772e-32  1.49606e-39  8.53033e-32 -3.88512e-39 -2.18141e-31   1.1862e-38  5.11622e-31 -3.21058e-38 -1.09687e-30  8.14399e-38  2.14087e-30 -1.93838e-37 -3.78501e-30  4.32357e-37  6.02377e-30 -9.03244e-37  -8.5611e-30  1.76561e-36  1.07525e-29 -3.22592e-36 -1.17647e-29  5.50235e-36  1.09806e-29 -8.74955e-36 -8.44933e-30  1.29512e-35  5.01667e-30 -1.78154e-35 -1.91435e-30  2.27327e-35  3.43165e-32 -2.68532e-35  5.39831e-31  2.92995e-35 -3.67678e-31 -2.94538e-35  7.81849e-32  2.72002e-35  4.44651e-32 -2.29959e-35 -3.59132e-32  1.77233e-35  6.32599e-33 -1.23868e-35  2.61531e-33    7.798e-36 -8.70123e-34  -4.3838e-36 -3.69785e-34  2.17618e-36  2.14024e-34 -9.40176e-37 -2.12034e-35  3.46881e-37 -3.21282e-36 -1.06611e-37 -4.06297e-37  2.63925e-38  2.33411e-37 -5.01944e-39  1.04347e-38  6.82552e-40  -4.7598e-39 -5.86714e-41  1.61476e-40   2.4359e-42 -1.67869e-42
 3.73975e-36  6.46565e-49 -4.92496e-35  2.15006e-47  1.67468e-34  1.16914e-46 -8.27231e-35  1.03433e-46 -2.57291e-34 -4.16966e-46  5.68366e-34  -5.0866e-46 -2.08391e-34  2.72205e-44  1.42962e-35  1.96947e-43  1.37279e-35 -2.63318e-43  2.52218e-35  3.22405e-43 -3.92887e-35  4.51042e-42 -2.90894e-35 -7.00348e-42  6.77958e-35  1.12095e-42 -1.71134e-35  3.50458e-41  2.19886e-36  5.90048e-41 -2.17462e-35 -1.27836e-40  4.14441e-36  2.21336e-40 -5.24759e-36   8.8254e-40  1.03225e-35 -3.60645e-40 -4.08409e-36  3.66132e-40 -5.67854e-37  1.25049e-39  1.87877e-36  1.87155e-39  -7.0209e-36 -2.49535e-40  3.43798e-35 -8.99188e-40  -1.5586e-34 -2.76398e-40  6.68742e-34 -5.41071e-40 -2.65511e-33  1.62126e-40  9.75399e-33 -1.25372e-40 -3.31464e-32  1.39222e-39  1.04076e-31 -1.96848e-39 -3.01464e-31  7.36198e-39  8.03952e-31 -2.08518e-38 -1.96909e-30  5.91781e-38  4.41601e-30 -1.54875e-37 -9.03476e-30  3.79922e-37  1.67863e-29 -8.73644e-37 -2.81643e-29  1.88134e-36  4.23711e-29 -3.79076e-36 -5.66353e-29  7.13896e-36  6.64386e-29 -1.25507e-35 -6.72236e-29    2.057e-35  5.71181e-29 -3.13827e-35 -3.88761e-29  4.44969e-35  1.90514e-29 -5.85326e-35 -4.32019e-30  7.12995e-35  -2.4186e-30 -8.02664e-35  2.95581e-30   8.3333e-35 -1.20763e-30  -7.9603e-35 -5.04118e-32  6.97813e-35  2.82871e-31 -5.59639e-35 -1.05202e-31  4.09042e-35 -8.06224e-33 -2.71107e-35  1.39205e-32  1.61842e-35 -4.03483e-34  -8.6227e-36 -1.88365e-33  4.04976e-36  4.33642e-34 -1.64928e-36  2.75139e-35   5.6986e-37 -7.36917e-36 -1.62273e-37 -3.14444e-36   3.6603e-38  3.56742e-37 -6.17695e-39  5.45561e-38  7.12458e-40 -4.67644e-39 -4.74082e-41  9.03114e-42   1.1271e-42
-3.43526e-49  4.18793e-36   3.8731e-48 -7.60577e-35  1.22415e-46  1.92828e-34  6.43297e-46 -6.38564e-35  9.29897e-46  -2.3791e-34  -5.0866e-46  5.17949e-34  2.04229e-45 -1.80283e-34  1.13614e-43  1.61155e-35  6.69716e-43 -1.70175e-36  -1.4012e-42  3.80433e-35  1.18239e-42 -4.55055e-35  1.16255e-41  -3.8392e-35 -1.92536e-41   7.6778e-35  3.50338e-42 -1.99931e-35  8.52933e-41  6.89012e-36  1.48493e-40 -2.78776e-35 -3.04156e-40    9.331e-37  5.34447e-40 -4.77603e-36   1.9347e-39  1.19988e-35 -1.03222e-39 -3.93815e-36  7.70754e-40 -3.55065e-36   2.5038e-39   1.6984e-35  3.78834e-39 -8.50318e-35 -4.95829e-40  4.07761e-34 -2.19154e-39 -1.80894e-33 -7.98034e-40  7.45818e-33 -1.29723e-39  -2.8476e-32  4.38798e-40  1.00615e-31 -1.17514e-39 -3.28675e-31  4.97097e-39  9.91273e-31 -1.14131e-38 -2.75531e-30  3.64131e-38   7.0426e-30 -1.03411e-37 -1.65079e-29  2.80656e-37  3.53662e-29 -7.10482e-37 -6.89664e-29  1.68526e-36  1.21797e-28  -3.7436e-36 -1.93567e-28  7.77997e-36  2.74605e-28 -1.51101e-35 -3.44074e-28  2.73908e-35  3.75235e-28 -4.62789e-35 -3.48576e-28  7.27652e-35  2.66234e-28  -1.0629e-34 -1.55918e-28   1.4398e-34  5.73183e-29 -1.80519e-34    1.369e-30  2.09074e-34 -1.82326e-29 -2.23235e-34  1.18043e-29  2.19302e-34 -2.30325e-30  -1.9782e-34 -1.50664e-30  1.63512e-34  1.10968e-30  -1.2356e-34 -1.42453e-31  8.51083e-35 -1.14458e-31 -5.32123e-35  3.67741e-32  3.00085e-35  9.40779e-33 -1.51194e-35 -5.70791e-33  6.71258e-36  2.34048e-34 -2.57623e-36  1.84846e-34  8.32921e-37  1.08598e-35 -2.19136e-37  -8.8108e-36  4.47288e-38 -5.65503e-38 -6.60055e-39  1.02703e-37  6.25487e-40 -7.88438e-40 -2.94549e-41 -2.19044e-41
 2.08211e-36 -2.04016e-48  6.54286e-36  1.69056e-47 -9.35439e-35   5.6322e-46  1.82784e-34  3.11975e-45 -3.29095e-35  5.60515e-45 -2.08391e-34  2.04229e-45  4.65154e-34  1.88921e-44 -1.61358e-34   4.2147e-43  3.88535e-36  2.13304e-42 -5.60076e-36 -5.68622e-42  5.05353e-35  4.02948e-42 -4.70532e-35  2.72266e-41 -4.76188e-35 -4.86876e-41  8.04332e-35  9.52781e-42 -2.20241e-35  1.99124e-40  1.35339e-35  3.26631e-40 -3.40547e-35 -6.89184e-40 -2.70398e-36  1.21692e-39 -4.69434e-36  4.07009e-39  1.16727e-35 -2.64289e-39  2.75375e-36  1.48894e-39 -3.79529e-35  4.83347e-39  1.99209e-34  7.31218e-39 -9.90821e-34 -8.48704e-40  4.57873e-33 -4.73521e-39 -1.96004e-32 -1.81161e-39  7.77576e-32 -2.90532e-39 -2.85595e-31  1.81426e-39  9.70315e-31 -6.15235e-39 -3.04585e-30  2.10508e-38  8.81961e-30 -5.86495e-38 -2.35109e-29  1.75736e-37  5.75563e-29 -4.88255e-37 -1.29002e-28  1.27848e-36   2.6373e-28  -3.1321e-36 -4.89546e-28  7.18497e-36    8.204e-28 -1.54199e-35 -1.23236e-27  3.09247e-35  1.64396e-27 -5.78802e-35 -1.92332e-27   1.0095e-34  1.93865e-27 -1.63797e-34 -1.63779e-27   2.4679e-34  1.10392e-27 -3.44585e-34  -5.2972e-28  4.44913e-34  1.08614e-28 -5.30014e-34   7.8508e-29  5.81217e-34 -8.75441e-29 -5.85415e-34  3.40098e-29  5.40476e-34  2.46334e-30 -4.56591e-34 -8.37493e-30  3.52485e-34  2.80966e-30 -2.48416e-34  4.31465e-31  1.59648e-34 -4.70203e-31 -9.33588e-35  2.37576e-32  4.94392e-35  5.00676e-32 -2.34883e-35 -9.57204e-33  9.85584e-36 -1.73593e-33 -3.56874e-36  3.14861e-34   1.0802e-36  9.52232e-35 -2.61944e-37 -1.15322e-35   4.7983e-38 -1.31927e-36 -6.06973e-39  7.66718e-38  4.49727e-40  2.92509e-39 -1.22601e-41
 2.21305e-49  5.49989e-36 -3.30922e-49    1.154e-35  6.02037e-47 -9.39239e-35  2.08336e-45  1.43758e-34  1.35821e-44 -3.35361e-36  2.72205e-44 -1.80283e-34  1.88921e-44  4.27911e-34  9.43085e-44  -1.5476e-34  1.41927e-42 -1.85055e-35  6.39491e-42 -5.22458e-36 -1.94854e-41  6.70883e-35  1.29811e-41 -4.45552e-35  5.83544e-41 -5.47901e-35 -1.14161e-40  7.71189e-35  2.32202e-41 -2.24201e-35  4.57061e-40  2.08741e-35  6.31831e-40 -3.92901e-35 -1.49988e-39 -6.31053e-36   2.6123e-39 -3.60185e-36  8.26988e-39 -1.37477e-36 -6.15642e-39  7.67346e-35  2.69101e-39  -4.3857e-34  9.04035e-39  2.26448e-33  1.34487e-38 -1.08693e-32 -1.20308e-39   4.8354e-32 -9.29315e-39 -1.99292e-31 -3.29402e-39  7.60738e-31 -6.80668e-39 -2.68743e-30  8.72818e-39    8.777e-30 -3.00032e-38 -2.64641e-29  9.69377e-38  7.35345e-29 -2.85221e-37 -1.87879e-28  8.22889e-37  4.40169e-28 -2.22213e-36 -9.42426e-28  5.63152e-36  1.83636e-27 -1.33594e-35 -3.23988e-27  2.96523e-35  5.14248e-27 -6.15116e-35 -7.28333e-27  1.19096e-34  9.10555e-27 -2.14888e-34 -9.89954e-27  3.60684e-34  9.15465e-27 -5.62049e-34 -6.94169e-27  8.11302e-34  4.01022e-27 -1.08213e-33 -1.41799e-27  1.33012e-33 -9.74475e-29 -1.50238e-33  5.05024e-28  1.55475e-33 -3.11386e-28 -1.46985e-33  5.41608e-29  1.26617e-33  4.32498e-29 -9.91921e-34 -2.91396e-29  7.06109e-34  2.70788e-30 -4.57066e-34  3.54284e-30  2.69611e-34  -1.0624e-30 -1.45278e-34 -2.43178e-31  7.14888e-35  1.38862e-31  -3.1891e-35  1.38316e-33  1.26657e-35 -6.40746e-33 -4.34561e-36 -2.44062e-34  1.23563e-36  2.40441e-34 -2.75821e-37  2.12526e-36  4.48756e-38 -2.39327e-36 -4.72739e-39 -3.99602e-38  2.50938e-40  1.85778e-39
-4.74068e-36  6.45739e-49  7.04761e-36  9.39081e-47  1.71819e-35  2.04045e-46 -7.65788e-35  5.82051e-45  9.22844e-35  5.38715e-44  1.42962e-35  1.13614e-43 -1.61358e-34  9.43085e-44  4.16629e-34  3.79419e-43 -1.59927e-34  4.40204e-42 -4.82158e-35  1.81025e-41 -7.35994e-36 -5.85921e-41  9.02934e-35  3.99667e-41 -3.84398e-35  1.15445e-40 -5.82286e-35 -2.50418e-40  6.65708e-35  5.24587e-41 -2.06588e-35  1.05136e-39  2.70402e-35  1.07147e-39 -4.21322e-35 -3.15382e-39  -1.2011e-35  5.27936e-39  1.78591e-35  1.62893e-38 -1.47327e-34 -1.32114e-38  9.06944e-34  4.64728e-39 -4.87382e-33  1.63878e-38   2.4298e-32  2.35275e-38  -1.1229e-31 -1.18653e-39  4.80833e-31 -1.70029e-38 -1.90727e-30  -3.8505e-39  7.00414e-30 -1.93321e-38 -2.37926e-29  4.29362e-38  7.46698e-29 -1.44307e-37 -2.16159e-28  4.54056e-37  5.76039e-28 -1.33506e-36 -1.40961e-27  3.73281e-36  3.15777e-27 -9.78416e-36 -6.45159e-27  2.40328e-35  1.19659e-26 -5.52436e-35 -2.00319e-26  1.18726e-34  3.00495e-26 -2.38247e-34 -4.00123e-26  4.45714e-34  4.66939e-26 -7.75986e-34 -4.68963e-26  1.25465e-33  3.93993e-26 -1.87946e-33 -2.63033e-26  2.60148e-33  1.23552e-26 -3.31717e-33 -2.25632e-27  3.88328e-33 -2.09953e-27   -4.158e-33  2.16526e-27  4.05566e-33 -7.97043e-28 -3.58829e-33 -8.83244e-29  2.86792e-33  2.10847e-28 -2.06344e-33 -6.45073e-29  1.33407e-33 -1.40283e-29 -7.76143e-34  1.23507e-29  4.08925e-34 -5.48904e-31 -1.97386e-34 -1.22275e-30  8.83599e-35  1.92034e-31 -3.67353e-35   5.7978e-32  1.38917e-35  -9.0585e-33  -4.5718e-36 -2.41993e-33  1.23339e-36  2.66907e-34 -2.53774e-37  3.49468e-35  3.61743e-38 -1.30247e-36 -3.03138e-39 -1.13974e-37   9.4528e-41
 4.84163e-48 -8.38947e-36 -1.12661e-47  5.06553e-36  9.63028e-46  1.92655e-35  7.99758e-46   -4.803e-35  8.85992e-45  4.55282e-35  1.96947e-43  1.61155e-35   4.2147e-43  -1.5476e-34  3.79419e-43   4.3572e-34  1.36327e-42 -1.73599e-34  1.27041e-41  -8.4327e-35  4.84484e-41 -1.67974e-35  -1.5738e-40  1.20343e-34   1.1804e-40 -2.92151e-35  2.13731e-40 -5.70929e-35 -5.19547e-40  5.03283e-35  1.13774e-40 -1.64078e-35   2.4382e-39  2.93434e-35   1.5702e-39 -3.67392e-35 -6.42953e-39 -5.37101e-35  1.00229e-38  2.83898e-34  3.11284e-38  -1.7649e-33 -2.63784e-38  9.89854e-33  7.83915e-39 -5.12657e-32  2.87012e-38  2.46113e-31  3.90332e-38 -1.09483e-30  2.90778e-40  4.51224e-30  -3.0531e-38 -1.72224e-29  4.76282e-39  6.08331e-29 -7.07125e-38 -1.98646e-28  2.07886e-37  5.98829e-28  -6.8056e-37 -1.66352e-27  2.08964e-36  4.24889e-27  -6.0227e-36  -9.9504e-27  1.63467e-35  2.12933e-26 -4.15903e-35 -4.14635e-26     9.91e-35  7.30909e-26 -2.20891e-34 -1.15882e-25  4.60036e-34  1.63878e-25 -8.93868e-34 -2.04459e-25   1.6176e-33  2.21644e-25 -2.72086e-33 -2.04083e-25  4.24381e-33  1.53664e-25 -6.12126e-33  -8.7572e-26  8.13949e-33  2.97238e-26 -9.94155e-33  3.49616e-27  1.11071e-32 -1.18094e-26 -1.12967e-32  6.94958e-27  1.04022e-32 -1.05017e-27 -8.61832e-33 -1.05718e-27  6.38057e-33  6.56444e-28 -4.19109e-33 -4.16815e-29  2.42688e-33 -8.82087e-29 -1.23514e-33  2.43235e-29  5.55811e-34  5.97768e-30  -2.2649e-34   -3.051e-30   8.7441e-35 -1.48649e-31 -3.32756e-35  1.66597e-31   1.2246e-35  6.11997e-33 -4.00881e-36 -5.53306e-33   1.0542e-36 -1.18292e-34  -2.0144e-37  5.52636e-35  2.46747e-38  1.64684e-36 -1.51406e-39 -5.52756e-38
 2.43965e-36   3.6471e-47 -9.93103e-36 -1.72858e-46   3.6404e-37  6.30017e-45  1.43701e-35  3.73987e-45 -1.76556e-35  -2.2463e-44  1.37279e-35  6.69716e-43  3.88535e-36  1.41927e-42 -1.59927e-34  1.36327e-42   4.8511e-34  4.57963e-42 -1.90631e-34  3.43421e-41 -1.26671e-34  1.22547e-40 -3.55741e-35 -3.80664e-40  1.55203e-34  3.33832e-40 -1.81988e-35  3.79842e-40 -5.16772e-35 -1.03386e-39  3.13415e-35  2.43284e-40 -8.56465e-36  5.65222e-39  1.79827e-35  1.92191e-39  3.60818e-35 -1.27259e-38 -5.26433e-34   1.7828e-38  3.25526e-33  5.76154e-38 -1.89984e-32 -4.94158e-38  1.02297e-31   1.3151e-38 -5.10193e-31  4.83523e-38  2.35776e-30  6.09829e-38 -1.00957e-29  6.81602e-39  4.00431e-29 -6.04939e-38 -1.47039e-28  6.29591e-38  4.99427e-28 -3.02402e-37 -1.56716e-27  9.74081e-37  4.53585e-27 -3.10342e-36 -1.20846e-26  9.28084e-36  2.95626e-26 -2.60585e-35 -6.61986e-26  6.86953e-35  1.35178e-25 -1.69714e-34 -2.50544e-25   3.9254e-34  4.19049e-25 -8.49022e-34 -6.27841e-25  1.71492e-33  8.34611e-25 -3.22965e-33 -9.71718e-25  5.66014e-33  9.72615e-25 -9.21071e-33 -8.12793e-25  1.38811e-32   5.3755e-25 -1.93154e-32 -2.47076e-25  2.47282e-32  3.93678e-26 -2.90062e-32   4.7537e-26  3.10224e-32 -4.58039e-26 -3.00763e-32  1.59443e-26  2.62495e-32  2.46457e-27 -2.04506e-32 -4.56812e-27  1.40762e-32  1.28088e-27 -8.45075e-33  3.55849e-28   4.3553e-33 -2.70252e-28 -1.89053e-33  7.67645e-30  6.78372e-34   2.6768e-29  -2.0147e-34 -3.47975e-30  5.44128e-35 -1.45659e-30 -1.73737e-35  2.00144e-31  7.06092e-36  5.47693e-32 -2.67212e-36 -5.15747e-33  7.44231e-37 -8.50579e-34 -1.35238e-37  2.20301e-35  1.38057e-38  2.91653e-36 -5.11537e-40
-1.11876e-47  2.46489e-36  1.77523e-46 -8.32094e-36 -1.42702e-45  -4.8616e-36  3.20012e-44  2.46825e-36   1.7996e-44  7.45972e-36 -2.63318e-43 -1.70175e-36  2.13304e-42 -1.85055e-35  4.40204e-42 -1.73599e-34  4.57963e-42  5.60802e-34  1.46843e-41 -2.05095e-34  8.72644e-41 -1.74021e-34  2.92417e-40 -6.25481e-35 -8.30244e-40  1.91333e-34  9.00151e-40 -8.07108e-36  6.77246e-40 -4.32848e-35 -2.00639e-39  1.17601e-35  5.16202e-40  1.52896e-35  1.28802e-38 -1.02431e-34   1.8127e-39  8.38299e-34 -2.44513e-38 -5.71403e-33  2.96202e-38  3.45382e-32  1.02952e-37 -1.93383e-31  -8.7502e-38  1.00217e-30  2.20835e-38 -4.81137e-30  7.82222e-38   2.1403e-29  8.76557e-38 -8.82077e-29  3.24996e-38  3.36657e-28 -1.55998e-37 -1.18907e-27  3.54703e-37  3.88245e-27 -1.34164e-36 -1.17024e-26  4.36289e-36   3.2503e-26 -1.35179e-35 -8.29987e-26  3.93218e-35  1.94314e-25 -1.07367e-34 -4.15652e-25  2.75003e-34  8.08944e-25 -6.60014e-34 -1.42496e-24  1.48272e-33    2.257e-24 -3.11404e-33 -3.18756e-24  6.10536e-33  3.96949e-24 -1.11548e-32 -4.29158e-24  1.89535e-32  3.93542e-24 -2.98778e-32 -2.94308e-24  4.35728e-32  1.65468e-24 -5.85953e-32 -5.37898e-25  7.23783e-32 -9.22028e-26 -8.17452e-32  2.37951e-25  8.39555e-32 -1.33947e-25 -7.78917e-32  1.70789e-26  6.47494e-32  2.22681e-26 -4.77288e-32 -1.28369e-26  3.07754e-32  4.69355e-28 -1.70328e-32  1.85951e-27  7.86444e-33 -4.68082e-28 -2.88521e-33 -1.32129e-28  7.56848e-34   5.9784e-29 -9.53256e-35  4.71503e-30 -2.04052e-35 -3.55302e-30  1.20495e-35 -1.58351e-31 -1.11169e-36  1.12167e-31 -8.90082e-37  3.93271e-33  3.99324e-37 -1.15358e-33 -7.43495e-38 -4.26965e-35  5.97401e-39  1.18412e-36
-1.13373e-37  -3.9414e-47  5.65261e-37  6.38566e-46 -3.14851e-36  -8.7386e-45 -9.03829e-36  1.35236e-43 -1.31537e-35  8.01653e-44  2.52218e-35  -1.4012e-42 -5.60076e-36  6.39491e-42 -4.82158e-35  1.27041e-41 -1.90631e-34  1.46843e-41  6.55299e-34  4.51692e-41 -2.11869e-34  2.08585e-40 -2.22971e-34  6.56108e-40 -9.34624e-35  -1.6235e-39  2.24764e-34  2.30413e-39 -2.91791e-36  1.28318e-39 -3.21855e-35 -3.86086e-39 -2.34809e-35  1.06975e-39  1.99112e-34  2.83668e-38 -1.38331e-33  1.03569e-39  9.44849e-33 -4.55546e-38 -5.96153e-32  4.58182e-38  3.46891e-31  1.76896e-37 -1.86828e-30 -1.47409e-37  9.31895e-30  3.66432e-38 -4.30665e-29  1.22741e-37  1.84406e-28  1.05415e-37 -7.31413e-28  1.37109e-37   2.6857e-27 -5.35364e-37 -9.12173e-27  1.66308e-36  2.86211e-26 -5.78568e-36 -8.28298e-26  1.84835e-35  2.20645e-25 -5.56742e-35 -5.39648e-25  1.57462e-34  1.20806e-24 -4.18002e-34 -2.46586e-24  1.04071e-33  4.56779e-24 -2.42783e-33 -7.63407e-24    5.301e-33  1.14258e-23 -1.08188e-32 -1.51663e-23   2.0606e-32  1.76205e-23 -3.65592e-32  -1.7581e-23  6.02887e-32  1.46178e-23 -9.21717e-32 -9.57924e-24  1.30251e-31  4.30698e-24 -1.69534e-31 -5.81914e-25  2.02408e-31 -9.29161e-25 -2.20577e-31  8.43266e-25  2.18116e-31 -2.77206e-25 -1.94298e-31 -5.62661e-26  1.54514e-31  8.62687e-26 -1.08413e-31 -2.21972e-26  6.60439e-32 -7.55849e-27 -3.41139e-32  5.09637e-27   1.4361e-32 -4.38077e-29  -4.5383e-33 -5.19548e-28  8.19518e-34  5.60872e-29  9.71276e-35  3.03578e-29 -1.34751e-34 -3.64268e-30  5.11379e-35  -1.1092e-30 -1.03859e-35  8.71137e-32  8.05183e-37  1.80027e-32  1.19429e-37 -3.31311e-34 -3.16146e-38 -6.07929e-35  1.72837e-39
-6.16939e-47  9.60642e-37  1.47343e-46  -2.5437e-36  1.77934e-45  5.31394e-36 -4.36642e-44 -1.22712e-35  4.92396e-43 -2.81271e-35  3.22405e-43  3.80433e-35 -5.68622e-42 -5.22458e-36  1.81025e-41  -8.4327e-35  3.43421e-41 -2.05095e-34  4.51692e-41  7.58789e-34  1.32803e-40 -2.08251e-34  4.68048e-40 -2.68083e-34  1.37783e-39 -1.21916e-34 -2.79734e-39  2.52436e-34  5.58191e-39 -9.70532e-36  2.68195e-39  3.97174e-36 -7.44906e-39 -2.81132e-34  2.10587e-39  2.12897e-33  5.96058e-38 -1.49389e-32  5.79806e-41  9.77226e-32 -8.21645e-38 -5.91349e-31  6.57816e-38  3.31017e-30  2.91067e-37 -1.71561e-29 -2.37415e-37  8.23698e-29  5.75488e-38 -3.66426e-28  1.95222e-37  1.51018e-27  5.16594e-38 -5.76388e-27  5.67096e-37  2.03579e-26 -2.09213e-36 -6.64695e-26  7.06909e-36  2.00341e-25 -2.35521e-35 -5.56395e-25  7.33438e-35  1.42061e-24 -2.14797e-34 -3.32523e-24  5.90822e-34  7.11089e-24 -1.52553e-33 -1.38336e-23  3.69465e-33   2.4354e-23 -8.38474e-33 -3.85435e-23  1.78096e-32  5.43726e-23 -3.53548e-32 -6.75989e-23  6.54844e-32   7.2905e-23 -1.12943e-31 -6.65993e-23  1.80966e-31  4.94813e-23 -2.68641e-31 -2.74493e-23  3.68301e-31  8.52537e-24 -4.64597e-31  1.96827e-24  5.36903e-31 -4.19512e-24 -5.65466e-31  2.26388e-24  5.39386e-31 -2.34236e-25 -4.62438e-31 -4.09421e-25  3.52926e-31  2.20502e-25 -2.36764e-31 -2.31745e-27  1.37201e-31  -3.4075e-26 -6.68853e-32  7.80192e-27  2.61917e-32   2.5766e-27 -7.41898e-33 -1.04118e-27     9.73e-34  -1.0917e-28  3.45066e-34  6.50302e-29 -2.70459e-34   3.6892e-30  9.12596e-35 -2.02531e-30 -1.81474e-35 -9.64829e-32  1.91913e-36  2.12033e-32  -3.9138e-38  9.08204e-34 -9.23305e-39 -2.10006e-35
-2.78614e-37  -5.3394e-46  2.78553e-36  2.69628e-45 -5.81974e-36  3.97659e-45  1.62751e-35 -1.86268e-43 -1.59093e-35  1.57755e-42 -3.92887e-35  1.18239e-42  5.05353e-35 -1.94854e-41 -7.35994e-36  4.84484e-41 -1.26671e-34  8.72644e-41 -2.11869e-34  1.32803e-40  8.61096e-34  3.70764e-40 -1.94861e-34  9.81064e-40 -3.03064e-34   2.6906e-39 -1.41519e-34 -4.06065e-39  2.75962e-34  1.27802e-38 -6.48771e-35  6.08321e-39  3.49118e-34 -1.44235e-38 -3.03561e-33  3.82521e-39   2.2405e-32   1.1851e-37 -1.52432e-31  1.09141e-39  9.59067e-31 -1.43228e-37 -5.58089e-30  8.75218e-38  3.00584e-29  4.56636e-37 -1.49941e-28 -3.65944e-37  6.92975e-28  7.59559e-38  -2.9674e-27   3.5051e-37  1.17702e-26 -3.21787e-37 -4.32211e-26  2.25868e-36    1.468e-25 -8.13222e-36 -4.60615e-25  2.75763e-35    1.333e-24 -8.89838e-35 -3.55069e-24  2.69697e-34  8.68328e-24 -7.68535e-34  -1.9435e-23  2.05774e-33  3.96593e-23 -5.17356e-33 -7.34357e-23  1.22034e-32  1.22659e-22 -2.69777e-32 -1.83422e-22  5.58208e-32  2.43163e-22  -1.0794e-31  -2.8198e-22  1.94703e-31  2.80533e-22 -3.26912e-31 -2.32139e-22  5.09657e-31  1.50775e-22 -7.35625e-31 -6.62967e-23  9.79733e-31  7.28852e-24 -1.19931e-30  1.59105e-23  1.34319e-30 -1.36926e-23 -1.36889e-30  4.24588e-24  1.26124e-30  1.08692e-24 -1.04226e-30  -1.4369e-24  7.64815e-31  3.39028e-25 -4.91883e-31  1.38685e-25  2.72283e-31 -8.44789e-26 -1.26209e-31 -1.05972e-27  4.66728e-32  8.94798e-27 -1.23158e-32 -7.95737e-28  1.39571e-33 -5.47363e-28  5.82807e-34  5.67579e-29 -3.96727e-34  2.00483e-29  1.21783e-34 -1.30062e-30 -2.21725e-35  -3.3249e-31  2.22985e-36  4.05485e-33 -8.25628e-38  1.10016e-33 -1.30251e-39
 3.47436e-47 -5.97992e-37 -2.98205e-45  4.66904e-36  1.95098e-44 -8.35082e-36  7.96049e-45  2.88389e-35 -6.96581e-43 -2.13538e-35  4.51042e-42 -4.55055e-35  4.02948e-42  6.70883e-35 -5.85921e-41 -1.67974e-35  1.22547e-40 -1.74021e-34  2.08585e-40 -2.08251e-34  3.70764e-40  9.53797e-34  9.77165e-40 -1.75424e-34  1.90359e-39 -3.22115e-34  4.83996e-39 -1.51603e-34 -4.29375e-39  3.36683e-34   2.7655e-38 -5.44844e-34  1.42137e-38  4.10466e-33 -2.77667e-38 -3.18898e-32  6.23537e-39  2.26295e-31  2.21856e-37 -1.48137e-30   9.7387e-39  8.96319e-30 -2.40964e-37 -5.01756e-29  1.08413e-37  2.60072e-28  6.79291e-37 -1.24876e-27 -5.35517e-37   5.5556e-27  4.46224e-38 -2.28985e-26  7.97045e-37  8.74029e-26 -1.87759e-36 -3.08726e-25  8.35339e-36  1.00806e-24 -2.94017e-35 -3.03845e-24   9.7787e-35  8.43861e-24 -3.06837e-34 -2.15452e-23  9.05937e-34  5.04271e-23 -2.51622e-33  -1.0782e-22  6.57063e-33    2.097e-22 -1.61195e-32 -3.69025e-22  3.71153e-32  5.83667e-22 -8.01099e-32 -8.22596e-22  1.61852e-31  1.02125e-21 -3.05566e-31   -1.099e-21  5.37983e-31  1.00041e-21 -8.81251e-31 -7.38673e-22  1.33946e-30  4.04399e-22  -1.8833e-30 -1.19703e-22  2.44072e-30 -3.55259e-23  -2.9036e-30  6.54924e-23  3.15566e-30 -3.39544e-23 -3.11549e-30  2.68803e-24  2.77534e-30  6.64721e-24 -2.21259e-30 -3.36287e-24  1.56252e-30 -5.14909e-26 -9.64503e-31  5.51563e-25  5.10937e-31  -1.1465e-25 -2.25969e-31  -4.4363e-26  7.95424e-32  1.61745e-26 -2.00108e-32  2.09274e-27  2.27133e-33 -1.04743e-27  7.32243e-34 -7.41483e-29   -4.809e-34  3.27242e-29  1.34428e-34  1.93704e-30 -2.16513e-35 -3.44596e-31  1.86727e-36  -1.6805e-32 -5.98925e-38  3.24102e-34
-1.07239e-37 -4.19659e-47 -1.07762e-36 -1.20601e-44  5.76531e-36  1.00954e-43 -9.86454e-36   1.9782e-44  4.22396e-35 -2.32387e-42 -2.90894e-35  1.16255e-41 -4.70532e-35  1.29811e-41  9.02934e-35  -1.5738e-40 -3.55741e-35  2.92417e-40 -2.22971e-34  4.68048e-40 -1.94861e-34  9.77165e-40  1.03184e-33  2.42166e-39 -1.55878e-34  3.36355e-39 -3.17446e-34  7.90052e-39 -2.00063e-34 -6.93752e-40   9.0254e-34  5.66191e-38 -5.48136e-33  3.26295e-38  4.32408e-32 -5.23575e-38 -3.20004e-31  8.82818e-39  2.18095e-30  3.89878e-37 -1.37255e-29   3.7147e-38  7.98761e-29 -3.90947e-37 -4.30248e-28  1.28016e-37  2.14643e-27  9.49945e-37 -9.92108e-27 -7.24996e-37  4.24878e-26 -1.96191e-37 -1.68546e-25  2.17301e-36  6.18981e-25 -7.07901e-36 -2.10258e-24  2.75041e-35  6.59788e-24  -9.4538e-35 -1.90954e-23  3.07108e-34  5.08667e-23 -9.40385e-34 -1.24397e-22  2.71337e-33  2.78412e-22  -7.3729e-33 -5.68059e-22  1.88529e-32   1.0516e-21 -4.53221e-32 -1.75574e-21  1.02308e-31  2.62378e-21 -2.16541e-31 -3.47475e-21  4.29008e-31   4.0229e-21 -7.94003e-31 -3.99185e-21  1.36972e-30  3.28861e-21  -2.1967e-30 -2.11773e-21  3.26569e-30  9.10537e-22 -4.48539e-30 -7.63562e-23  5.67027e-30  -2.4145e-22 -6.56904e-30  1.98183e-22  6.93932e-30  -5.7911e-23 -6.64512e-30 -1.81772e-23   5.7285e-30   2.1324e-23 -4.40836e-30 -4.60596e-24   2.9969e-30 -2.23759e-24  -1.7757e-30  1.24724e-24    9.003e-31   4.2447e-26 -3.80111e-31 -1.37576e-25  1.27624e-31  9.87969e-27 -3.08498e-32  8.72437e-27  3.67407e-33 -7.73747e-28  7.38975e-34 -3.23993e-28 -5.02002e-34  1.71879e-29  1.26884e-34  5.43384e-30 -1.74898e-35 -3.56326e-32    1.191e-36 -1.77087e-32 -2.38484e-38
 1.76934e-46 -2.94029e-37 -2.20807e-45 -1.83756e-36 -3.48314e-44  5.49592e-36  4.22955e-43 -1.08567e-35  7.41372e-44  5.56514e-35 -7.00348e-42  -3.8392e-35  2.72266e-41 -4.45552e-35  3.99667e-41  1.20343e-34 -3.80664e-40 -6.25481e-35  6.56108e-40 -2.68083e-34  9.81064e-40 -1.75424e-34  2.42166e-39   1.0947e-33  5.63173e-39 -1.47081e-34  5.23484e-39 -2.33516e-34   1.1386e-38  -8.4167e-34  1.24885e-38  6.96731e-33  1.09871e-37 -5.61617e-32  7.15937e-38  4.31524e-31 -9.52676e-38 -3.06281e-30  1.02777e-38  2.00563e-29  6.41636e-37 -1.21368e-28  1.02431e-37  6.79488e-28 -6.11574e-37 -3.52236e-27  1.53341e-37   1.6915e-26  1.23387e-36 -7.52635e-26  -8.7154e-37  3.10256e-25 -9.75573e-37 -1.18441e-24  5.70334e-36  4.18419e-24 -2.03767e-35 -1.36643e-23  7.47122e-35  4.11917e-23  -2.5164e-34 -1.14414e-22  8.02468e-34  2.92145e-22 -2.41722e-33 -6.83806e-22  6.87633e-33  1.46205e-21  -1.8454e-32 -2.84328e-21  4.66652e-32  5.00237e-21 -1.11027e-31 -7.90863e-21  2.48114e-31  1.11381e-20 -5.19793e-31 -1.38119e-20  1.01867e-30  1.48353e-20 -1.86309e-30 -1.34615e-20  3.17182e-30  9.88171e-21 -5.01202e-30 -5.34067e-21  7.32778e-30  1.50285e-21 -9.87767e-30  5.55982e-22  1.22274e-29 -9.14123e-22 -1.38373e-29  4.56283e-22  1.42415e-29 -2.49699e-23 -1.32505e-29 -9.62444e-23   1.1066e-29  4.59606e-23  -8.2243e-30   1.8888e-24  5.38213e-30  -7.9756e-24 -3.05949e-30  1.50328e-24  1.48322e-30  6.79284e-25 -5.97017e-31 -2.25608e-25  1.90884e-31  -3.4678e-26 -4.42538e-32  1.50759e-26   5.4636e-33  1.29022e-27  6.02019e-34 -4.75677e-28 -4.59536e-34 -3.33851e-29   1.0357e-34  5.00526e-30  -1.1712e-35  2.75791e-31   5.6273e-37 -4.44333e-33
