 8.47295e-19  2.26144e-34 -3.21415e-17 -1.49062e-32  4.67922e-16  2.85961e-31 -4.02928e-15 -3.00913e-30  2.36046e-14  2.08295e-29 -1.00628e-13 -1.03171e-28  3.23701e-13  3.83244e-28 -8.00432e-13 -1.09972e-27  1.52958e-12  2.49327e-27 -2.24054e-12 -4.58392e-27  2.44651e-12   7.1579e-27 -1.85549e-12  -1.0335e-26   7.7716e-13  1.52137e-26  7.26106e-14 -2.31219e-26 -2.82708e-13  3.31702e-26  9.13211e-14 -4.09536e-26  5.65071e-14  4.17296e-26  -3.6829e-14  -3.6165e-26 -1.13327e-14  3.16134e-26  1.00756e-14 -3.55292e-26  3.11791e-15  4.74472e-26 -2.17017e-15 -5.88141e-26 -1.00541e-15  6.08895e-26  3.01538e-16 -5.17869e-26  2.75271e-16  3.62418e-26    7.524e-18 -2.07259e-26  -5.0134e-17  9.59044e-27 -1.63512e-17 -3.97493e-27    3.287e-18  2.36108e-27  3.73158e-18 -2.17431e-27  8.17064e-19  1.72624e-27 -2.32006e-19  -9.0616e-28 -1.94816e-19  2.59581e-28  -4.4959e-20  7.66433e-30  5.30703e-21 -5.97748e-29  6.85928e-21  5.42256e-29  2.10575e-21 -3.54973e-29  1.75491e-22  1.53213e-29 -1.10949e-22 -3.58912e-30 -5.47925e-23  6.33762e-32 -1.21904e-23  3.47111e-31 -8.45336e-25 -2.36417e-31   4.1066e-25  1.00766e-31  1.81642e-25 -2.27477e-32  3.96623e-26  1.96361e-33    4.802e-27 -7.44367e-34 -2.56695e-29   7.1095e-34 -1.61324e-28 -2.73073e-34  -4.2288e-29  6.52889e-35 -6.70542e-30 -1.09954e-35 -6.97504e-31  -4.0586e-37 -3.45016e-32  6.43918e-37    3.274e-33 -1.30273e-37  1.01334e-33 -1.32623e-39  1.35667e-34  9.31219e-39  1.22262e-35 -9.94794e-40  7.81339e-37 -1.02774e-41  3.32778e-38  1.98887e-41  6.74218e-40  3.53954e-43 -1.97648e-41   2.5028e-44 -1.90324e-42  6.24539e-45 -6.14468e-44  6.21089e-46 -9.26772e-46 -6.18074e-48
 2.26144e-34  4.64224e-17  8.83323e-33  -9.9908e-16 -4.07056e-31  1.10513e-14  6.26902e-30 -7.87237e-14 -5.58695e-29   3.9706e-13  3.36327e-28 -1.48973e-12  -1.4685e-27  4.27045e-12  4.83345e-27 -9.46711e-12 -1.22634e-26  1.62251e-11  2.43498e-26 -2.11726e-11 -3.86028e-26  2.01953e-11  5.15844e-26 -1.26425e-11 -6.66524e-26    3.231e-12  9.84297e-26  2.07714e-12 -1.60432e-25 -2.00791e-12  2.40837e-25   9.2019e-14 -2.97571e-25  5.62847e-13  2.93541e-25 -1.17575e-13 -2.41384e-25 -1.42563e-13  2.00913e-25   3.2541e-14 -2.21506e-25  3.71002e-14  2.91513e-25  -4.0252e-15 -3.51556e-25 -9.06701e-15   3.5224e-25 -8.40939e-16 -2.90928e-25  1.69188e-15  1.99632e-25  6.00809e-16 -1.13444e-25 -1.45901e-16  5.29827e-26 -1.51341e-16 -2.25516e-26 -2.51052e-17  1.35497e-26  1.52502e-17 -1.21004e-26  9.16971e-18  9.25183e-27  1.24911e-18 -4.63536e-27 -7.24179e-19  1.20713e-27  -4.2742e-19  1.09573e-28 -8.23904e-20 -3.19767e-28  1.30032e-20  2.67027e-28  1.29555e-20 -1.65681e-28   3.7774e-21   6.7409e-29  3.63264e-22 -1.43904e-29 -1.47474e-22 -2.23282e-31 -7.80719e-23  1.60043e-30 -1.84857e-23 -9.93259e-31 -2.00201e-24  3.75841e-31   2.5719e-25 -6.64396e-32  1.70796e-25  9.43848e-35  4.19649e-26 -1.38399e-33  6.27414e-27  2.36885e-33  4.56453e-28 -8.89287e-34 -4.64337e-29  2.10439e-34 -2.16432e-29 -3.93556e-35 -4.02127e-30 -1.82249e-36 -4.94359e-31  2.40938e-36 -4.12765e-32 -5.00161e-37 -1.81334e-33  8.42519e-39  7.62594e-35  3.01846e-38  2.30091e-35 -2.20041e-39  2.39373e-36 -4.85403e-42  1.59633e-37  5.66562e-41  7.33895e-39  2.45849e-42  2.23606e-40  3.66754e-44  3.79517e-42  1.65846e-44  1.85583e-44  9.26577e-46 -1.23837e-46
-3.21415e-17  8.83323e-33  1.25055e-15  1.97836e-31 -1.86971e-14 -6.97294e-30  1.65591e-13  8.91437e-29 -9.99434e-13 -6.84545e-28  4.39846e-12  3.62061e-27 -1.46428e-11 -1.40216e-26  3.75893e-11  4.10052e-26 -7.48889e-11 -9.18331e-26  1.15081e-10  1.58103e-25 -1.33207e-10 -2.10375e-25   1.0946e-10  2.28852e-25 -5.35819e-11 -2.60482e-25  2.33577e-12  4.23254e-25  1.59248e-11 -7.91918e-25 -7.63469e-12   1.2538e-24 -2.35508e-12 -1.53811e-24  2.73465e-12  1.46487e-24  2.93286e-13 -1.15896e-24 -7.52168e-13  9.51743e-25 -8.21742e-14 -1.05059e-24  1.80575e-13  1.34516e-24  4.08211e-14 -1.54847e-24 -3.41604e-14  1.47721e-24 -1.57351e-14 -1.16731e-24  3.27189e-15   7.7352e-25    3.942e-15 -4.29707e-25  5.52278e-16  1.99004e-25 -5.14468e-16 -8.57984e-26 -2.62962e-16  5.27477e-26 -1.20641e-17 -4.65451e-26  3.39598e-17  3.44416e-26  1.42635e-17 -1.64372e-26  1.06919e-18  3.84439e-27 -1.28395e-18  6.11159e-28 -6.12612e-19 -1.15346e-27 -1.05176e-19  8.95786e-28  1.72867e-20 -5.29954e-28  1.56628e-20  2.04069e-28  4.49905e-21 -3.99755e-29  5.23551e-22 -1.80773e-30 -1.06749e-22  5.04185e-30  -6.8311e-23 -2.89802e-30  -1.7438e-23  9.57955e-31 -2.43794e-24  -1.1752e-31 -2.51512e-26  -1.8411e-32  8.37492e-26 -3.58657e-34   2.4666e-26  5.52216e-33  4.24395e-27 -1.94864e-33  4.65056e-28  4.63766e-34  2.03863e-29 -1.07029e-34 -3.83147e-30 -4.07859e-36 -1.07943e-30  6.06719e-36 -1.52369e-31 -1.29995e-36 -1.47263e-32  4.58153e-38 -9.98052e-34  6.94534e-38 -4.16095e-35 -2.48338e-39 -2.07032e-37  1.03656e-40  1.13593e-37  1.18912e-40  9.19883e-39  6.27621e-42  3.81699e-40   5.0322e-44  9.29652e-42  2.59464e-44   1.0949e-43  6.86922e-46
-1.49062e-32  -9.9908e-16  1.97836e-31  2.20815e-14  3.10696e-30 -2.51191e-13 -8.81807e-29  1.84312e-12  9.57981e-28 -9.59338e-12 -6.42325e-27  3.72274e-11  3.00945e-26 -1.10681e-10 -1.03881e-25  2.55404e-10  2.70361e-25 -4.57924e-10  -5.3249e-25   6.2998e-10  7.81975e-25 -6.42387e-10 -8.28644e-25  4.44743e-10  6.39961e-25 -1.51286e-10 -6.12335e-25 -4.71468e-11  1.41426e-24   7.2847e-11  -3.2693e-24 -1.38423e-11  5.38956e-24  -1.7906e-11 -6.45439e-24  7.36756e-12  5.88665e-24  4.19516e-12  -4.5133e-24 -2.10864e-12  3.75019e-24 -1.13759e-12 -4.19849e-24  4.19954e-13  5.19927e-24  3.23537e-13 -5.66502e-24 -3.64476e-14  5.10244e-24 -7.68977e-14 -3.81841e-24 -1.17473e-14  2.41224e-24   1.1543e-14 -1.29169e-24  5.62979e-15  5.85952e-25 -1.68703e-16  -2.5501e-25 -9.71394e-16   1.6242e-25 -3.19158e-16 -1.43041e-25   2.2084e-17   1.0263e-25  5.10152e-17  -4.6573e-26  1.66935e-17  9.67341e-27  5.04006e-19  2.26058e-27  -1.6016e-18 -3.24243e-27 -6.68032e-19  2.36588e-27 -1.09448e-19 -1.34282e-27  1.46047e-20  4.91578e-28  1.38358e-20 -8.95165e-29   4.0332e-21 -6.16188e-30  5.62082e-22  1.26539e-29  -3.5335e-23 -6.80495e-30 -4.05097e-23  1.92149e-30 -1.14179e-23   -1.203e-31 -1.88175e-24 -7.53543e-32  -1.4666e-25  5.10872e-33  1.76281e-26  1.04579e-32  8.58002e-27 -3.21083e-33  1.70467e-27  7.93964e-34  2.22147e-28 -2.52658e-34  1.89308e-29 -5.47428e-36  6.38243e-31   1.2002e-35 -9.87383e-32  -2.6412e-36 -2.13683e-32  1.28057e-37  -2.3138e-33  1.30746e-37 -1.69932e-34  5.61876e-41 -8.76911e-36  4.84277e-40 -2.99106e-37  2.06214e-40 -5.18338e-39  1.02152e-41  3.24177e-41  7.03531e-44  3.31343e-42  2.63149e-44  3.89247e-44
 4.67922e-16 -4.07056e-31 -1.86971e-14  3.10696e-30  2.87472e-13   3.7427e-29 -2.62218e-12 -8.84425e-28  1.63283e-11  8.30771e-27 -7.42912e-11 -4.91481e-26  2.56325e-10  2.05344e-25 -6.84116e-10 -6.34189e-25  1.42299e-09  1.46961e-24 -2.29684e-09 -2.52928e-24  2.82004e-09  3.08115e-24 -2.50636e-09 -2.29565e-24  1.40722e-09  5.41317e-25  -2.2532e-10 -1.89749e-25 -3.27999e-10  4.06363e-24  2.25856e-10 -1.21183e-23  2.20885e-11  2.01418e-23 -7.27938e-11 -2.30694e-23   5.1908e-12  1.99527e-23  1.96901e-11 -1.48869e-23 -1.59047e-12  1.27274e-23 -5.08659e-12 -1.45227e-23   -1.391e-13  1.73703e-23    1.162e-12 -1.79006e-23  2.53939e-13  1.51895e-23 -1.87372e-13 -1.06985e-23 -9.96202e-14   6.3731e-24  7.01806e-15 -3.24819e-24  2.00976e-14  1.43168e-24  5.44994e-15 -6.31761e-25 -1.32091e-15  4.21925e-25 -1.29379e-15 -3.72405e-25 -2.94077e-16  2.59189e-25  5.84984e-17   -1.117e-25  5.83958e-17    2.039e-26  1.59421e-17    6.409e-27  4.39272e-20 -7.53576e-27 -1.52634e-18  5.21969e-27  -5.8783e-19 -2.86076e-27 -9.76263e-20  1.00112e-27  7.42872e-21 -1.73311e-28  9.26613e-21 -1.43405e-29  2.81619e-21  2.70864e-29  4.55705e-22  -1.3674e-29  1.25291e-23  3.19711e-30 -1.58402e-23  1.46748e-32 -5.27194e-24 -1.92946e-31 -9.82714e-25  1.77609e-32 -1.12768e-25  1.72519e-32 -3.98726e-27  -3.8833e-33  1.48479e-27  1.08401e-33  4.02386e-28 -5.36505e-34  5.96038e-29 -3.90188e-36  6.07617e-30  1.99405e-35  4.20624e-31 -4.43349e-36  1.46165e-32  2.66228e-37  -6.5979e-34  2.12046e-37 -1.41756e-34  6.76492e-39 -1.13524e-35  1.28615e-39 -5.64457e-37  3.02081e-40 -1.80535e-38  1.21041e-41 -3.44221e-40  8.25162e-44 -2.99454e-42  1.59964e-44
 2.85961e-31  1.10513e-14 -6.97294e-30 -2.51191e-13   3.7427e-29  2.94285e-12  3.64068e-28 -2.22748e-11 -7.33298e-27  1.19827e-10  6.03571e-26  -4.8167e-10 -3.17718e-25  1.48756e-09  1.19019e-24 -3.57854e-09 -3.29829e-24   6.7218e-09  6.79943e-24 -9.75994e-09 -1.01199e-23  1.06395e-08  9.71121e-24 -8.10593e-09 -3.12938e-24  3.42721e-09 -5.73383e-24  3.36246e-10  5.97544e-24 -1.31489e-09   1.1364e-23  4.52381e-10 -4.16231e-23  2.62698e-10  6.69122e-23 -1.90887e-10 -7.18697e-23 -5.01489e-11  5.84172e-23  5.51809e-11 -4.26133e-23  1.38097e-11  3.79402e-23 -1.29769e-11 -4.40932e-23 -4.89693e-12  5.09467e-23  2.18041e-12 -4.98046e-23  1.52346e-12  3.98709e-23 -8.97517e-14 -2.63312e-23  -3.2634e-13  1.46381e-23 -7.98778e-14 -7.01215e-24  3.24485e-14  2.98917e-24  2.43092e-14 -1.35332e-24  3.47513e-15  9.57749e-25 -2.31603e-15 -8.47468e-25 -1.34748e-15  5.72151e-25 -2.16409e-16 -2.34036e-25  7.75971e-17  3.71803e-26  5.40988e-17    1.487e-26   1.3044e-17 -1.49461e-26 -6.47215e-20  9.93193e-27 -1.15135e-18 -5.29325e-27 -4.27572e-19  1.78402e-27 -7.48997e-20 -3.04013e-28  8.49389e-22  -2.5312e-29  4.67887e-21  5.15169e-29  1.53467e-21 -2.43044e-29  2.79841e-22  4.49554e-30  2.35316e-23  3.67121e-31 -3.21871e-24 -3.78717e-31 -1.65503e-24  3.82357e-32 -3.50405e-25  2.60997e-32 -4.79714e-26 -2.49555e-33 -4.06175e-27   1.1267e-33 -5.91422e-29 -1.03392e-33   4.5279e-29 -3.29385e-37  8.75694e-30   2.8906e-35  9.90243e-31 -6.29184e-36  7.81701e-32  4.66794e-37  4.31182e-33  3.02648e-37  1.46101e-34  1.70725e-38  9.61116e-37  2.45463e-39 -1.86632e-37  3.72881e-40  -1.0041e-38  1.09043e-41 -2.27893e-40  7.10666e-44 -1.82668e-42
-4.02928e-15  6.26902e-30  1.65591e-13 -8.81807e-29 -2.62218e-12  3.64068e-28  2.46721e-11  2.95687e-27 -1.58756e-10 -5.16534e-26  7.47959e-10  3.76499e-25   -2.679e-09 -1.77569e-24  7.44589e-09  5.99051e-24 -1.61954e-08  -1.4925e-23  2.74962e-08  2.73046e-23 -3.58399e-08  -3.4557e-23  3.44118e-08  2.33333e-23 -2.18724e-08  9.74984e-24  5.79403e-09 -4.22416e-23  3.65467e-09  3.40001e-23 -3.75677e-09  3.48671e-23  2.85942e-10 -1.33374e-22  1.07152e-09  1.99536e-22 -2.83177e-10 -1.97678e-22 -2.75061e-10  1.49928e-22  8.60947e-11 -1.07748e-22  7.47094e-11  1.00866e-22 -1.50574e-11 -1.18861e-22 -1.99532e-11  1.32719e-22 -1.51676e-13 -1.23618e-22  4.30809e-12  9.36437e-23   1.1148e-12 -5.78179e-23 -5.31826e-13  2.96545e-23  -3.6908e-13 -1.31585e-23 -2.74021e-14  5.41894e-24  5.13865e-14  -2.5678e-24  2.26655e-14  1.94057e-24  9.39482e-16 -1.71812e-24 -2.71163e-15  1.12555e-24 -1.16124e-15 -4.37037e-25 -1.33545e-16  5.98465e-26  7.36428e-17  2.92863e-26  4.19147e-17 -2.57708e-26  9.40506e-18  1.66126e-26  6.56392e-20 -8.67801e-27 -6.93658e-19  2.84691e-27  -2.5825e-19 -5.00751e-28 -4.85791e-20 -3.44552e-29  -2.2544e-21  8.95009e-29  1.68919e-21 -3.89555e-29  6.40907e-22  5.28388e-30  1.29372e-22  9.39427e-31  1.54695e-23 -6.11975e-31  3.65688e-25   6.2693e-32 -3.06399e-25  3.79573e-32 -8.21421e-26  2.97492e-33 -1.26937e-26  6.67845e-34 -1.34069e-27 -1.81442e-33 -9.00717e-29 -2.64929e-36  -1.4682e-30  3.74504e-35  5.12978e-31  -7.5571e-36  7.76108e-32  7.36858e-37  6.51032e-33  3.83083e-37  3.68586e-34  2.81073e-38  1.41991e-35  3.63401e-39  3.47287e-37  3.83705e-40  4.27826e-39  7.46685e-42  5.52663e-42  3.91964e-44
-3.00913e-30 -7.87237e-14  8.91437e-29  1.84312e-12 -8.84425e-28 -2.22748e-11  2.95687e-27  1.74213e-10  2.05273e-26 -9.70248e-10 -3.15201e-25    4.047e-09  2.05207e-24 -1.30055e-08 -8.72117e-24  3.26723e-08  2.65915e-23 -6.43984e-08 -5.96244e-23   9.8817e-08  9.63652e-23 -1.15201e-07 -1.00836e-22   9.6234e-08  3.34643e-23 -4.86255e-08  9.40395e-23  3.01686e-09 -1.85627e-22   1.4655e-08  1.20982e-22 -7.77711e-09  1.18155e-22 -1.93856e-09 -3.96505e-22  2.85056e-09  5.36483e-22  1.22731e-10 -4.83728e-22 -8.15613e-10  3.40706e-22 -2.52694e-11 -2.44254e-22   2.1088e-10  2.42167e-22  2.83729e-11 -2.87318e-22 -4.58022e-11  3.10161e-22 -1.53081e-11 -2.76618e-22    6.341e-12  1.98974e-22  4.79557e-12 -1.14481e-22   1.6278e-13  5.33929e-23 -8.26922e-13 -2.15182e-23 -3.04192e-13  8.59189e-24  2.75778e-14 -4.39097e-24  5.63353e-14  3.55682e-24  1.71702e-14 -3.14235e-24 -9.14792e-16  1.99989e-24 -2.47239e-15 -7.37628e-25 -8.59345e-16  8.61248e-26 -7.43969e-17  5.01178e-26   5.4545e-17 -3.90282e-26  2.76027e-17  2.46965e-26  6.03147e-18 -1.27688e-26  2.03683e-19  4.14068e-27 -3.29175e-19 -7.94033e-28 -1.28337e-19 -3.35504e-29 -2.60244e-20  1.44733e-28 -2.38077e-21 -5.69436e-29  3.57896e-22  4.83053e-30  1.96425e-22  1.60743e-30   4.4189e-23 -8.42393e-31  6.29953e-24  8.08701e-32  5.11784e-25  5.50906e-32 -1.00059e-26  1.46341e-32 -1.10271e-26 -4.99894e-34 -2.04701e-27  -2.9097e-33 -2.40528e-28 -2.63089e-35  -1.9865e-29  4.40162e-35 -1.09906e-30 -7.47034e-36 -2.77833e-32  1.07961e-36  1.45172e-33  4.30556e-37  2.03349e-34  3.58964e-38  1.13963e-35  4.31349e-39  3.68309e-37  3.23402e-40  6.46791e-39  3.71541e-42   4.0697e-41
 2.36046e-14 -5.58695e-29 -9.99434e-13  9.57981e-28  1.63283e-11 -7.33298e-27 -1.58756e-10  2.05273e-26  1.05751e-09  1.23951e-25 -5.16869e-09 -1.69094e-24  1.92539e-08  9.90269e-24 -5.58303e-08 -3.81059e-23  1.27212e-07  1.05307e-22 -2.27541e-07 -2.12521e-22  3.15212e-07  3.01223e-22 -3.26758e-07  -2.4778e-22   2.3294e-07 -3.62569e-23 -8.46302e-08  4.40443e-22 -2.23369e-08 -6.33206e-22  4.08616e-08    3.235e-22 -9.95054e-09  4.02663e-22 -9.79289e-09 -1.08483e-21  5.13169e-09  1.30326e-21  2.20078e-09 -1.05767e-21 -1.56497e-09  6.90386e-22 -6.11613e-10 -5.03085e-22  3.61952e-10  5.30265e-22  1.95107e-10 -6.27912e-22 -5.27608e-11  6.55893e-22 -5.47497e-11 -5.63141e-22 -2.01174e-12  3.85961e-22  1.05315e-11 -2.06001e-22  3.53947e-12  8.56116e-23 -7.63504e-13 -3.03833e-23 -8.62736e-13  1.19064e-23 -1.85705e-13 -6.85647e-24   6.0558e-14  5.94578e-24  4.88822e-14 -5.23012e-24  1.09639e-14  3.24169e-24 -1.62878e-15 -1.13706e-24 -1.86153e-15  1.11422e-25 -5.60101e-16  7.58156e-26 -4.16375e-17 -5.20634e-26  3.24121e-17  3.27643e-26  1.55081e-17 -1.69978e-26  3.41534e-18   5.5711e-27  2.30182e-19 -1.22574e-27 -1.17204e-19 -1.28901e-29 -5.13539e-20  2.20473e-28 -1.12332e-20  -7.6437e-29 -1.39432e-21  2.31073e-30 -1.15773e-23  2.13946e-30  3.97697e-23 -1.00547e-30  1.07074e-23  7.53389e-32  1.71436e-24  8.08251e-32   1.8371e-25  3.39018e-32  1.09932e-26 -2.41945e-33 -3.13408e-28 -4.28112e-33 -1.70178e-28 -8.94077e-35 -2.34946e-29  4.72801e-35 -2.07259e-30 -5.48168e-36  -1.2826e-31  1.47408e-36 -5.44442e-33  4.28848e-37 -1.37576e-34  3.75353e-38 -7.79649e-37  4.15574e-39  6.55986e-38  2.16631e-40   1.6731e-39  1.16027e-42
 2.08295e-29   3.9706e-13 -6.84545e-28 -9.59338e-12  8.30771e-27  1.19827e-10 -5.16534e-26 -9.70248e-10  1.23951e-25  5.60526e-09  6.59856e-25 -2.43086e-08 -8.06733e-24  8.14492e-08  4.27519e-23 -2.14096e-07 -1.49553e-22  4.43632e-07  3.75399e-22 -7.20533e-07 -6.81194e-22  8.98951e-07  8.37106e-22 -8.21286e-07 -4.87718e-22  4.83876e-07 -4.83387e-22 -9.43308e-08  1.56614e-21 -1.07936e-07 -1.80437e-21   8.6278e-08  6.62171e-22  2.08848e-09  1.27567e-21 -2.77342e-08 -2.71549e-21  4.52145e-09  2.86322e-21  7.61727e-09  -2.0694e-21 -1.51306e-09  1.25358e-21 -2.09274e-09 -9.53204e-22   2.0539e-10  1.06652e-21  5.41917e-10 -1.24857e-21  5.02592e-11  1.26446e-21 -1.09594e-10  -1.0515e-21  -3.8452e-11  6.88803e-22  1.10514e-11 -3.38814e-22  1.06869e-11  1.21682e-22  1.55563e-12 -3.58865e-23 -1.25144e-12   1.4258e-23 -6.98465e-13 -9.87534e-24 -7.71972e-14  9.10649e-24  6.62437e-14 -7.97145e-24  3.55748e-14  4.83191e-24   6.1178e-15  -1.6143e-24 -1.47431e-15  1.28788e-25 -1.19012e-15  1.03021e-25 -3.26288e-16 -6.07465e-26 -2.51047e-17  3.86128e-26  1.54158e-17 -2.05633e-26  7.38149e-18  7.02625e-27  1.67574e-18 -1.83784e-27  1.68302e-19  3.56541e-29 -2.69055e-20  3.18492e-28 -1.59212e-20 -9.47732e-29 -3.79678e-21 -3.05177e-30  -5.5865e-22  2.30352e-30 -4.14088e-23 -1.04885e-30  3.37318e-24  2.27824e-32  1.67461e-24  1.17917e-31  3.07078e-25  6.06559e-32  3.71133e-26 -4.88047e-33  3.10147e-27 -5.80065e-33  1.53928e-28 -2.03574e-34 -7.35015e-31  4.64148e-35 -9.56524e-31 -1.58779e-36 -9.93655e-32  1.85444e-36 -6.06427e-33  3.77171e-37 -2.41622e-34  3.28213e-38 -6.05218e-36  3.24066e-39 -8.13848e-38  1.08782e-40 -3.37965e-40
-1.00628e-13  3.36327e-28  4.39846e-12 -6.42325e-27 -7.42912e-11  6.03571e-26  7.47959e-10 -3.15201e-25 -5.16869e-09  6.59856e-25  2.62632e-08  3.13047e-24 -1.01967e-07 -3.45492e-23   3.0913e-07  1.66517e-22 -7.39396e-07 -5.31331e-22    1.396e-06  1.21326e-21  -2.0582e-06 -1.97518e-21  2.30337e-06  2.06724e-21 -1.82959e-06 -6.36159e-22  8.39796e-07 -2.19614e-21  2.99891e-08  4.66184e-21 -3.10374e-07 -4.42831e-21  1.33551e-07  9.27988e-22  5.45867e-08  3.63833e-21 -5.54176e-08 -6.20037e-21 -7.72391e-09  5.68823e-21  1.67229e-08 -3.61684e-21  1.97307e-09  2.04668e-21 -4.36786e-09 -1.68045e-21 -9.62108e-10  1.97902e-21   9.1781e-10 -2.26955e-21  4.02696e-10  2.23678e-21  -1.0895e-10 -1.81413e-21 -1.13186e-10  1.13871e-21 -1.16075e-11 -5.11395e-22  1.74809e-11  1.50915e-22  7.94806e-12  -3.2093e-23 -7.12144e-14  1.42831e-23 -1.25661e-12 -1.32167e-23 -4.65678e-13  1.28003e-23 -1.09052e-14 -1.11758e-23  5.38462e-14  6.66819e-24  2.24581e-14 -2.12616e-24  3.11875e-15  1.28584e-25 -9.69888e-16  1.28369e-25 -6.53751e-16  -6.0295e-26 -1.70419e-16  3.96065e-26 -1.55027e-17 -2.26525e-26  5.67202e-18  8.40229e-27  2.92478e-18 -2.64788e-27  6.94598e-19  1.17503e-28  8.92704e-20  4.37831e-28 -9.78495e-22 -1.09527e-28  -3.5437e-21 -1.18377e-29 -9.66106e-22  2.02603e-30 -1.58974e-22 -9.55627e-31 -1.68266e-23 -1.02198e-31 -7.39672e-25  1.65732e-31  1.18904e-25  9.26456e-32  3.28379e-26 -7.41109e-33  4.42686e-27 -7.25815e-33  4.06355e-28 -3.65232e-34   2.6296e-29  4.12653e-35  1.10236e-30  3.48401e-36  1.74159e-32  2.11583e-36 -1.15127e-33  2.91591e-37  -9.3488e-35  2.41648e-38 -3.03226e-36  2.00535e-39 -4.33646e-38  3.53654e-41
-1.03171e-28 -1.48973e-12  3.62061e-27  3.72274e-11 -4.91481e-26  -4.8167e-10  3.76499e-25    4.047e-09 -1.69094e-24 -2.43086e-08  3.13047e-24  1.09862e-07  1.33527e-23  -3.8469e-07 -1.33848e-22  1.06045e-06  5.89262e-22  -2.3151e-06 -1.71993e-21  3.98743e-06  3.57592e-21 -5.32981e-06 -5.20361e-21  5.31722e-06  4.50703e-21 -3.59407e-06  1.68729e-22  1.12688e-06 -7.38357e-21  5.10113e-07  1.20849e-20 -6.72843e-07 -9.48359e-21  1.13502e-07  2.36447e-22  1.83075e-07  9.28639e-21 -7.53894e-08  -1.2902e-20 -4.52155e-08  1.02017e-20  2.44099e-08 -5.61039e-21  1.27966e-08  3.01269e-21 -5.60623e-09  -2.7837e-21 -3.93134e-09  3.39415e-21  6.97949e-10 -3.78309e-21  1.05182e-09  3.65195e-21  1.04564e-10 -2.91181e-21 -1.89238e-10  1.75429e-21 -7.78091e-11 -7.10011e-22  9.60128e-12  1.56685e-22  1.68308e-11 -1.22351e-23  4.51361e-12  1.08775e-23  -8.7635e-13 -1.65163e-23 -9.76525e-13  1.64952e-23 -2.65191e-13 -1.44552e-23  1.47962e-14  8.57493e-24  3.57348e-14 -2.61702e-24  1.25646e-14  9.73067e-26  1.52785e-15  1.51618e-25  -4.9698e-16 -4.63496e-26 -3.08622e-16   3.3252e-26 -7.91218e-17 -2.27602e-26 -8.80729e-18   9.6044e-27  1.45073e-18 -3.61889e-27  9.35636e-19  2.39061e-28  2.36087e-19  5.74141e-28  3.55254e-20 -1.20157e-28  2.21078e-21 -2.43029e-29  -4.5179e-22  1.51693e-30 -1.72838e-22 -7.52399e-31  -3.1654e-23 -3.21254e-31 -3.87585e-24  2.17468e-31 -3.11933e-25  1.25528e-31  -1.0167e-26 -9.37233e-33  1.35774e-27 -8.40057e-33  2.75936e-28 -5.52307e-34  2.73322e-29  3.24317e-35  1.80575e-30  8.41837e-36  8.23042e-32  2.15756e-36  2.45371e-33  1.97259e-37   3.9988e-35  1.49507e-38  1.35914e-37   9.3706e-40 -2.94996e-39
 3.23701e-13  -1.4685e-27 -1.46428e-11  3.00945e-26  2.56325e-10 -3.17718e-25   -2.679e-09  2.05207e-24  1.92539e-08 -8.06733e-24 -1.01967e-07  1.33527e-23  4.13661e-07  5.15874e-23 -1.31446e-06 -4.72156e-22  3.30843e-06  1.90585e-21 -6.60823e-06 -5.10046e-21  1.03881e-05  9.65855e-21  -1.2557e-05 -1.24928e-20  1.10635e-05  8.52235e-21 -6.13782e-06   4.5351e-21  8.26609e-07 -2.07731e-20  1.67573e-06   2.7845e-20 -1.13846e-06 -1.77525e-20 -1.22767e-07 -3.75027e-21  4.04345e-07   2.1288e-20 -3.82666e-08 -2.44649e-20  -1.1749e-07  1.64452e-20  1.51485e-08 -7.60912e-21   3.2951e-08  4.01233e-21 -1.14823e-09 -4.36386e-21  -8.4811e-09  5.37652e-21 -1.27011e-09  -5.7929e-21  1.65846e-09  5.53339e-21  7.00824e-10 -4.37605e-21 -1.39798e-10  2.53189e-21 -1.79498e-10 -9.07145e-22 -3.44801e-11  1.19409e-22  1.86026e-11  2.89424e-23  1.23644e-11  3.81506e-24   1.8994e-12 -1.93215e-23 -9.86854e-13  1.94005e-23 -6.33484e-13 -1.72718e-23  -1.3315e-13  1.03463e-23  1.68408e-14 -3.03726e-24  2.00873e-14  1.55606e-26  6.30345e-15  1.78728e-25  7.42972e-16  -1.5706e-26 -1.98509e-16  1.78888e-26  -1.2394e-16 -2.10066e-26 -3.20601e-17  1.05093e-26 -4.26159e-18 -4.63986e-27  1.46321e-19  4.16353e-28  2.28837e-19   7.2036e-28    6.344e-20 -1.29488e-28  1.06263e-20 -4.02678e-29  1.06944e-21  1.27496e-30  1.39095e-23 -4.99104e-31 -1.82989e-23 -6.46211e-31 -4.14372e-24   2.5927e-31 -5.56351e-25  1.53701e-31 -5.20257e-26  -1.0134e-32 -3.30337e-27 -8.99667e-33 -1.06038e-28 -7.28713e-34  3.86288e-30  2.12245e-35  7.55869e-31   1.1802e-35  5.13282e-32  1.94109e-36  2.04861e-33  1.16401e-37  4.80061e-35  7.68268e-39  5.39378e-37  2.88457e-40
 3.83244e-28  4.27045e-12 -1.40216e-26 -1.10681e-10  2.05344e-25  1.48756e-09 -1.77569e-24 -1.30055e-08  9.90269e-24  8.14492e-08 -3.45492e-23  -3.8469e-07  5.15874e-23  1.41162e-06  1.81666e-22 -4.09205e-06 -1.52512e-21  9.43655e-06  5.66278e-21 -1.72758e-05 -1.39225e-20  2.47793e-05  2.40057e-20 -2.69778e-05 -2.73752e-20  2.06949e-05  1.33539e-20 -8.80146e-06  1.87735e-20 -1.09392e-06  -5.1186e-20  3.82705e-06  5.77008e-20 -1.41076e-06 -2.87185e-20 -7.89452e-07 -1.58569e-20  6.56992e-07  4.40934e-20  1.39434e-07 -4.22645e-20 -2.08881e-07  2.36059e-20 -3.72703e-08 -8.72037e-21  5.57639e-08  4.87297e-21  1.56164e-08 -6.49473e-21 -1.16196e-08  7.83868e-21 -6.01627e-09 -8.15158e-21  1.22744e-09  7.82351e-21  1.62314e-09 -6.19494e-21  2.32056e-10  3.43858e-21 -2.36547e-10 -1.06441e-21 -1.22795e-10  2.23797e-23 -4.17838e-12  9.24485e-23  1.78352e-11 -5.83427e-24  7.46227e-12 -2.11899e-23  4.83174e-13  2.06076e-23 -7.52896e-13 -1.90409e-23 -3.56306e-13  1.18149e-23 -6.10364e-14  -3.3656e-24  1.08558e-14 -1.44116e-25   9.7013e-15  2.22818e-25  2.84068e-15  3.37105e-26  3.53844e-16 -6.61757e-27 -5.82267e-17 -1.83136e-26 -4.14413e-17  1.08996e-26 -1.10504e-17 -5.53503e-27 -1.68406e-18  6.84243e-28 -7.42612e-20  8.68676e-28  3.77947e-20 -1.44019e-28    1.279e-20 -5.90162e-29  2.34317e-21  1.94273e-30  2.84342e-22 -2.67892e-31   2.0133e-23 -1.07488e-30 -2.37901e-25  2.72649e-31 -2.96296e-25  1.71763e-31 -4.72177e-26  -9.2787e-33 -4.69063e-27 -8.90704e-33 -3.26808e-28 -8.55085e-34 -1.57567e-29  9.45845e-36 -4.60053e-31  1.27459e-35  -3.0956e-33  1.52058e-36  3.26412e-34  5.99039e-38   1.2087e-35  3.17082e-39  1.19414e-37
-8.00432e-13  4.83345e-27  3.75893e-11 -1.03881e-25 -6.84116e-10  1.19019e-24  7.44589e-09 -8.72117e-24 -5.58303e-08  4.27519e-23   3.0913e-07 -1.33848e-22 -1.31446e-06  1.81666e-22  4.39135e-06  5.86315e-22 -1.16653e-05  -4.5331e-21  2.47182e-05  1.55271e-20 -4.15267e-05 -3.51261e-20  5.42819e-05  5.50953e-20 -5.29026e-05 -5.47466e-20  3.45482e-05  1.49429e-20 -9.59432e-06  5.58411e-20 -6.15669e-06 -1.13008e-19  6.89145e-06   1.0828e-19 -8.25334e-07 -3.86857e-20 -2.05508e-06 -4.43228e-20   7.2791e-07  8.30037e-20  5.40899e-07 -6.64308e-20  -2.5125e-07  2.95807e-20 -1.56981e-07 -7.69546e-21  5.85004e-08   5.5059e-21  4.82334e-08 -9.16108e-21  -6.5086e-09  1.04425e-20 -1.28287e-08  -1.0528e-20 -1.70128e-09  1.03817e-20  2.26158e-09 -8.30633e-21   1.0364e-09  4.41029e-21 -8.62311e-11 -1.14048e-21 -2.14625e-10 -1.41055e-22 -6.42665e-11   1.7318e-22  8.99756e-12 -1.57518e-23  1.27903e-11 -2.18594e-23  3.84959e-12  1.92978e-23 -4.78931e-14 -1.92527e-23 -4.57997e-13   1.2927e-23 -1.77666e-13 -3.62649e-24 -2.65091e-14   -4.181e-25  5.09224e-15    3.012e-25  4.02746e-15  1.03465e-25  1.14014e-15 -3.83041e-26  1.56836e-16 -1.63056e-26 -9.69037e-18  1.04069e-26 -1.11103e-17 -6.10882e-27 -3.13729e-18  1.09854e-27 -5.28733e-19  1.01261e-27 -4.75843e-20  -1.7235e-28  2.31061e-21 -7.92083e-29  1.75243e-21  4.06646e-30  3.64231e-22 -1.20944e-31  4.86845e-23 -1.58971e-30  4.47658e-24  2.40158e-31   2.4514e-25  1.76113e-31 -1.09091e-27 -6.76666e-33 -1.83089e-27 -8.13205e-33 -2.13482e-28 -9.01492e-34 -1.47948e-29  -9.2181e-37 -6.83874e-31  1.12836e-35 -2.05924e-32  1.02014e-36 -3.58383e-34   2.6907e-38 -2.54947e-36   9.3681e-40
-1.09972e-27 -9.46711e-12  4.10052e-26  2.55404e-10 -6.34189e-25 -3.57854e-09  5.99051e-24  3.26723e-08 -3.81059e-23 -2.14096e-07  1.66517e-22  1.06045e-06 -4.72156e-22 -4.09205e-06  5.86315e-22  1.25161e-05  1.74259e-21 -3.05867e-05 -1.24521e-20  5.96936e-05  3.94461e-20 -9.20834e-05 -8.22138e-20  0.000109446  1.17112e-19 -9.46101e-05 -9.96864e-20  5.06389e-05   2.1285e-21 -4.64195e-06  1.38837e-19 -1.58909e-05 -2.26572e-19  9.89814e-06   1.8465e-19  1.62401e-06 -3.84215e-20  -3.8073e-06  -1.0095e-19  2.22821e-07  1.42692e-19  1.16183e-06 -9.46482e-20 -1.12665e-07  3.08895e-20 -3.35835e-07 -3.32711e-21  2.35833e-09  6.05619e-21   8.8052e-08 -1.21582e-20   1.5522e-08  1.25376e-20 -1.73233e-08 -1.24386e-20 -7.96235e-09   1.3012e-20  1.35355e-09 -1.05989e-20  2.01585e-09  5.35619e-21  4.30117e-10 -1.10253e-21 -2.00152e-10 -3.61732e-22 -1.45262e-10  2.60156e-22 -2.52796e-11 -2.29187e-23   1.0683e-11 -2.14786e-23  7.58182e-12  1.49177e-23  1.75095e-12 -1.75686e-23 -1.39943e-13  1.38007e-23 -2.34072e-13 -3.89146e-24 -7.94725e-14 -8.49258e-25 -1.11851e-14  4.28129e-25  1.78226e-15  1.95032e-25  1.42139e-15 -7.28432e-26  4.00276e-16 -1.68715e-26  6.11309e-17  8.51496e-27  1.08157e-18 -6.21389e-27 -2.22138e-18  1.72445e-27 -7.03561e-19  1.14746e-27 -1.28312e-19 -2.22043e-28 -1.49185e-20 -9.88764e-29  -7.3716e-22  7.87271e-30   1.1778e-22 -9.30426e-32  3.61515e-23 -2.15828e-30  5.31675e-24  1.52492e-31  5.31234e-25  1.66054e-31  3.73351e-26 -2.99974e-33  1.67477e-27 -6.81601e-33  2.27244e-29 -8.57282e-34 -2.94289e-30 -8.32889e-36 -2.53462e-31   8.2942e-36 -1.00174e-32  5.71967e-37 -2.04372e-34  1.03612e-38 -1.47948e-36
 1.52958e-12 -1.22634e-26 -7.48889e-11  2.70361e-25  1.42299e-09 -3.29829e-24 -1.61954e-08  2.65915e-23  1.27212e-07 -1.49553e-22 -7.39396e-07  5.89262e-22  3.30843e-06 -1.52512e-21 -1.16653e-05  1.74259e-21  3.28275e-05  4.78969e-21 -7.40512e-05 -3.17339e-20  0.000133359  9.31813e-20 -0.000188884 -1.79098e-19  0.000203383  2.31141e-19   -0.0001538 -1.64281e-19  6.27626e-05 -4.86582e-20  1.17115e-05  3.03753e-19 -3.07052e-05 -4.16154e-19  1.04929e-05  2.86218e-19  6.92748e-06 -1.12292e-20 -5.35414e-06 -1.99678e-19 -1.33244e-06  2.24801e-19   1.7896e-06 -1.21235e-19  3.64871e-07  2.32612e-20 -4.95217e-07  4.86838e-21 -1.50249e-07  7.00008e-21  1.05919e-07 -1.49735e-20  5.80832e-08  1.31934e-20 -1.11097e-08 -1.33569e-20 -1.59124e-08  1.55132e-20 -2.45908e-09 -1.29183e-20  2.33738e-09  6.16923e-21  1.26838e-09 -9.37876e-22  5.83469e-11 -6.13316e-22 -1.82956e-10  3.39321e-22 -8.01487e-11 -2.43955e-23 -6.37712e-12 -2.08271e-23  7.74715e-12  7.21123e-24  3.88376e-12  -1.3868e-23  7.25128e-13  1.47445e-23 -9.44767e-14   -4.256e-24 -1.02465e-13 -1.47918e-24 -3.19526e-14  6.05091e-25 -4.55993e-15  3.09026e-25  4.23955e-16 -1.03819e-25  4.16417e-16 -2.14739e-26  1.19761e-16  4.66057e-27  2.00127e-17 -5.81106e-27  1.43076e-18  2.61122e-27 -2.70996e-19  1.26806e-27 -1.16879e-19 -2.96257e-28 -2.31844e-20 -1.15618e-28 -3.04165e-21  1.31667e-29 -2.57633e-22 -1.79866e-31 -7.55059e-24 -2.73439e-30  1.63146e-24   1.4085e-32  3.30926e-25  1.43943e-31  3.51486e-26   1.2571e-33  2.53477e-27 -5.20399e-33  1.27506e-28 -7.34465e-34  4.21522e-30 -1.19821e-35  7.33674e-32  5.00248e-36 -8.03815e-35  2.57289e-37 -2.24883e-35  3.04794e-39
 2.49327e-27  1.62251e-11 -9.18331e-26 -4.57924e-10  1.46961e-24   6.7218e-09  -1.4925e-23 -6.43984e-08  1.05307e-22  4.43632e-07 -5.31331e-22  -2.3151e-06  1.90585e-21  9.43655e-06  -4.5331e-21 -3.05867e-05  4.78969e-21  7.95391e-05  1.22214e-20 -0.000166108 -7.52931e-20  0.000276441   2.0534e-19 -0.000359212 -3.64224e-19  0.000348479  4.24478e-19 -0.000225586 -2.41915e-19  5.90596e-05 -1.78972e-19   4.5477e-05  5.99361e-19 -4.82438e-05 -7.04545e-19  4.92725e-06  4.01768e-19  1.52896e-05  6.71475e-20 -5.24852e-06 -3.53107e-19 -4.19957e-06  3.25185e-19  1.92246e-06 -1.37173e-19  1.25746e-06  3.01874e-21 -4.68568e-07  1.58879e-20 -3.98315e-07  9.09019e-21   5.4469e-08 -1.67061e-20  1.09602e-07  1.13655e-20  1.46615e-08 -1.28818e-20 -2.00152e-08  1.77282e-20 -9.28218e-09  -1.5076e-20  7.90954e-10  6.74187e-21  1.98051e-09 -6.61866e-22  6.03019e-10 -8.57046e-22 -8.27226e-11  3.98203e-22 -1.21802e-10 -1.78559e-23 -3.76293e-11 -2.13898e-23  8.74538e-14 -3.94538e-24  4.38392e-12 -8.26075e-24   1.7621e-12  1.62196e-23  2.82958e-13 -4.79088e-24 -4.22413e-14 -2.33372e-24 -3.85054e-14  8.12417e-25 -1.14526e-14  4.42825e-25 -1.73234e-15 -1.23754e-25  3.43622e-17 -3.04599e-26  9.69717e-17 -1.57462e-27  2.95161e-17 -4.98705e-27  5.30121e-18  3.76197e-27  5.57335e-19  1.36483e-27  2.16098e-21 -3.91897e-28 -1.25472e-20 -1.27069e-28 -2.93063e-21  1.93882e-29 -4.14631e-22 -3.33158e-31 -4.07615e-23 -3.25969e-30 -2.65005e-24 -1.55615e-31 -7.02427e-26  1.14335e-31  6.99805e-27  5.09212e-33   1.0941e-27 -3.56902e-33  7.91697e-29  -5.6339e-34  3.58518e-30  -1.2117e-35  1.01486e-31  2.38181e-36  1.57232e-33  8.59243e-38  8.37232e-36
-2.24054e-12  2.43498e-26  1.15081e-10  -5.3249e-25 -2.29684e-09  6.79943e-24  2.74962e-08 -5.96244e-23 -2.27541e-07  3.75399e-22    1.396e-06 -1.71993e-21 -6.60823e-06  5.66278e-21  2.47182e-05 -1.24521e-20 -7.40512e-05  1.22214e-20  0.000178649  2.90484e-20 -0.000346299 -1.66843e-19  0.000533101  4.23372e-19  -0.00063447 -6.93371e-19  0.000550051  7.26594e-19  -0.00029399 -3.09549e-19  2.24273e-05 -4.51579e-19  9.99118e-05   1.0819e-18 -6.18744e-05 -1.10432e-18 -1.09937e-05  5.05525e-19  2.51266e-05   2.2545e-19 -1.50285e-06 -5.67294e-19 -7.99228e-06  4.31876e-19  8.40242e-07 -1.31604e-19  2.40422e-06 -3.09965e-20 -4.25141e-08  2.67592e-20 -6.59034e-07  1.30975e-20 -1.09959e-07 -1.61025e-20  1.36694e-07  6.18625e-21  6.13808e-08  -1.0906e-20 -1.18312e-08  1.95706e-20 -1.64505e-08  -1.6861e-20 -3.39402e-09  6.98501e-21  1.73669e-09 -3.18749e-22  1.23198e-09 -1.05203e-21  2.10568e-10  4.30609e-22 -9.44908e-11 -1.45111e-24 -6.65253e-11 -2.51261e-23 -1.55103e-11 -1.88497e-23   1.1764e-12 -1.11315e-24  2.07055e-12  1.87422e-23  7.17462e-13 -5.47936e-24  1.06718e-13 -3.40274e-24 -1.35694e-14  1.00684e-24 -1.22889e-14  5.87346e-25 -3.59455e-15 -1.25881e-25 -5.84288e-16 -4.27172e-26 -2.40211e-17 -1.02451e-26  1.64121e-17 -3.91364e-27  5.72213e-18  5.11312e-27  1.09521e-18  1.42065e-27  1.36806e-19 -5.00338e-28  9.14342e-21 -1.31582e-28 -4.47005e-22  2.57799e-29 -2.25897e-22 -4.67603e-31 -3.59028e-23 -3.66839e-30 -3.71856e-24 -3.26411e-31 -2.72175e-25  8.25169e-32 -1.35715e-26  7.73346e-33 -3.67591e-28  -2.1395e-33  3.51498e-30 -3.82289e-34   7.7362e-31 -9.82064e-36  3.05548e-32  8.15338e-37  4.93863e-34  1.76447e-38
-4.58392e-27 -2.11726e-11  1.58103e-25   6.2998e-10 -2.52928e-24 -9.75994e-09  2.73046e-23   9.8817e-08 -2.12521e-22 -7.20533e-07  1.21326e-21  3.98743e-06 -5.10046e-21 -1.72758e-05  1.55271e-20  5.96936e-05 -3.17339e-20 -0.000166108  2.90484e-20  0.000373121  6.45157e-20 -0.000672868 -3.46285e-19  0.000958646  8.18949e-19  -0.00104211 -1.23875e-18  0.000797628  1.16086e-18 -0.000329054 -3.20242e-19 -6.58475e-05 -9.47781e-19  0.000171213  1.80333e-18  -6.0418e-05 -1.60774e-18 -3.98123e-05  5.56734e-19   3.2341e-05  4.90232e-19   7.6164e-06 -8.36196e-19 -1.13041e-05  5.24998e-19 -2.09137e-06 -9.47601e-20  3.28999e-06 -7.56424e-20  9.23857e-07  3.27128e-20 -7.51428e-07  1.94034e-20 -3.87108e-07 -1.17695e-20  9.05806e-08 -2.69726e-21  1.14143e-07 -7.71147e-21  1.52663e-08   2.1016e-20 -1.82153e-08 -1.80578e-20 -9.37635e-09  6.84725e-21 -2.42618e-10  2.54693e-23  1.46386e-09 -1.16821e-21  6.19496e-10  4.39248e-22   4.2425e-11  2.70845e-23 -6.38758e-11 -3.38316e-23 -3.13257e-11 -3.82488e-23   -5.798e-12  6.87397e-24  7.80989e-13  2.27323e-23  8.36119e-13 -6.16429e-24  2.62898e-13 -4.61864e-24   3.8868e-14  1.12823e-24   -2.822e-15  7.24915e-25 -3.24963e-15 -1.06274e-25 -9.62082e-16 -5.59347e-26  -1.6714e-16 -2.08944e-26 -1.41018e-17  -2.7635e-27  1.49941e-18  6.53615e-27  8.10006e-19  1.41173e-27  1.68472e-19 -6.10355e-28   2.2967e-20 -1.28845e-28  2.10524e-21  3.15792e-29  9.81036e-23 -4.84122e-31 -5.54394e-24 -3.89762e-30 -1.66742e-24  -4.6603e-31 -1.87345e-25  5.30643e-32 -1.35987e-26  8.79105e-33 -6.78938e-28 -1.05263e-33 -2.25174e-29 -2.24783e-34 -4.35204e-31 -6.54454e-36 -3.12285e-33  1.47741e-37  1.32225e-35
 2.44651e-12 -3.86028e-26 -1.33207e-10  7.81975e-25  2.82004e-09 -1.01199e-23 -3.58399e-08  9.63652e-23  3.15212e-07 -6.81194e-22  -2.0582e-06  3.57592e-21  1.03881e-05 -1.39225e-20 -4.15267e-05  3.94461e-20  0.000133359 -7.52931e-20 -0.000346299  6.45157e-20  0.000726715   1.3427e-19  -0.00122164 -6.74959e-19    0.0016108  1.48992e-18  -0.00159266 -2.08187e-18   0.00105642  1.73283e-18 -0.000288364 -1.99942e-19 -0.000218819 -1.75579e-18  0.000244628  2.79437e-18 -3.02343e-05 -2.17906e-18 -7.96223e-05  5.04678e-19  3.05727e-05  8.76783e-19  2.23065e-05 -1.13791e-18 -1.17177e-05  5.79392e-19 -6.92034e-06 -2.16011e-20  3.08692e-06  -1.2272e-19  2.33175e-06  2.81879e-20 -4.42721e-07  2.76077e-20 -6.92966e-07 -2.55788e-21  -6.7995e-08 -1.48633e-20  1.39158e-07 -3.94029e-21  5.88374e-08  2.20657e-20 -7.96274e-09 -1.84733e-20 -1.40168e-08  6.33105e-21 -3.93223e-09  2.96616e-22  7.45385e-10 -1.19801e-21  8.96204e-10  4.34783e-22  2.62904e-10  7.17011e-23 -6.51461e-12 -4.81362e-23 -3.35515e-11 -6.33678e-23 -1.30671e-11   1.4546e-23 -2.04005e-12  2.83373e-23  3.32766e-13 -6.53481e-24  2.89897e-13 -5.84273e-24  8.60293e-14  1.11564e-24  1.32483e-14  8.30418e-25 -1.10647e-16 -6.56242e-26 -6.80026e-16 -6.74754e-26 -2.11957e-16 -3.25675e-26 -3.89302e-17  -1.6244e-27 -4.35762e-18  7.86456e-27 -1.12092e-19   1.3136e-27  7.02677e-20 -7.11649e-28  1.79006e-20 -1.20104e-28  2.60243e-21  3.61616e-29  2.62534e-22 -3.06224e-31  1.82251e-23 -3.90286e-30  6.99788e-25 -5.49949e-31 -1.23261e-26   2.8936e-32 -3.96339e-27  8.34676e-33 -2.99156e-28 -3.44173e-34 -1.28633e-29 -1.10471e-34 -3.22507e-31 -3.53716e-36 -3.87497e-33 -1.37566e-38
  7.1579e-27  2.01953e-11 -2.10375e-25 -6.42387e-10  3.08115e-24  1.06395e-08  -3.4557e-23 -1.15201e-07  3.01223e-22  8.98951e-07 -1.97518e-21 -5.32981e-06  9.65855e-21  2.47793e-05 -3.51261e-20 -9.20834e-05  9.31813e-20  0.000276441 -1.66843e-19 -0.000672868   1.3427e-19    0.0013234  2.62536e-19  -0.00207744 -1.23846e-18   0.00253365  2.55528e-18  -0.00226449 -3.29876e-18   0.00126321  2.41821e-18 -0.000125138    1.468e-19 -0.000434405 -2.94973e-18  0.000293374  4.04691e-18  3.99736e-05 -2.75334e-18 -0.000121774  2.99161e-19  1.29324e-05  1.38044e-18  3.99472e-05 -1.43476e-18 -6.45519e-06  5.69745e-19 -1.26185e-05  8.51553e-20  9.40169e-07 -1.59932e-19  3.71652e-06  8.49692e-21   4.3156e-07  3.63646e-20 -8.52202e-07   1.1981e-20 -3.31747e-07 -2.90593e-20  9.43579e-08 -4.38279e-22  1.01954e-07  2.27046e-20  1.70935e-08 -1.79709e-20 -1.26766e-08  5.50211e-21 -7.89453e-09  4.28955e-22 -1.11882e-09 -1.16291e-21  7.17111e-10   4.3121e-22  4.49844e-10  1.38907e-22  9.70427e-11 -6.63782e-23  -1.1248e-11 -9.55444e-23 -1.47162e-11  2.02121e-23 -4.90095e-12  3.52747e-23  -6.9751e-13 -6.17453e-24  1.02332e-13 -6.87011e-24  8.54534e-14  9.28267e-25  2.46944e-14  8.76889e-25  4.03143e-15 -9.86851e-27  1.89767e-16 -7.55415e-26 -1.02129e-16 -4.40061e-26 -3.66058e-17 -4.57972e-28 -7.08511e-18  8.93651e-27 -9.06606e-19  1.11058e-27 -6.75547e-20 -7.97106e-28  8.55074e-22 -1.07761e-28  1.10283e-21  3.91088e-29  1.84563e-22  8.51512e-32   1.9267e-23 -3.67326e-30  1.41283e-24 -5.68379e-31   7.2025e-26  1.13049e-32  2.26203e-27   6.8578e-33  2.07115e-29    3.165e-35 -1.47499e-30 -4.22097e-35 -6.04475e-32 -1.47106e-36 -6.35175e-34
-1.85549e-12  5.15844e-26   1.0946e-10 -8.28644e-25 -2.50636e-09  9.71121e-24  3.44118e-08 -1.00836e-22 -3.26758e-07  8.37106e-22  2.30337e-06 -5.20361e-21  -1.2557e-05  2.40057e-20  5.42819e-05 -8.22138e-20 -0.000188884   2.0534e-19  0.000533101 -3.46285e-19  -0.00122164  2.62536e-19   0.00225895  4.83406e-19   -0.0033164 -2.14387e-18   0.00373633  4.14006e-18   -0.0029915 -4.93867e-18   0.00133117  3.15587e-18  0.000197244   8.1917e-19  -0.00068712 -4.56314e-18  0.000282523  5.50247e-18  0.000152654 -3.24464e-18 -0.000150644  -9.6084e-20 -2.49133e-05  1.97178e-18  5.45896e-05 -1.67819e-18  6.34092e-06  4.76954e-19 -1.69255e-05  2.13927e-19 -3.53859e-06 -1.73632e-19  4.27672e-06 -2.83749e-20   1.8116e-06  4.35973e-20 -6.49989e-07  3.12384e-20 -6.18055e-07 -4.34093e-20 -4.63033e-08  1.97393e-21  1.15297e-07  2.28754e-20  5.10288e-08 -1.65037e-20 -1.80939e-09  4.49014e-21  -9.4591e-09   3.8093e-22 -3.56122e-09 -1.11295e-21 -9.30893e-11  4.38904e-22  4.38305e-10   2.3741e-22  1.94799e-10 -8.37702e-23  3.22237e-11 -1.35492e-22 -6.41936e-12  2.17184e-23 -5.53125e-12  4.27553e-23 -1.65962e-12 -4.67194e-24   -2.329e-13 -7.46063e-24  2.12663e-14  5.64182e-25  2.09071e-14  8.44479e-25  6.05172e-15  5.07935e-26  1.04451e-15 -8.01134e-26  9.07626e-17 -5.39659e-26 -7.75311e-18  8.72907e-28 -4.57326e-18  9.63587e-27 -9.56995e-19   8.0477e-28 -1.31005e-19 -8.62835e-28 -1.22916e-20 -9.44899e-29 -6.61371e-22  4.02219e-29  1.07016e-23  6.37016e-31  6.53956e-24 -3.23938e-30  7.60441e-25 -5.27692e-31  5.40218e-26 -5.21228e-35  2.57778e-27  4.93457e-33  8.03556e-29  1.66912e-34   1.4497e-30 -1.02553e-35  1.07381e-32 -4.06709e-37
 -1.0335e-26 -1.26425e-11  2.28852e-25  4.44743e-10 -2.29565e-24 -8.10593e-09  2.33333e-23   9.6234e-08  -2.4778e-22 -8.21286e-07  2.06724e-21  5.31722e-06 -1.24928e-20 -2.69778e-05  5.50953e-20  0.000109446 -1.79098e-19 -0.000359212  4.23372e-19  0.000958646 -6.74959e-19  -0.00207744  4.83406e-19   0.00362281  8.39978e-19  -0.00498084 -3.50811e-18   0.00517253  6.34901e-18  -0.00366056 -7.00086e-18   0.00116567  3.85162e-18  0.000687668  1.89164e-18 -0.000925427 -6.56521e-18  0.000178305  7.05325e-18  0.000295624 -3.56265e-18 -0.000146596 -6.91566e-19 -8.12845e-05  2.59821e-18  5.78997e-05 -1.81779e-18  2.61094e-05  2.93834e-19 -1.68025e-05  3.45831e-19 -9.76327e-06 -1.52719e-19  3.12809e-06 -8.05321e-20  3.30588e-06  4.70845e-20  5.79359e-08  5.34687e-20  -7.7416e-07  -5.5836e-20 -2.64777e-07  2.71511e-21  6.97074e-08  2.24757e-20  7.79156e-08 -1.41346e-20  1.77073e-08  3.48056e-21 -6.00546e-09  1.47154e-22 -5.23809e-09 -1.11896e-21 -1.33426e-09  4.57742e-22   1.2425e-10  3.76047e-22  2.11707e-10 -9.23345e-23  7.49084e-11 -1.82422e-22  1.00818e-11  1.67661e-23  -2.5353e-12  4.95378e-23  -1.7909e-12 -1.76573e-24 -5.03801e-13 -7.39466e-24 -7.35893e-14  6.90123e-26  1.64332e-15  7.29614e-25   4.0608e-15  1.04335e-25  1.22108e-15  -8.3189e-26  2.20636e-16 -6.15326e-26  2.47175e-17  2.52038e-27  7.84945e-19  9.91545e-27 -3.39137e-19  4.20081e-28 -8.82929e-20 -9.06516e-28 -1.27542e-20 -8.22685e-29 -1.27729e-21   3.9509e-29 -8.95027e-23  1.23985e-30 -3.81999e-24 -2.66816e-30 -1.64074e-26 -4.46149e-31  1.09074e-26 -6.16216e-33  8.47919e-28  3.10968e-33  3.32886e-29  1.63817e-34  6.88187e-31 -4.42735e-39  5.09534e-33
