 0.000213766  5.26919e-20  -0.00129931 -5.79541e-19   0.00199735  1.11319e-18 -0.000632889 -3.13284e-19 -0.000389917 -4.86045e-19  1.12144e-05  1.71593e-19  4.46424e-05  2.00925e-20  1.23309e-05   1.3818e-20   1.3569e-06 -3.50055e-21  2.81935e-08 -1.10264e-21  -3.0169e-09
 5.26919e-20   0.00209875  4.58059e-19  -0.00661589 -3.12224e-18   0.00624325  4.20024e-18 -5.75908e-05  -6.1201e-19  -0.00119149 -1.04812e-18 -0.000303177   5.4702e-20  1.80193e-05  4.33095e-20  2.14289e-05  4.05816e-20  3.99468e-06 -7.84061e-21  2.77549e-07 -9.66232e-22
 -0.00129931  4.58059e-19   0.00951224  2.01513e-18   -0.0188624 -9.42758e-18    0.0103646  8.81929e-18   0.00335547  5.07607e-20  -0.00130604 -1.23849e-18 -0.000812639 -3.16508e-19 -0.000145043  4.15112e-20 -2.69603e-06  3.69006e-20  2.09904e-06   -7.581e-21  1.58338e-07
-5.79541e-19  -0.00661589  2.01513e-18    0.0265866   5.6674e-18   -0.0358439  -1.9225e-17    0.0088117  1.17882e-17   0.00861161  2.18536e-18   0.00051458 -5.83241e-19 -0.000820282 -5.05267e-19 -0.000275905  1.35726e-20 -3.61791e-05  1.26297e-20 -1.68481e-06 -4.17736e-21
  0.00199735 -3.12224e-18   -0.0188624   5.6674e-18    0.0518515   1.1471e-17   -0.0490637 -2.90527e-17  -0.00147839  9.65542e-18    0.0115115  4.41404e-18   0.00357028  7.40834e-19  2.42591e-05 -2.60534e-19 -0.000175117  1.02299e-20 -3.25338e-05 -2.28271e-21 -1.62166e-06
 1.11319e-18   0.00624325 -9.42758e-18   -0.0358439   1.1471e-17     0.076229  1.81626e-17   -0.0504653 -3.46257e-17   -0.0170253  1.98536e-18   0.00851135  4.42294e-18   0.00533712  1.70361e-18   0.00102118  1.20192e-19  4.87364e-05  2.43858e-20 -5.77986e-06 -2.69347e-21
-0.000632889  4.20024e-18    0.0103646  -1.9225e-17   -0.0490637  1.81626e-17    0.0901595  2.43152e-17   -0.0394379 -3.40911e-17   -0.0305712   -8.192e-18  0.000316692  1.35289e-18   0.00409363  1.39188e-18   0.00122342  2.18492e-19  0.000142889   1.7684e-20  4.91679e-06
-3.13284e-19 -5.75908e-05  8.81929e-18    0.0088117 -2.90527e-17   -0.0504653  2.43152e-17    0.0919515  2.98999e-17   -0.0215074 -2.82679e-17   -0.0364649 -1.64053e-17  -0.00858589 -3.10882e-18  0.000813024  1.14453e-19  0.000619305   4.7978e-20  8.01023e-05  8.09237e-22
-0.000389917  -6.1201e-19   0.00335547  1.17882e-17  -0.00147839 -3.46257e-17   -0.0394379  2.98999e-17     0.087523  3.63315e-17  -0.00198769 -1.84162e-17   -0.0328309 -1.89938e-17   -0.0132734 -6.01895e-18  -0.00188539 -9.17984e-19  -1.4571e-05  -8.5931e-20  1.07906e-05
-4.86045e-19  -0.00119149  5.07607e-20   0.00861161  9.65542e-18   -0.0170253 -3.40911e-17   -0.0215074  3.63315e-17    0.0838891   4.4932e-17     0.017093 -5.24879e-18   -0.0210581 -1.48945e-17   -0.0117503 -5.71641e-18  -0.00239982 -9.93576e-19 -0.000190058 -6.60667e-20
 1.12144e-05 -1.04812e-18  -0.00130604  2.18536e-18    0.0115115  1.98536e-18   -0.0305712 -2.82679e-17  -0.00198769   4.4932e-17    0.0843933  5.52337e-17    0.0348355   9.4717e-18  -0.00543376 -6.62024e-18  -0.00618646 -3.19274e-18  -0.00136604 -4.97116e-19 -8.59714e-05
 1.71593e-19 -0.000303177 -1.23849e-18   0.00051458  4.41404e-18   0.00851135   -8.192e-18   -0.0364649 -1.84162e-17     0.017093  5.52337e-17    0.0877645  6.41376e-17    0.0482671  2.15295e-17   0.00774765  1.01651e-18 -0.000884868 -7.85488e-19 -0.000328255 -1.06817e-19
 4.46424e-05   5.4702e-20 -0.000812639 -5.83241e-19   0.00357028  4.42294e-18  0.000316692 -1.64053e-17   -0.0328309 -5.24879e-18    0.0348355  6.41376e-17    0.0889896  6.66916e-17    0.0526072  2.61954e-17    0.0134921  4.44814e-18   0.00144324  2.16972e-19   3.3999e-05
 2.00925e-20  1.80193e-05 -3.16508e-19 -0.000820282  7.40834e-19   0.00533712  1.35289e-18  -0.00858589 -1.89938e-17   -0.0210581   9.4717e-18    0.0482671  6.66916e-17    0.0820324  5.92263e-17    0.0455374  2.23508e-17    0.0116877   3.8495e-18   0.00126978  2.09133e-19
 1.23309e-05  4.33095e-20 -0.000145043 -5.05267e-19  2.42591e-05  1.70361e-18   0.00409363 -3.10882e-18   -0.0132734 -1.48945e-17  -0.00543376  2.15295e-17    0.0526072  5.92263e-17     0.064665   4.3106e-17    0.0307387  1.38735e-17   0.00657053  1.85156e-18  0.000457357
  1.3818e-20  2.14289e-05  4.15112e-20 -0.000275905 -2.60534e-19   0.00102118  1.39188e-18  0.000813024 -6.01895e-18   -0.0117503 -6.62024e-18   0.00774765  2.61954e-17    0.0455374   4.3106e-17    0.0414771  2.47375e-17    0.0156971  6.15176e-18   0.00240545  4.85658e-19
  1.3569e-06  4.05816e-20 -2.69603e-06  1.35726e-20 -0.000175117  1.20192e-19   0.00122342  1.14453e-19  -0.00188539 -5.71641e-18  -0.00618646  1.01651e-18    0.0134921  2.23508e-17    0.0307387  2.47375e-17    0.0207062  1.07303e-17   0.00579413  1.83384e-18  0.000504144
-3.50055e-21  3.99468e-06  3.69006e-20 -3.61791e-05  1.02299e-20  4.87364e-05  2.18492e-19  0.000619305 -9.17984e-19  -0.00239982 -3.19274e-18 -0.000884868  4.44814e-18    0.0116877  1.38735e-17    0.0156971  1.07303e-17   0.00766148  3.32607e-18   0.00143054  3.14252e-19
 2.81935e-08 -7.84061e-21  2.09904e-06  1.26297e-20 -3.25338e-05  2.43858e-20  0.000142889   4.7978e-20  -1.4571e-05 -9.93576e-19  -0.00136604 -7.85488e-19   0.00144324   3.8495e-18   0.00657053  6.15176e-18   0.00579413  3.32607e-18   0.00196342  6.72042e-19  0.000198564
-1.10264e-21  2.77549e-07   -7.581e-21 -1.68481e-06 -2.28271e-21 -5.77986e-06   1.7684e-20  8.01023e-05  -8.5931e-20 -0.000190058 -4.97116e-19 -0.000328255  2.16972e-19   0.00126978  1.85156e-18   0.00240545  1.83384e-18   0.00143054  6.72042e-19  0.000309626  7.23321e-20
 -3.0169e-09 -9.66232e-22  1.58338e-07 -4.17736e-21 -1.62166e-06 -2.69347e-21  4.91679e-06  8.09237e-22  1.07906e-05 -6.60667e-20 -8.59714e-05 -1.06817e-19   3.3999e-05  2.09133e-19  0.000457357  4.85658e-19  0.000504144  3.14252e-19  0.000198564  7.23321e-20  2.25582e-05
