 0.000331993  2.97171e-18   -0.0014914 -2.68313e-17   0.00165571  6.16019e-17 -0.000169461 -6.45877e-17 -0.000403133  3.04632e-17 -8.66074e-05  1.69829e-18  5.91022e-05 -8.69245e-18  5.34369e-05  2.36892e-18  1.87712e-05  8.81908e-19  2.63891e-08  1.64358e-19 -4.18778e-06 -7.63349e-19 -3.00041e-06  1.95051e-19 -1.32161e-06  9.40735e-20 -3.81255e-07 -9.10145e-21 -3.37109e-08  1.30229e-20  4.27836e-08 -2.50542e-20  3.67313e-08 -4.94031e-21  1.96064e-08  5.98549e-21  8.39374e-09  1.19651e-21  3.08532e-09 -3.80476e-22  9.97899e-10 -2.54301e-24   2.8521e-10  1.41541e-22  7.09791e-11 -5.26418e-23  1.46026e-11 -8.25364e-23  2.04198e-12 -2.79894e-23 -7.04501e-14  5.79823e-25 -1.90765e-13  5.82162e-24 -9.20307e-14  2.89129e-24 -3.27583e-14  1.33554e-25   -9.954e-15 -4.23529e-25 -2.70927e-15 -1.23929e-25 -6.74876e-16  3.78038e-26 -1.55559e-16  2.54594e-26 -3.33743e-17 -2.82546e-27 -6.68424e-18 -6.89535e-27 -1.25099e-18 -2.67732e-27 -2.18694e-19 -2.08834e-28 -3.56511e-20  2.43874e-28 -5.40356e-21  1.30116e-28 -7.58055e-22  3.12998e-29 -9.77748e-23  7.86889e-31 -1.14762e-23 -2.65256e-30 -1.20516e-24 -1.22115e-30 -1.09665e-25 -2.77449e-31 -8.01829e-27 -4.62918e-33 -3.52508e-28  2.53444e-32  1.66946e-29  1.29091e-32  6.42688e-30  4.22293e-33  9.70958e-31  1.08607e-33  1.09602e-31  2.38078e-34  1.02724e-32  4.69467e-35  8.27263e-34  8.59982e-36  5.79454e-35  1.45827e-36  3.53751e-36  2.19612e-37  1.87389e-37  2.73667e-38   8.5271e-39  2.49032e-39  3.28577e-40  1.01919e-40  1.06066e-41 -1.34339e-41  2.93508e-43 -3.35834e-42  7.72538e-45 -3.77185e-43   2.0777e-46  -2.5643e-44  4.45625e-48 -9.89971e-46  4.39637e-50 -1.44219e-47
 2.97171e-18   0.00245055  1.73192e-17    -0.005944 -1.05285e-16   0.00412118  1.87221e-16  0.000757444 -1.59435e-16 -0.000915977  5.75846e-17 -0.000520279  1.34905e-17  -1.5875e-05 -1.98482e-17  0.000122412  2.39594e-18  8.12228e-05  3.19801e-18  2.55965e-05  4.05184e-19 -6.48885e-07 -1.63834e-18 -6.13768e-06  2.23492e-19 -4.40562e-06  2.05071e-19 -2.05327e-06  7.22749e-20 -6.94092e-07  1.62385e-20 -1.46535e-07  -6.4341e-20   9.4448e-09 -1.15878e-20   2.9849e-08  1.20375e-20   1.9649e-08  3.17498e-21  9.43723e-09  -2.3199e-22  3.82453e-09  5.46375e-22  1.37585e-09  3.75849e-22  4.50207e-10 -2.29556e-22  1.35874e-10 -2.74848e-22  3.81608e-11 -1.05676e-22  1.00374e-11 -4.70194e-24  2.48537e-12  1.75802e-23  5.82147e-13  8.50466e-24  1.29676e-13  2.62363e-25  2.76479e-14 -1.04709e-24  5.68714e-15 -1.85274e-25  1.13919e-15  1.44012e-25  2.24332e-16  5.03682e-26  4.37528e-17  -2.6965e-26  8.47533e-18 -2.63599e-26  1.62545e-18 -8.93251e-27  3.06131e-19 -6.93259e-28   5.6013e-20  7.04656e-28   9.8498e-21  3.63864e-28  1.64909e-21  7.85216e-29  2.60896e-22 -4.10166e-30  3.87739e-23 -9.84727e-30  5.38812e-24  -3.9238e-30  6.97381e-25 -7.60591e-31  8.37782e-26  4.60389e-32  9.31038e-27  9.81504e-32  9.53868e-28  4.44586e-32  8.97608e-29  1.38412e-32  7.72635e-30  3.46405e-33  6.05495e-31  7.46895e-34  4.29666e-32  1.44821e-34   2.7431e-33  2.57252e-35  1.56336e-34  4.13289e-36  7.87638e-36  5.75299e-37  3.46261e-37  6.44918e-38  1.30493e-38  4.98688e-39  4.12305e-40  1.01771e-40  1.07845e-41 -3.88286e-41  2.48702e-43 -6.85297e-42  6.25941e-45 -6.23503e-43  1.71511e-46 -3.33553e-44  3.12167e-48 -8.85934e-46   1.7015e-50
  -0.0014914  1.73192e-17   0.00870922  5.55713e-17   -0.0138576 -2.48571e-16   0.00555202  3.55368e-16   0.00329068 -2.52793e-16 -0.000797111  6.94116e-17  -0.00120819  3.26816e-17 -0.000398905 -2.97829e-17  8.32144e-05 -4.29571e-19  0.000156419  6.42079e-18  8.77114e-05  8.08386e-19  2.61181e-05 -2.45964e-18 -5.77454e-07 -2.64167e-20 -6.08231e-06  3.20947e-19 -4.48405e-06  2.47656e-19  -2.2117e-06  1.13082e-20 -8.43015e-07 -1.12989e-19 -2.47313e-07 -2.05077e-20 -4.59574e-08    1.669e-20   3.7352e-09  5.53367e-21  8.78925e-09  1.55621e-21  5.38831e-09  2.28912e-21  2.45979e-09  8.16541e-22  9.59032e-10 -6.00416e-22  3.35322e-10 -6.65223e-22  1.07685e-10 -2.71861e-22  3.22064e-11 -2.18315e-23  9.05143e-12  3.52796e-23  2.40534e-12  1.62059e-23  6.07071e-13  1.98889e-25  1.45974e-13  -1.5631e-24  3.35121e-14  4.82908e-26   7.3545e-15  3.52518e-25  1.54352e-15    3.612e-26  3.09704e-16 -1.02627e-25  5.93525e-17 -7.01457e-26  1.08476e-17 -2.16927e-26  1.88702e-18 -1.93051e-27  3.11721e-19  1.30829e-27  4.87731e-20  6.56019e-28  7.20796e-21  1.08621e-28  1.00319e-21 -3.03242e-29  1.31085e-22  -2.6393e-29  1.60287e-23 -8.90902e-30  1.82776e-24  -1.3793e-30  1.93643e-25  2.54771e-31  1.89837e-26  2.60582e-31  1.71434e-27  1.06645e-31  1.41887e-28  3.15875e-32  1.06997e-29  7.66158e-33    7.301e-31  1.61272e-33  4.47065e-32  3.04289e-34  2.43133e-33    5.187e-35  1.15854e-34  7.83497e-36  4.74414e-36  1.00206e-36  1.61776e-37  1.00001e-37  4.32629e-39  6.30779e-39   7.9256e-41 -4.18471e-41  7.18083e-43 -6.79167e-41  1.48839e-44  -9.0079e-42   1.8763e-45 -6.53621e-43  8.20626e-47 -2.61518e-44  1.23487e-48 -3.90221e-46
-2.68313e-17    -0.005944  5.55713e-17    0.0199353  1.19536e-16   -0.0225348  -4.1353e-16   0.00356298    4.906e-16   0.00653128 -3.02403e-16  0.000666659  6.35967e-17  -0.00161077  5.07399e-17  -0.00105112 -3.52624e-17 -0.000200105 -4.72233e-18  0.000146601  9.49449e-18   0.00015564  1.40092e-18  7.90135e-05 -3.07304e-18  2.34172e-05 -5.73017e-19  4.51396e-07  4.24223e-19 -4.53803e-06  4.63094e-19 -3.55775e-06 -3.95314e-21 -1.85891e-06 -1.60571e-19 -7.75382e-07 -3.22604e-20 -2.70009e-07  1.66697e-20 -7.79763e-08  8.16434e-21  -1.7257e-08  6.49884e-21 -1.83395e-09  6.01154e-21  7.76831e-10  1.67293e-21  6.67575e-10 -1.18717e-21  3.21115e-10 -1.30816e-21  1.24417e-10 -5.45444e-22  4.22827e-11 -5.59436e-23  1.30448e-11  5.33995e-23  3.71749e-12  2.28925e-23  9.88346e-13 -2.94117e-26   2.4661e-13 -1.18153e-24  5.79616e-14  8.99515e-25  1.28591e-14  6.35071e-25  2.69569e-15 -9.86039e-26   5.3408e-16 -2.71289e-25  9.99608e-17 -1.51276e-25  1.76572e-17 -4.42633e-26  2.93945e-18  -4.9323e-27  4.60328e-19  1.59413e-27  6.76639e-20  7.82267e-28   9.3108e-21  3.11314e-29  1.19567e-21 -1.05033e-28  1.42769e-22  -5.7479e-29  1.57816e-23 -1.63084e-29   1.6063e-24 -1.80484e-30  1.49519e-25  7.63591e-31  1.26124e-26  5.48019e-31   9.5164e-28  2.05069e-31  6.29192e-29  5.77768e-32  3.51009e-30  1.35286e-32  1.51076e-31  2.76078e-33  3.44298e-33  5.02329e-34 -1.61682e-34  8.14452e-35  -2.6876e-35  1.14813e-35 -2.06904e-36  1.33851e-36 -1.16217e-37  1.16992e-37 -5.15976e-39  5.56167e-39 -1.81959e-40 -2.74673e-40 -4.76753e-42 -8.54815e-41 -7.07002e-44  -8.7316e-42  3.63712e-46 -4.91517e-43  3.40339e-47 -1.34486e-44  3.04815e-49
  0.00165571 -1.05285e-16   -0.0138576  1.19536e-16    0.0332674   1.8707e-16    -0.027682 -5.16141e-16  -0.00221799  5.25599e-16   0.00857543 -2.96589e-16   0.00330784  5.09073e-17  -0.00113682  6.02319e-17  -0.00163464 -3.64918e-17 -0.000715661 -8.12725e-18 -4.09288e-05  1.17904e-17  0.000160705  2.20031e-18  0.000132111 -3.48472e-18   6.3548e-05 -1.27918e-18  1.96813e-05  5.01644e-19  1.86096e-06  6.31016e-19 -2.46344e-06 -3.91815e-20 -2.22374e-06 -2.04703e-19 -1.24265e-06  -5.2419e-20 -5.55922e-07  7.65922e-21 -2.13606e-07  1.13502e-20 -7.24675e-08  1.58937e-20 -2.19205e-08  1.24235e-20 -5.89497e-09  3.21997e-21 -1.38229e-09 -1.92822e-21 -2.66853e-10 -2.17381e-21 -3.41959e-11 -9.03111e-22  1.76908e-12 -1.07597e-22  3.17927e-12  6.28265e-23   1.4103e-12  2.51186e-23  4.66095e-13  5.77118e-25  1.31323e-13  1.24072e-24   3.2994e-14  2.59683e-24  7.53905e-15  8.54167e-25  1.58161e-15 -4.69777e-25  3.05921e-16  -5.7739e-25  5.46013e-17 -2.81991e-25  8.97525e-18 -8.04051e-26  1.35215e-18 -1.14861e-26  1.85024e-19  6.22041e-28  2.26256e-20  3.32103e-28  2.39403e-21 -2.89356e-28  2.02521e-22 -2.58714e-28  9.92886e-24 -1.06005e-28 -7.13018e-25 -2.51659e-29 -2.88342e-25 -1.50515e-30 -5.10473e-26  1.69654e-30 -6.87351e-27  9.69224e-31 -7.77519e-28  3.34457e-31 -7.64406e-29  8.95912e-32 -6.62049e-30  2.01724e-32 -5.07451e-31  3.96498e-33 -3.44074e-32  6.90129e-34 -2.05591e-33   1.0558e-34 -1.07551e-34  1.37834e-35 -4.88251e-36  1.44961e-36 -1.90191e-37  1.08209e-37 -6.25339e-39  3.19424e-39 -1.67599e-40 -4.68595e-40 -3.30859e-42 -8.29113e-41 -3.20356e-44 -6.53642e-42  3.99829e-46 -2.72266e-43  1.29648e-47 -4.16507e-45
 6.16019e-17   0.00412118 -2.48571e-16   -0.0225348   1.8707e-16      0.04364  2.20852e-16   -0.0269188 -4.95027e-16  -0.00970649  4.52838e-16   0.00807226 -2.54122e-16   0.00611408  4.22878e-17  0.000354169  5.89505e-17  -0.00173376 -3.56717e-17  -0.00126628 -9.20961e-18 -0.000406483  1.34223e-17  4.32562e-05  3.22548e-18  0.000139947 -3.71406e-18   9.9967e-05 -1.89978e-18  4.71269e-05  5.48806e-19  1.57681e-05  6.81856e-19  2.90367e-06 -1.08922e-19 -6.92584e-07 -2.58331e-19  -1.0191e-06 -9.50144e-20 -6.37286e-07 -1.62573e-20 -3.05035e-07  1.46302e-20 -1.24845e-07  3.00353e-20 -4.56118e-08  2.17755e-20 -1.52073e-08  5.63177e-21 -4.68926e-09 -2.67173e-21 -1.34961e-09 -3.11755e-21 -3.65102e-10 -1.27435e-21 -9.33912e-11 -1.71193e-22 -2.27142e-11  5.60243e-23 -5.28165e-12  2.25731e-23 -1.18059e-12  4.63211e-24 -2.55008e-13  6.89111e-24 -5.34604e-14  5.08354e-24 -1.09083e-14  7.46147e-25 -2.16767e-15 -1.20678e-24 -4.18746e-16 -1.05706e-24 -7.83289e-17 -4.70946e-25 -1.41119e-17 -1.34003e-25 -2.43422e-18 -2.41145e-26 -3.99662e-19 -2.93514e-27 -6.21182e-20 -1.20166e-27 -9.09525e-21 -9.85008e-28 -1.24906e-21 -5.08506e-28 -1.60249e-22 -1.69026e-28 -1.91349e-23 -3.32248e-29 -2.11872e-24   9.2174e-32 -2.16724e-25  3.08614e-30 -2.03979e-26  1.48969e-30 -1.75877e-27  4.76833e-31 -1.38241e-28  1.21329e-31 -9.84939e-30   2.6165e-32 -6.31899e-31   4.9228e-33  -3.6218e-32  8.13641e-34 -1.83707e-33  1.16558e-34 -8.15309e-35  1.39713e-35 -3.12402e-36   1.3073e-36 -1.01715e-37  7.99604e-38 -2.74818e-39  5.19071e-40 -5.80292e-41 -5.28327e-40 -7.54103e-43 -6.39866e-41  2.90197e-45 -3.82816e-42  3.23597e-46 -1.08168e-43  3.27025e-48
-0.000169461  1.87221e-16   0.00555202  -4.1353e-16    -0.027682  2.20852e-16     0.047715  1.97059e-16   -0.0213296 -3.60921e-16   -0.0161714  3.19644e-16   0.00510626  -1.9976e-16   0.00798607  4.08482e-17   0.00246407  4.87321e-17  -0.00113554 -3.49071e-17  -0.00158402 -8.08651e-18 -0.000839213  1.48349e-17 -0.000200182  4.45624e-18  6.61947e-05 -3.64881e-18  0.000104054 -2.15907e-18  6.86854e-05  5.94894e-19  3.24774e-05  6.07221e-19  1.18471e-05 -2.21893e-19  3.14314e-06 -3.47691e-19  3.49239e-07 -1.80737e-19 -2.36523e-07 -6.26268e-20 -2.17719e-07  1.55788e-20 -1.17852e-07  4.74978e-20 -5.15028e-08  3.33818e-20 -1.97014e-08  8.77484e-21 -6.82764e-09  -3.2195e-21 -2.18349e-09 -3.91322e-21 -6.51686e-10 -1.56594e-21 -1.82886e-10 -2.36235e-22 -4.85101e-11  3.35713e-23 -1.22057e-11  2.09529e-23  -2.9203e-12  1.61801e-23 -6.65386e-13  1.64849e-23 -1.44472e-13  7.88699e-24 -2.98905e-14 -4.40855e-26 -5.88883e-15 -2.41866e-24 -1.10344e-15 -1.72666e-24 -1.96329e-16 -7.20767e-25 -3.31039e-17 -2.08404e-25  -5.2778e-18 -4.55724e-26 -7.93654e-19 -1.04088e-26 -1.12268e-19 -4.21998e-27 -1.48966e-20 -2.11066e-27 -1.84843e-21 -8.40504e-28 -2.13789e-22 -2.35874e-28 -2.29663e-23 -3.73857e-29 -2.28258e-24  3.33571e-30 -2.08975e-25    4.818e-30  -1.7537e-26  2.03097e-30 -1.34129e-27  6.05358e-31 -9.28696e-29   1.4611e-31 -5.77383e-30  3.00554e-32 -3.19064e-31  5.38066e-33 -1.54669e-32  8.38582e-34 -6.46182e-34  1.11618e-34 -2.26944e-35  1.21612e-35 -6.45482e-37  9.93077e-37 -1.39095e-38  4.60622e-38  -1.8339e-40 -1.31029e-39  1.35942e-42 -4.52485e-40  2.04861e-43 -3.97903e-41  7.75574e-45 -1.73491e-42  1.28362e-46 -2.72409e-44
-6.45877e-17  0.000757444  3.55368e-16   0.00356298 -5.16141e-16   -0.0269188  1.97059e-16    0.0459286  1.25788e-16   -0.0138901 -1.83804e-16   -0.0200703  1.84007e-16  0.000778134 -1.46873e-16   0.00837236  4.36097e-17   0.00456066  3.27635e-17  7.34748e-05  -3.5344e-17  -0.00147952 -5.86771e-18  -0.00117381  1.62178e-17 -0.000506964  5.79672e-18 -9.11782e-05 -3.05435e-18  5.53472e-05 -1.82361e-18  6.74511e-05  7.29631e-19  4.27717e-05  4.77365e-19    2.053e-05 -3.69757e-19  8.06813e-06 -5.00771e-19   2.6235e-06 -3.29206e-19  6.71591e-07 -1.38785e-19  1.04162e-07  9.84662e-21 -1.53624e-08  6.49513e-20  -2.2094e-08  4.53781e-20  -1.2134e-08  1.21088e-20 -5.11052e-09 -3.41083e-21 -1.85425e-09 -4.34556e-21 -6.04881e-10 -1.70479e-21 -1.81115e-10 -2.89725e-22 -5.03535e-11  8.33135e-24 -1.30888e-11  3.18835e-23 -3.19458e-12  3.92961e-23 -7.33962e-13  2.96742e-23 -1.58954e-13  1.01105e-23 -3.24656e-14  -1.8809e-24 -6.25246e-15 -4.15756e-24 -1.13459e-15 -2.57441e-24  -1.9376e-16  -1.0264e-24 -3.10911e-17 -3.05271e-25 -4.67819e-18 -7.78306e-26 -6.58484e-19  -2.2527e-26 -8.64564e-20 -8.77371e-27 -1.05527e-20 -3.58079e-27 -1.19259e-21 -1.20264e-27 -1.24174e-22 -2.90053e-28 -1.18384e-23  -3.4851e-29 -1.02506e-24  8.09985e-30 -7.97075e-26  6.62927e-30 -5.47162e-27  2.48996e-30  -3.2199e-28  6.92756e-31 -1.52675e-29  1.58315e-31 -4.80258e-31  3.09338e-32  2.08457e-33  5.23889e-33  1.69654e-33  7.64587e-34  1.51955e-34  9.37709e-35   9.0805e-36  9.17175e-36   4.1452e-37  6.35122e-37  1.48717e-38  1.85499e-38  4.23043e-40 -1.93052e-39  9.89831e-42 -3.08827e-40  2.05057e-43 -1.98955e-41  3.45078e-45 -5.82169e-43   2.5913e-47
-0.000403133 -1.59435e-16   0.00329068    4.906e-16  -0.00221799 -4.95027e-16   -0.0213296  1.25788e-16    0.0411047  4.30169e-17  -0.00709441 -3.82905e-17   -0.0213906  8.02287e-17  -0.00370925 -9.80222e-17   0.00734564  4.64009e-17   0.00612054  1.40268e-17   0.00160386 -3.72973e-17 -0.000916595 -3.86147e-18  -0.00126884  1.72429e-17 -0.000776194  7.08517e-18 -0.000294708 -1.71195e-18 -4.51965e-05 -7.48774e-19  3.34713e-05  1.10683e-18  3.76978e-05  4.27121e-19  2.36281e-05 -5.22319e-19  1.15505e-05 -7.31566e-19  4.78394e-06 -5.48476e-19  1.73259e-06 -2.47909e-19  5.54806e-07 -7.12316e-21   1.5656e-07  7.78488e-20  3.80565e-08  5.50348e-20  7.42589e-09  1.47999e-20  8.58404e-10 -3.20592e-21 -1.32048e-10 -4.31387e-21 -1.32172e-10 -1.67249e-21   -5.706e-11  -3.1685e-22 -1.91027e-11  4.32933e-24 -5.51136e-12  6.90335e-23 -1.42367e-12    7.583e-23 -3.35085e-13  4.46346e-23 -7.24907e-14  1.05761e-23 -1.44735e-14 -5.03103e-24 -2.67017e-15 -6.39069e-24 -4.54649e-16  -3.5575e-24 -7.12012e-17 -1.37427e-24 -1.01907e-17 -4.23002e-25 -1.31839e-18 -1.20795e-25 -1.51144e-19 -3.88227e-26 -1.47385e-20 -1.44048e-26 -1.09434e-21 -5.15875e-27  -3.2893e-23 -1.51584e-27  7.52745e-24 -3.14904e-28  1.95871e-24  -2.4479e-29  3.02151e-25  1.36955e-29  3.69011e-26  8.17347e-30   3.8262e-27   2.7714e-30  3.45515e-28  7.20663e-31  2.74411e-29  1.55593e-31  1.92136e-30   2.8754e-32  1.18353e-31  4.58001e-33  6.37827e-33  6.21466e-34  2.98042e-34  6.95648e-35  1.19174e-35   6.0096e-36  4.00321e-37  3.36641e-37  1.10436e-38  2.39797e-39  2.46248e-40 -1.67191e-39  4.53805e-42 -1.70841e-40  7.26444e-44 -7.84797e-42  8.32775e-46 -1.26632e-43
 3.04632e-17 -0.000915977 -2.52793e-16   0.00653128  5.25599e-16  -0.00970649 -3.60921e-16   -0.0138901  4.30169e-17    0.0359426 -1.59897e-17  -0.00195226  3.91454e-17   -0.0209175  1.56449e-17  -0.00759797 -5.26509e-17   0.00532009  4.65832e-17   0.00688039 -5.11731e-18   0.00311977 -4.05883e-17  3.33913e-06 -3.14485e-18  -0.00105763  1.72176e-17 -0.000910566  8.13111e-18 -0.000481962  4.40177e-19 -0.000173069  1.11108e-18   -2.967e-05  1.91488e-18  1.38626e-05  6.16035e-19  1.73069e-05 -6.31241e-19  1.10782e-05 -1.02767e-18  5.52611e-06 -8.26528e-19   2.3624e-06 -3.84631e-19  9.00042e-07  -3.7553e-20  3.11999e-07  8.18863e-20  9.96742e-08  5.96286e-20  2.96083e-08  1.60123e-20  8.23453e-09 -2.72712e-21  2.15708e-09 -3.88718e-21  5.35339e-10 -1.50917e-21  1.26641e-10 -2.99521e-22  2.87443e-11  4.96713e-23   6.3024e-12  1.41735e-22  1.34326e-12  1.23334e-22  2.79589e-13  5.81047e-23   5.6932e-14  8.10328e-24  1.13231e-14  -9.5619e-24  2.18934e-15 -8.98935e-24  4.08789e-16 -4.60518e-24  7.31696e-17 -1.74221e-24  1.24664e-17  -5.5512e-25  2.00916e-18 -1.71306e-25  3.04673e-19 -5.73787e-26   4.3274e-20 -2.01822e-26  5.73422e-21 -6.51641e-27  7.06324e-22 -1.70087e-27  8.05942e-23  -3.0053e-28  8.48865e-24 -7.59321e-30  8.22206e-25  1.90277e-29  7.29363e-26  9.13008e-30  5.89818e-27  2.81959e-30  4.32512e-28  6.85591e-31  2.85828e-29  1.39487e-31  1.68998e-30  2.42716e-32  8.86259e-32  3.61428e-33  4.07908e-33  4.52445e-34  1.62603e-34  4.57018e-35  5.51786e-36  3.40873e-36  1.55872e-37  1.41034e-37  3.57876e-39 -3.84961e-39  6.66461e-41   -1.084e-39  1.07725e-42 -7.65123e-41  1.54861e-44 -2.32561e-42  1.15436e-46
-8.66074e-05  5.75846e-17 -0.000797111 -3.02403e-16   0.00857543  4.52838e-16   -0.0161714 -1.83804e-16  -0.00709441 -1.59897e-17    0.0317716 -3.72427e-17   0.00162806  5.46212e-17   -0.0194773 -1.54948e-17   -0.0106114 -1.11385e-17   0.00275953  4.35065e-17   0.00681014 -2.28458e-17   0.00434843 -4.47664e-17   0.00110202 -4.46407e-18 -0.000558278  1.54512e-17 -0.000849455   8.7491e-18  -0.00058912  3.26425e-18 -0.000288951  3.72263e-18 -0.000104875  3.32355e-18 -2.38935e-05  1.17829e-18  1.67735e-06 -6.40257e-19  5.69223e-06 -1.34697e-18  4.04296e-06 -1.12885e-18  2.09496e-06 -5.32996e-19  9.16396e-07 -7.94594e-20   3.5631e-07  7.46278e-20  1.26304e-07  5.74678e-20  4.14282e-08  1.52097e-20  1.26963e-08 -2.24115e-21   3.6601e-09 -3.27942e-21  9.97404e-10 -1.28519e-21  2.57839e-10 -2.16097e-22  6.33862e-11  1.65454e-22  1.48416e-11  2.48943e-22  3.31225e-12  1.74336e-22  7.04553e-13  6.60197e-23  1.42746e-13  1.86545e-24  2.75136e-14 -1.52742e-23  5.03665e-15 -1.17384e-23  8.73917e-16 -5.62663e-24  1.43399e-16 -2.10009e-24  2.21967e-17 -6.89503e-25  3.23261e-18  -2.2305e-25  4.41702e-19 -7.51307e-26  5.64598e-20 -2.49524e-26  6.73021e-21 -7.34366e-27  7.45666e-22 -1.70853e-27  7.65086e-23 -2.48296e-28  7.24083e-24  1.22778e-29  6.29269e-25  2.29531e-29  4.99633e-26   9.3113e-30  3.60327e-27  2.63519e-30  2.34429e-28  5.99024e-31  1.36487e-29  1.14518e-31  7.04245e-31  1.86747e-32  3.18258e-32   2.5832e-33   1.2412e-33  2.95719e-34  4.09814e-35  2.65707e-35  1.11644e-36  1.65293e-36  2.43077e-38  3.97858e-38  4.19405e-40 -4.38472e-39  6.75101e-42 -5.58077e-40  1.37944e-43 -2.72158e-41   2.2791e-45 -4.51829e-43
 1.69829e-18 -0.000520279  6.94116e-17  0.000666659 -2.96589e-16   0.00807226  3.19644e-16   -0.0200703 -3.82905e-17  -0.00195226 -3.72427e-17    0.0287741 -2.97481e-17   0.00411245  3.56361e-17   -0.0176222  -2.0632e-17   -0.0127621  2.55689e-17  3.02904e-05  3.81535e-17   0.00601877  -3.7647e-17   0.00511964  -4.9251e-17   0.00218488 -8.21007e-18  0.000144342  1.15765e-17 -0.000583788  8.78812e-18 -0.000572403   6.4918e-18 -0.000353078  7.00364e-18 -0.000167712  5.42583e-18  -6.3847e-05  2.18033e-18 -1.87325e-05 -4.98633e-19 -3.25588e-06 -1.62542e-18  5.75573e-07 -1.40425e-18  8.89775e-07  -6.6889e-19  5.38126e-07  -1.2666e-19  2.49016e-07  5.64612e-20  9.89516e-08  4.84931e-20  3.52529e-08  1.22824e-20  1.15023e-08 -2.09487e-21  3.47912e-09 -2.75981e-21  9.82895e-10 -1.06053e-21  2.60607e-10 -4.66407e-23   6.5049e-11  3.54699e-22  1.53134e-11  3.76495e-22  3.40328e-12  2.17633e-22  7.14212e-13  6.46346e-23  1.41492e-13 -8.27907e-24  2.64411e-14 -2.16916e-23  4.65559e-15 -1.43646e-23   7.7121e-16  -6.5221e-24  1.19976e-16 -2.41188e-24  1.74914e-17  -8.0937e-25  2.38406e-18 -2.67724e-25  3.02955e-19 -8.86956e-26  3.57798e-20  -2.7711e-26  3.91307e-21 -7.45793e-27  3.94615e-22 -1.53813e-27  3.65099e-23 -1.70488e-28  3.08004e-24  3.06575e-29  2.35094e-25  2.46754e-29  1.60712e-26  8.71826e-30  9.70059e-28  2.27075e-30  5.05928e-29  4.82181e-31  2.19533e-30  8.63388e-32  7.29125e-32  1.31281e-32  1.36391e-33  1.67505e-33 -2.79879e-35  1.73539e-34 -3.87786e-36  1.36049e-35  -1.9652e-37  6.65132e-37 -6.48466e-39   6.3599e-40 -1.40409e-40 -2.91862e-39 -1.48873e-42 -2.31054e-40  8.43076e-45 -7.31832e-42  2.54548e-46
 5.91022e-05  1.34905e-17  -0.00120819  6.35967e-17   0.00330784 -2.54122e-16   0.00510626  1.84007e-16   -0.0213906  3.91454e-17   0.00162806 -2.97481e-17    0.0266676 -1.36631e-17   0.00591659  8.70455e-18   -0.0156411 -6.09058e-18   -0.0141732  5.70236e-17  -0.00262496  3.24895e-17    0.0046713 -4.82447e-17   0.00535968  -5.3492e-17    0.0030815 -1.43764e-17  0.000927496  5.67456e-18 -0.000154157  8.16677e-18 -0.000420816  9.84332e-18 -0.000339063  1.08382e-17 -0.000195632  8.19258e-18 -9.19962e-05   3.5977e-18 -3.67559e-05 -1.75349e-19 -1.25903e-05 -1.79401e-18 -3.62699e-06  -1.5982e-18 -8.10949e-07 -7.66961e-19 -9.26026e-08 -1.70923e-19  3.18772e-08  3.02934e-20  2.88963e-08   3.4093e-20  1.39126e-08  7.43684e-21    5.327e-09 -2.62854e-21  1.77319e-09 -2.54601e-21  5.31318e-10 -8.58054e-22  1.45781e-10  2.15762e-22  3.69718e-11  5.96126e-22  8.71357e-12  4.99368e-22   1.9142e-12  2.41356e-22  3.92533e-13  5.17821e-23  7.51625e-14 -2.15996e-23  1.34309e-14 -2.81182e-23  2.23649e-15 -1.65784e-23  3.46268e-16 -7.19578e-24  4.96859e-17 -2.64004e-24  6.57783e-18 -8.96413e-25  7.98399e-19 -2.97211e-25    8.803e-20 -9.54128e-26  8.68933e-21 -2.79323e-26  7.48328e-22 -6.86311e-27  5.32148e-23 -1.23569e-27  2.63985e-24 -8.54247e-29  4.18764e-27  4.37399e-29 -1.91976e-26  2.39929e-29 -2.94269e-27  7.52537e-30 -3.05414e-28  1.80899e-30 -2.53837e-29  3.58345e-31 -1.76923e-30  5.98814e-32 -1.04892e-31  8.44281e-33 -5.29245e-33  9.85684e-34 -2.25465e-34  9.12259e-35 -7.98472e-36  6.06808e-36 -2.29096e-37  2.05614e-37 -5.08256e-39 -7.97874e-39   -7.857e-41   -1.453e-39 -6.13141e-43 -7.58855e-41  1.39856e-45 -1.29761e-42
-8.69245e-18  -1.5875e-05  3.26816e-17  -0.00161077  5.09073e-17   0.00611408  -1.9976e-16  0.000778134  8.02287e-17   -0.0209175  5.46212e-17   0.00411245 -1.36631e-17     0.025145 -6.90817e-18   0.00730691 -1.12589e-17   -0.0136626  2.14566e-17   -0.0149828  8.31643e-17  -0.00506167  2.85299e-17   0.00293966 -5.38643e-17   0.00506823 -5.71713e-17   0.00366556 -2.25894e-17   0.00165864 -1.81165e-18  0.000362113   6.9022e-18 -0.000158427  1.31148e-17 -0.000242577  1.50623e-17  -0.00017633  1.14501e-17  -9.7699e-05  5.31233e-18  -4.5672e-05  3.27468e-19  -1.8761e-05 -1.80088e-18 -6.91186e-06 -1.67034e-18 -2.30964e-06 -8.09695e-19 -7.04216e-07 -2.05441e-19 -1.96371e-07  4.70874e-23 -5.00343e-08  1.62493e-20 -1.15975e-08  9.56453e-22 -2.42324e-09 -4.08539e-21 -4.48754e-10 -2.72929e-21 -7.13089e-11 -6.64517e-22  -9.0553e-12  5.52966e-22 -7.37298e-13  8.46383e-22  9.91538e-15  5.88534e-22  1.16607e-14  2.36764e-22 -8.72365e-16  2.77871e-23   -1.673e-15  -3.6542e-23 -7.17641e-16 -3.37597e-23 -2.14755e-16 -1.81223e-23 -5.23807e-17 -7.56965e-24 -1.10162e-17 -2.75218e-24 -2.05173e-18 -9.35391e-25 -3.43281e-19 -3.05984e-25 -5.20138e-20 -9.41645e-26 -7.16903e-21 -2.57154e-26 -9.00738e-22 -5.73429e-27 -1.03216e-22 -8.74272e-28 -1.07786e-23 -1.06896e-29 -1.02384e-24  4.95865e-29 -8.82051e-26  2.12999e-29 -6.86481e-27  6.00699e-30 -4.80192e-28  1.33494e-30  -2.9994e-29  2.46228e-31 -1.65929e-30   3.8242e-32 -8.04537e-32   4.9682e-33 -3.37331e-33  5.25665e-34  -1.2016e-34   4.2726e-35 -3.54909e-36  2.30549e-36 -8.37997e-38  3.57028e-38 -1.48001e-39 -6.20888e-39  -1.6653e-41 -5.69688e-40 -5.97678e-44 -1.88628e-41  5.39872e-46
 5.34369e-05 -1.98482e-17 -0.000398905  5.07399e-17  -0.00113682  4.22878e-17   0.00798607 -1.46873e-16  -0.00370925  1.56449e-17   -0.0194773  3.56361e-17   0.00591659 -6.90817e-18    0.0240029 -1.78407e-17   0.00843742 -2.06563e-17   -0.0117367  5.41926e-17   -0.0153093  1.03671e-16  -0.00719972  2.74054e-17  0.000981186 -5.46869e-17   0.00429517 -6.03904e-17    0.0038613 -3.22877e-17   0.00221807 -1.02922e-17  0.000869353  5.10099e-18  0.000162574  1.61776e-17 -8.27246e-05  1.94239e-17 -0.000112183  1.48833e-17 -7.78617e-05  7.12512e-18 -4.20601e-05  9.63543e-19 -1.94602e-05 -1.63238e-18 -8.02577e-06 -1.60997e-18 -3.01469e-06 -7.94912e-19 -1.04547e-06 -2.28093e-19 -3.37924e-07 -3.12774e-20 -1.02543e-07 -3.45476e-21 -2.93817e-08 -6.97066e-21 -7.98747e-09 -6.53009e-21 -2.06824e-09 -3.25701e-21  -5.1167e-10 -4.53958e-22 -1.21203e-10  9.17323e-22 -2.75213e-11  1.05112e-21   -5.991e-12  6.19981e-22 -1.24913e-12  2.01289e-22  -2.4901e-13 -4.35155e-24 -4.73438e-14 -5.10309e-23 -8.56034e-15 -3.78805e-23 -1.46737e-15 -1.88151e-23 -2.37687e-16 -7.59695e-24 -3.62649e-17 -2.72879e-24 -5.19508e-18 -9.18587e-25 -6.96524e-19 -2.92761e-25 -8.71212e-20 -8.56393e-26 -1.01326e-20 -2.16974e-26   -1.092e-21 -4.34295e-27 -1.08646e-22 -5.27328e-28 -9.93841e-24   4.2261e-29 -8.32066e-25  4.84308e-29 -6.34284e-26  1.73752e-29 -4.37614e-27  4.44465e-30  -2.7134e-28  9.13783e-31 -1.49924e-29  1.56553e-31 -7.30538e-31  2.24916e-32 -3.09835e-32  2.67273e-33 -1.12444e-33  2.53258e-34 -3.41252e-35  1.76497e-35 -8.37646e-37  7.10035e-37 -1.57176e-38 -7.99438e-39  -1.9824e-40 -3.11147e-39 -9.81528e-43  -1.7578e-40  1.09182e-44 -3.09848e-42
 2.36892e-18  0.000122412 -2.97829e-17  -0.00105112  6.02319e-17  0.000354169  4.08482e-17   0.00837236 -9.80222e-17  -0.00759797 -1.54948e-17   -0.0176222  8.70455e-18   0.00730691 -1.78407e-17    0.0231265 -4.48335e-17   0.00939961 -2.21976e-17  -0.00987662  8.43386e-17   -0.0152445  1.17813e-16  -0.00899676    2.886e-17  -0.00106683 -5.21083e-17   0.00312345 -6.37561e-17   0.00364316 -4.29945e-17    0.0025156 -1.92586e-17   0.00127331  2.89225e-18  0.000475264  1.88944e-17  0.000103683   2.3541e-17 -1.93887e-05  1.80625e-17 -3.80093e-05  8.77842e-18 -2.71126e-05  1.63735e-18 -1.45775e-05 -1.32586e-18 -6.66908e-06 -1.44346e-18 -2.71761e-06 -7.38266e-19 -1.00946e-06 -2.42897e-19 -3.46501e-07 -6.28939e-20 -1.10889e-07 -2.43511e-20 -3.32871e-08 -1.62138e-20 -9.41233e-09 -9.79269e-21 -2.51429e-09 -3.96795e-21 -6.35697e-10 -2.15312e-22 -1.52289e-10  1.24022e-21 -3.45816e-11  1.16136e-21 -7.44221e-12   5.8248e-22  -1.5169e-12  1.39627e-22 -2.92525e-13 -3.96336e-23 -5.32995e-14 -6.29467e-23 -9.16069e-15 -3.99564e-23 -1.48241e-15 -1.85853e-23 -2.25395e-16 -7.27231e-24 -3.21268e-17 -2.56931e-24 -4.28215e-18 -8.48294e-25 -5.32295e-19 -2.60739e-25 -6.15242e-20 -7.19718e-26 -6.59043e-21 -1.67974e-26 -6.51863e-22 -2.96203e-27 -5.92878e-23 -2.47265e-28 -4.93482e-24  7.01265e-29 -3.73828e-25  4.21359e-29 -2.56055e-26  1.30836e-29 -1.57344e-27  3.05369e-30 -8.59077e-29  5.80684e-31 -4.11681e-30  9.21206e-32 -1.70365e-31  1.21748e-32 -5.95071e-33  1.31172e-33 -1.69373e-34  1.09605e-34  -3.6873e-36  6.31273e-36 -5.23838e-38  1.53044e-37 -1.36979e-40 -1.05627e-38  1.50612e-41 -1.17922e-39  3.99243e-43 -4.09387e-41  3.45287e-45
 1.87712e-05  2.39594e-18  8.32144e-05 -3.52624e-17  -0.00163464  5.89505e-17   0.00246407  4.36097e-17   0.00734564 -5.26509e-17   -0.0106114  -2.0632e-17   -0.0156411 -1.12589e-17   0.00843742 -4.48335e-17    0.0224513 -7.99429e-17    0.0102529 -2.00576e-17  -0.00807829  1.06118e-16   -0.0148547  1.24921e-16   -0.0104299  3.13745e-17  -0.00308497 -4.85415e-17   0.00165816 -6.83086e-17   0.00303275 -5.45301e-17   0.00250184 -2.84358e-17   0.00149937  3.19929e-19   0.00071436  2.10076e-17  0.000272891  2.68905e-17  7.76049e-05  2.04935e-17  1.00078e-05  9.98692e-18 -5.92633e-06  2.21018e-18 -6.08722e-06 -9.67521e-19 -3.53835e-06 -1.22943e-18 -1.64464e-06 -6.69191e-19 -6.64722e-07 -2.58741e-19 -2.41836e-07 -9.61079e-20 -8.06271e-08  -4.6441e-20 -2.48924e-08 -2.64758e-20 -7.16344e-09 -1.34636e-20  -1.9296e-09  -4.6573e-21 -4.87829e-10  3.30776e-23 -1.15935e-10  1.45181e-21 -2.59211e-11  1.14887e-21 -5.45342e-12  4.81102e-22 -1.07925e-12  6.24602e-23 -2.00766e-13 -7.23617e-23 -3.50673e-14 -7.06255e-23 -5.74287e-15 -3.97798e-23 -8.80249e-16 -1.74826e-23 -1.26013e-16 -6.63524e-24 -1.68069e-17 -2.29381e-24 -2.08236e-18 -7.36254e-25 -2.38855e-19 -2.16398e-25 -2.52609e-20 -5.59694e-26 -2.45103e-21 -1.19164e-26 -2.16845e-22 -1.79165e-27 -1.73538e-23 -5.64803e-29 -1.24277e-24  7.64415e-29  -7.8399e-26  3.32272e-29 -4.24686e-27   9.1246e-30 -1.88068e-28   1.9505e-30  -5.9812e-30  3.42693e-31 -5.91842e-32  5.01469e-32  8.39777e-33  6.05639e-33  7.57574e-34  5.85154e-34  3.94391e-35  4.22069e-35  1.48597e-36  1.88367e-36  4.20814e-38  5.98501e-39   8.8711e-40 -5.60623e-39  1.33378e-41 -3.46486e-40  1.22225e-43 -6.29898e-42
 8.81908e-19  8.12228e-05 -4.29571e-19 -0.000200105 -3.64918e-17  -0.00173376  4.87321e-17   0.00456066  4.64009e-17   0.00532009 -1.11385e-17   -0.0127621 -6.09058e-18   -0.0136626 -2.06563e-17   0.00939961 -7.99429e-17    0.0219394 -1.13499e-16    0.0110402 -1.71223e-17  -0.00632801   1.1705e-16   -0.0141846  1.24975e-16    -0.011484   3.2747e-17  -0.00496668 -4.68313e-17  2.04036e-05 -7.52998e-17   0.00209467 -6.70539e-17   0.00217439 -3.78228e-17   0.00150668 -2.75589e-18  0.000831763   2.2073e-17  0.000386604  2.88531e-17  0.000154159  2.16901e-17  5.25214e-05  1.04782e-17   1.4736e-05  2.52178e-18  2.96262e-06 -6.72991e-19   9.6523e-08 -1.04209e-18 -2.90188e-07 -6.21402e-19 -1.92619e-07  -2.8567e-19 -8.69818e-08  -1.3281e-19 -3.26181e-08 -6.95942e-20  -1.0781e-08 -3.70537e-20 -3.22323e-09 -1.69613e-20 -8.83477e-10 -5.14364e-21 -2.23692e-10  2.48569e-22 -5.25461e-11  1.50379e-21 -1.14783e-11  1.01458e-21 -2.33385e-12  3.35315e-22 -4.41634e-13 -1.66629e-23 -7.76916e-14 -9.76072e-23 -1.26799e-14 -7.32205e-23 -1.91389e-15 -3.74876e-23 -2.65934e-16 -1.56671e-23 -3.37871e-17 -5.76444e-24 -3.88469e-18 -1.93908e-24 -3.97326e-19 -6.00308e-25 -3.49988e-20 -1.67454e-25 -2.45874e-21 -4.02761e-26 -1.02185e-22 -7.71238e-27   4.9576e-24 -9.27824e-28  1.74286e-24  4.92484e-29  2.46449e-25  6.83862e-29  2.59251e-26  2.39946e-29  2.24774e-27  5.90794e-30  1.65941e-28  1.15911e-30  1.05424e-29  1.87792e-31  5.76635e-31  2.52269e-32  2.69917e-32  2.76168e-33  1.06886e-33  2.35896e-34  3.51804e-35  1.42283e-35  9.38149e-37  4.27324e-37  1.95442e-38 -1.42406e-38  3.01551e-40 -2.09294e-39  3.12173e-42 -7.63841e-41  1.50244e-44
 2.63891e-08  3.19801e-18  0.000156419 -4.72233e-18 -0.000715661 -3.56717e-17  -0.00113554  3.27635e-17   0.00612054  4.65832e-17   0.00275953  2.55689e-17   -0.0141732  2.14566e-17   -0.0117367 -2.21976e-17    0.0102529 -1.13499e-16    0.0215685 -1.37597e-16    0.0117952 -1.42334e-17  -0.00460574  1.17979e-16   -0.0132603  1.18816e-16   -0.0121435  3.07866e-17  -0.00661325 -4.95652e-17  -0.00165683 -8.58917e-17  0.000930761 -8.09283e-17   0.00157847 -4.76384e-17   0.00129597 -6.69151e-18  0.000807606  2.14914e-17  0.000422289  2.88203e-17  0.000193052  2.12623e-17  7.88174e-05  1.00427e-17  2.90896e-05  2.42709e-18  9.77471e-06 -5.54385e-19  3.00151e-06 -9.48004e-19  8.43205e-07 -6.21372e-19   2.1645e-07  -3.3023e-19  5.05889e-08 -1.73429e-19  1.06996e-08 -9.27522e-20  2.03071e-09 -4.67874e-20  3.43119e-10 -1.96696e-20  5.19557e-11 -5.31694e-21  7.59941e-12   3.8339e-22  1.35706e-12  1.38509e-21  3.55639e-13   7.8711e-22  1.11251e-13  1.72694e-22  3.32216e-14 -8.50536e-23  8.85354e-15 -1.12336e-22  2.09508e-15 -7.08203e-23  4.43677e-16 -3.35085e-23  8.47706e-17 -1.33755e-23   1.4703e-17 -4.76312e-24  2.32451e-18 -1.55029e-24  3.35803e-19  -4.5961e-25  4.43751e-20 -1.20811e-25  5.36407e-21 -2.67781e-26  5.92558e-22 -4.51018e-27  5.97104e-23 -3.72605e-28  5.47369e-24  9.01874e-29  4.54839e-25  5.35289e-29  3.41029e-26  1.59726e-29  2.29401e-27  3.55738e-30  1.37464e-28  6.41026e-31  7.27374e-30  9.54918e-32  3.36155e-31  1.17063e-32  1.33814e-32  1.14984e-33   4.5065e-34  8.51603e-35  1.25354e-35  4.07328e-36  2.78677e-37  4.86809e-38  4.72466e-39 -8.64703e-39  5.67526e-41 -5.92018e-40   4.0702e-43 -1.11005e-41
 1.64358e-19  2.55965e-05  6.42079e-18  0.000146601 -8.12725e-18  -0.00126628 -3.49071e-17  7.34748e-05  1.40268e-17   0.00688039  4.35065e-17  3.02904e-05  5.70236e-17   -0.0149828  5.41926e-17  -0.00987662 -2.00576e-17    0.0110402 -1.37597e-16    0.0213266  -1.4776e-16     0.012548 -1.06054e-17  -0.00288616  1.12038e-16   -0.0120913  1.07889e-16   -0.0123893  2.38261e-17   -0.0079309 -5.85576e-17  -0.00323343 -1.00862e-16 -0.000328686 -9.64882e-17  0.000800895 -5.82051e-17  0.000909088 -1.19902e-17  0.000654008  1.86486e-17  0.000378325  2.63437e-17  0.000189012  1.90078e-17  8.43077e-05  8.58589e-18  3.42215e-05  1.83957e-18  1.28013e-05 -6.84556e-19  4.45345e-06  -9.8481e-19  1.45116e-06 -6.79124e-19  4.45486e-07  -3.9191e-19  1.29472e-07 -2.15525e-19  3.57691e-08 -1.13679e-19  9.42444e-09 -5.42825e-20  2.37382e-09 -2.11043e-20  5.72381e-10 -5.15681e-21  1.32162e-10  4.06074e-22  2.92024e-11   1.1243e-21  6.16503e-12  5.12639e-22  1.24075e-12  2.08877e-23  2.37407e-13 -1.33897e-22  4.30614e-14 -1.15867e-22  7.38157e-15 -6.43146e-23  1.19223e-15 -2.84516e-23  1.80893e-16 -1.08757e-23  2.57067e-17 -3.73912e-24  3.41151e-18 -1.17096e-24   4.2151e-19  -3.3023e-25  4.83341e-20 -8.11938e-26  5.12647e-21 -1.63882e-26  5.01073e-22 -2.33617e-27  4.49493e-23 -6.83691e-29   3.6836e-24  9.11697e-29   2.7431e-25  3.76912e-29  1.84479e-26  9.84446e-30  1.11228e-27  1.99418e-30  5.96019e-29  3.29851e-31   2.8085e-30  4.50009e-32  1.14861e-31  4.99699e-33   4.0103e-33  4.34587e-34  1.17004e-34  2.71254e-35  2.77234e-36   9.2482e-37  5.13032e-38 -1.44042e-38  7.01376e-40 -3.23902e-39  6.43633e-42 -1.24516e-40  2.80572e-44
-4.18778e-06  4.05184e-19  8.77114e-05  9.49449e-18 -4.09288e-05 -9.20961e-18  -0.00158402  -3.5344e-17   0.00160386 -5.11731e-18   0.00681014  3.81535e-17  -0.00262496  8.31643e-17   -0.0153093  8.43386e-17  -0.00807829 -1.71223e-17    0.0117952  -1.4776e-16    0.0212101 -1.42951e-16    0.0133274 -4.64108e-18  -0.00113917  1.03178e-16   -0.0106741  9.37367e-17   -0.0121973  1.09339e-17  -0.00883165 -7.46142e-17  -0.00456993 -1.20387e-16  -0.00153822 -1.13822e-16 -4.31994e-05 -6.98045e-17   0.00041987 -1.91354e-17  0.000410555  1.31224e-17   0.00027268  2.12837e-17  0.000148895  1.49819e-17  7.11049e-05  6.16848e-18  3.05813e-05  7.66632e-19  1.20472e-05 -1.07161e-18  4.39459e-06 -1.14951e-18   1.4956e-06 -7.84815e-19  4.77439e-07 -4.62335e-19  1.43521e-07 -2.53844e-19  4.07388e-08 -1.29452e-19  1.09398e-08 -5.83276e-20  2.78228e-09 -2.10474e-20  6.70486e-10 -4.72129e-21  1.53089e-10  3.14619e-22  3.31008e-11   7.7878e-22  6.77141e-12  2.40737e-22    1.309e-12 -9.92171e-23  2.38774e-13 -1.59683e-22  4.10291e-14 -1.09623e-22  6.62899e-15 -5.50853e-23  1.00501e-15 -2.29709e-23   1.4266e-16 -8.41838e-24  1.89148e-17 -2.78556e-24  2.33633e-18 -8.34718e-25  2.68072e-19 -2.22469e-25  2.84823e-20 -5.07365e-26  2.79225e-21 -9.16574e-27  2.51562e-22 -1.02372e-27  2.07326e-23  6.41736e-29  1.55479e-24  7.34873e-29  1.05442e-25  2.42257e-29  6.41931e-27  5.63441e-30  3.47762e-28  1.04128e-30  1.65864e-29  1.57812e-31  6.87323e-31  1.96148e-32   2.4339e-32  1.95423e-33  7.21029e-34  1.47795e-34  1.73832e-35  7.42496e-36  3.29127e-37  1.31882e-37  4.69192e-39 -1.15738e-38  4.84948e-41 -8.89865e-40  3.39262e-43 -1.72003e-41
-7.63349e-19 -6.48885e-07  8.08386e-19   0.00015564  1.17904e-17 -0.000406483 -8.08651e-18  -0.00147952 -3.72973e-17   0.00311977 -2.28458e-17   0.00601877  3.24895e-17  -0.00506167  1.03671e-16   -0.0152445  1.06118e-16  -0.00632801 -1.42334e-17     0.012548 -1.42951e-16    0.0212226 -1.24554e-16    0.0141634  5.30901e-18  0.000668959  9.48484e-17  -0.00899626  7.75192e-17   -0.0115433 -8.11937e-18  -0.00923923 -9.75308e-17  -0.00553985 -1.43935e-16  -0.00255539 -1.32633e-16 -0.000829768  -8.2527e-17 -8.22737e-05 -2.83722e-17  0.000132817  4.88461e-18   0.00013596  1.39076e-17  8.79408e-05  9.52333e-18  4.61778e-05  3.01799e-18  2.11356e-05 -6.78163e-19  8.70135e-06 -1.65374e-18  3.27772e-06 -1.40053e-18  1.14158e-06  -9.1222e-19  3.70125e-07  -5.2762e-19  1.12226e-07 -2.81865e-19  3.19226e-08 -1.37453e-19  8.53588e-09 -5.83043e-20   2.1483e-09 -1.95952e-20  5.09229e-10 -4.11485e-21  1.13702e-10  1.36784e-22  2.39081e-11  4.16089e-22  4.73129e-12  1.15415e-23  8.80393e-13  -1.7713e-22   1.5386e-13 -1.63903e-22  2.52179e-14 -9.63938e-23  3.86984e-15 -4.46421e-23  5.54933e-16 -1.76459e-23  7.41974e-17 -6.19947e-24  9.22656e-18 -1.96719e-24  1.06399e-18 -5.60958e-25  1.13407e-19  -1.4033e-25  1.11295e-20 -2.93761e-26   1.0011e-21 -4.62073e-27  8.20961e-23 -3.29715e-28  6.09806e-24  9.80497e-29  4.07008e-25  5.13965e-29  2.41614e-26  1.43361e-29  1.25852e-27  3.00036e-30  5.64341e-29  5.06436e-31  2.11567e-30   7.0109e-32  6.29466e-32  7.88504e-33    1.316e-33  6.96125e-34   1.0723e-35  4.46031e-35 -4.44391e-37  1.65284e-36 -2.13064e-38 -8.46906e-39 -4.38808e-40 -4.43175e-39 -4.24141e-42 -1.79646e-40 -9.08124e-45
-3.00041e-06 -1.63834e-18  2.61181e-05  1.40092e-18  0.000160705  1.34223e-17 -0.000839213 -5.86771e-18 -0.000916595 -4.05883e-17   0.00434843  -3.7647e-17    0.0046713  2.85299e-17  -0.00719972  1.17813e-16   -0.0148547   1.1705e-16  -0.00460574 -1.06054e-17    0.0133274 -1.24554e-16    0.0213746 -9.50639e-17     0.015087  2.03973e-17   0.00257241  8.91509e-17  -0.00704392  5.97524e-17   -0.0104115 -3.29993e-17  -0.00910038 -1.26216e-16  -0.00604605 -1.70285e-16  -0.00326207 -1.52191e-16  -0.00144848 -9.61366e-17  -0.00051223 -3.95125e-17 -0.000122591 -5.57902e-18  1.54553e-06  4.89648e-18  2.39315e-05  3.21734e-18  1.82051e-05 -4.99577e-19  9.80376e-06 -2.29379e-18  4.41385e-06 -2.31649e-18  1.75398e-06 -1.67203e-18  6.30761e-07 -1.02751e-18  2.08098e-07 -5.72891e-19   6.3503e-08 -2.94072e-19  1.80175e-08 -1.36338e-19  4.76875e-09 -5.43942e-20  1.17983e-09 -1.71035e-20   2.7318e-10 -3.44985e-21  5.92242e-11 -8.05956e-23   1.2021e-11  9.53552e-23  2.28318e-12 -1.51814e-22   4.0539e-13 -2.12746e-22  6.71945e-14  -1.5151e-22  1.03783e-14 -7.94295e-23  1.49015e-15 -3.43127e-23  1.98327e-16 -1.29012e-23  2.43769e-17  -4.3403e-24  2.75407e-18 -1.31549e-24  2.84237e-19 -3.54943e-25  2.65705e-20 -8.27056e-26  2.22188e-21 -1.56648e-26  1.62894e-22 -2.04101e-27  1.00836e-23 -2.13692e-29  4.81318e-25   8.6539e-29  1.19669e-26  3.22528e-29 -6.86155e-28  7.85274e-30 -1.24679e-28  1.48812e-30 -1.07997e-29  2.29287e-31 -6.86286e-31  2.88636e-32 -3.45703e-32  2.91144e-33 -1.40229e-33  2.23935e-34  -4.5367e-35  1.16647e-35 -1.13653e-36  2.54554e-37 -2.08286e-38 -1.35958e-38 -2.49676e-40 -1.19094e-39 -1.49501e-42 -2.37042e-41
 1.95051e-19 -6.13768e-06 -2.45964e-18  7.90135e-05  2.20031e-18  4.32562e-05  1.48349e-17  -0.00117381 -3.86147e-18  3.33913e-06 -4.47664e-17   0.00511964 -4.82447e-17   0.00293966  2.74054e-17  -0.00899676  1.24921e-16   -0.0141846  1.17979e-16  -0.00288616 -4.64108e-18    0.0141634 -9.50639e-17    0.0216816  -5.7076e-17    0.0161275  4.09141e-17   0.00459935   8.6536e-17  -0.00481302  4.02932e-17  -0.00880765 -6.29275e-17  -0.00839959 -1.58857e-16  -0.00603834 -1.97645e-16  -0.00358475 -1.71373e-16  -0.00182348 -1.09989e-16  -0.00080739 -5.18405e-17 -0.000311865 -1.72846e-17 -0.000103699 -4.75378e-18 -2.83817e-05 -3.20181e-18  -5.4569e-06 -3.94617e-18 -4.83417e-08 -3.83759e-18  6.07746e-07 -2.92588e-18  3.82071e-07 -1.89462e-18  1.67556e-07 -1.09983e-18  6.12015e-08 -5.87064e-19  1.96684e-08 -2.87901e-19  5.69619e-09 -1.26535e-19  1.50487e-09 -4.75009e-20  3.65029e-10 -1.40619e-20  8.15551e-11 -2.81549e-21  1.67985e-11 -2.87328e-22  3.18675e-12 -1.45232e-22  5.55124e-13 -2.44364e-22  8.83023e-14 -2.13604e-22   1.2703e-14 -1.28914e-22  1.62444e-15 -6.16753e-23  1.78366e-16 -2.50548e-23  1.54034e-17 -8.97716e-24  7.06973e-19  -2.8864e-24 -7.87343e-20 -8.31965e-25  -2.8107e-20  -2.1111e-25 -5.00822e-21 -4.53904e-26 -6.88527e-22 -7.61134e-27 -7.97831e-23 -7.36194e-28 -8.03828e-24  7.94822e-29  -7.1298e-25  6.14978e-29 -5.58982e-26  1.84655e-29 -3.87048e-27  3.99491e-30 -2.35663e-28  6.87696e-31 -1.25231e-29   9.6517e-32 -5.74473e-31  1.09803e-32 -2.24035e-32  9.81709e-34 -7.27077e-34  6.42024e-35  -1.9042e-35  2.52147e-36 -3.83988e-37  4.11041e-39 -5.50667e-39  -5.4243e-39 -4.78671e-41 -2.31831e-40 -1.56424e-43
