 1.57272e-35  1.53918e-49 -2.33203e-35 -4.26075e-48  1.48723e-35   4.3301e-47 -2.28894e-35 -5.74084e-46  1.21516e-35  1.84442e-45  3.82589e-36 -5.60173e-45  1.34343e-35  5.63658e-45 -1.45264e-34 -3.10806e-45   1.3226e-33  2.68285e-44 -1.06842e-32  1.85185e-43  7.46727e-32  2.19707e-43 -4.55255e-31  9.41807e-43  2.43707e-30 -2.67675e-42 -1.15134e-29   1.4948e-41   4.8182e-29 -7.23653e-41 -1.79077e-28  3.16168e-40  5.92022e-28 -1.22858e-39 -1.74185e-27  4.30326e-39  4.55887e-27 -1.34498e-38 -1.05972e-26  3.72787e-38  2.18166e-26 -9.01492e-38 -3.96036e-26  1.83711e-37  6.29843e-26 -2.87576e-37 -8.69317e-26  2.20129e-37  1.02666e-25  5.75567e-37  -1.0144e-25 -3.37528e-36  8.05754e-26  1.05134e-35 -4.71796e-26 -2.53908e-35  1.50635e-26  5.16668e-35  4.11802e-27 -9.13104e-35 -8.26512e-27  1.41856e-34  4.11157e-27 -1.94257e-34  1.94672e-28   2.3338e-34 -1.29747e-27 -2.42494e-34  4.91733e-28  2.10789e-34  1.63368e-28 -1.40207e-34 -1.67198e-28   4.7054e-35  1.65681e-30  4.37278e-35  3.53158e-29 -1.09082e-34 -5.04753e-30  1.37268e-34 -6.00175e-30 -1.30946e-34   1.1457e-30  1.03002e-34  9.18285e-31 -6.87022e-35 -1.49658e-31  3.91623e-35 -1.23711e-31 -1.89973e-35  8.17549e-33  7.70831e-36  1.43304e-32 -2.51153e-36  3.40982e-34  5.89802e-37 -9.60202e-34 -5.90263e-38 -2.11691e-34 -2.40454e-38  4.67817e-35  1.44752e-38  1.65711e-35 -3.59239e-39 -4.66413e-37  2.66027e-40 -3.10591e-37  1.05486e-40 -1.35616e-37 -2.89378e-41  9.68796e-39 -1.33452e-42  1.49251e-39  1.89445e-42  1.96196e-40 -3.62385e-43 -7.89011e-42  2.32174e-44 -6.88521e-43  8.87168e-46 -1.43051e-43 -1.60012e-46 -2.22634e-45  5.24777e-48    3.025e-46 -6.61208e-50
 1.53918e-49  4.98484e-35  3.34212e-48 -4.04391e-35 -8.29677e-47  5.27613e-36  6.28336e-46 -4.25051e-35 -7.02898e-45   4.0997e-35  2.07801e-44 -4.50578e-35 -5.89154e-44  5.89034e-34  6.46655e-44  -5.9984e-33 -1.08303e-43   5.2355e-32  2.76535e-43  -3.9383e-31  1.20841e-42  2.57355e-30  2.95322e-43 -1.47215e-29  1.59574e-41  7.41507e-29 -7.14099e-41 -3.30315e-28  3.69208e-40  1.30546e-27 -1.70898e-39 -4.58692e-27  7.16517e-39  1.43434e-26 -2.70579e-38 -3.99194e-26   9.2262e-38   9.8783e-26 -2.82956e-37 -2.16877e-25  7.77054e-37  4.20964e-25 -1.89292e-36 -7.18576e-25  4.01688e-36  1.07037e-24 -7.13985e-36 -1.37553e-24  9.52978e-36  1.49857e-24 -5.06068e-36 -1.34437e-24 -2.06783e-35  9.39054e-25  9.38023e-35 -4.42212e-25 -2.51214e-34  5.52641e-26  5.30438e-34  1.11727e-25 -9.48045e-34  -9.7866e-26  1.47247e-33  2.49702e-26 -2.00692e-33  1.61978e-26  2.40166e-33 -1.45808e-26 -2.50376e-33  1.30615e-27  2.22811e-33  3.26973e-27  -1.6115e-33 -1.17149e-27  8.12161e-34 -4.81595e-28 -4.67605e-35  3.18618e-28 -5.02243e-34  5.63526e-29  7.56138e-34 -6.03751e-29 -7.50301e-34 -7.22585e-30  5.89802e-34  9.04847e-30  -3.8635e-34  1.24559e-30  2.14283e-34 -1.04649e-30  -1.0056e-34  -2.2305e-31  3.92877e-35  8.57891e-32 -1.22362e-35   2.7438e-32  2.68393e-36 -2.41419e-33 -1.98782e-37 -2.49821e-33 -1.37383e-37 -1.27844e-34  7.04673e-38  9.83371e-35 -1.57039e-38  1.73982e-35  6.75409e-40  2.17646e-37  5.96587e-40 -7.86451e-37 -1.43077e-40 -5.14759e-38 -1.92995e-42  2.52523e-39  6.09411e-42   1.1304e-39 -9.85383e-43  6.90963e-41  3.22345e-44  1.63335e-42  5.23909e-45  -4.7029e-43 -4.07738e-46 -1.09663e-44  6.81719e-48   2.0112e-46
-2.33203e-35  3.34212e-48  9.67027e-35  4.15163e-47 -4.85073e-35 -9.96981e-46 -2.35099e-35   5.8988e-45 -7.82339e-35 -5.74138e-44  2.02063e-34  1.56917e-43 -1.63319e-33 -4.18744e-43  1.82782e-32  4.88328e-43 -1.73327e-31 -1.03018e-42  1.40646e-30  1.44001e-42 -9.86941e-30  8.32224e-42  6.04134e-29 -2.46754e-41 -3.24771e-28  2.39506e-40  1.54113e-27 -1.22486e-39 -6.47966e-27   6.0546e-39   2.4202e-26 -2.69988e-38 -8.04292e-26  1.09051e-37   2.3795e-25 -3.98557e-37  -6.2643e-25  1.31886e-36  1.46525e-24 -3.94428e-36 -3.03663e-24  1.06284e-35  5.55185e-24 -2.56484e-35 -8.89786e-24  5.48177e-35   1.2385e-23 -1.01559e-34 -1.47647e-23  1.55462e-34  1.47468e-23 -1.69995e-34 -1.18693e-23  3.20903e-35  7.08088e-24  4.60539e-34  -2.3606e-24 -1.58331e-33 -5.41976e-25   3.5967e-33  1.23196e-24 -6.58225e-33 -6.43958e-25  1.02605e-32 -1.11544e-26 -1.39109e-32  1.96154e-25  1.65107e-32 -8.06002e-26 -1.71091e-32 -2.26943e-26  1.52815e-32  2.66132e-26 -1.14033e-32 -1.08316e-27  6.54499e-33 -5.54301e-27 -2.01419e-33  9.76956e-28 -1.19711e-33  9.38309e-28  2.74845e-33 -2.16887e-28 -2.91995e-33 -1.44163e-28  2.30923e-33  2.92493e-29 -1.48776e-33  2.00985e-29  8.02979e-34 -2.13664e-30 -3.64647e-34 -2.32639e-30  1.37359e-34 -3.09303e-32 -4.10072e-35   1.8544e-31  8.41667e-36  2.89703e-32 -3.92961e-37 -8.92297e-33 -5.30981e-37 -2.59008e-33  2.43505e-37  1.63853e-35 -5.10161e-38  9.86944e-35  1.85237e-39  1.57275e-35  1.81336e-39 -1.13918e-36 -3.87876e-40 -3.52527e-37 -1.05293e-41 -2.83906e-38  1.45734e-41  9.61109e-40 -1.74476e-42  2.95362e-40 -2.42917e-44  1.93107e-41  1.55642e-44 -3.22796e-43 -6.86031e-46 -1.25331e-44  4.33073e-48
-4.26075e-48 -4.04391e-35  4.15163e-47  1.56961e-34  3.60279e-46  -5.8778e-35 -8.74272e-45 -3.98963e-35  4.17702e-44 -3.48013e-34 -3.62111e-43  3.62558e-33  9.18969e-43 -4.32354e-32 -2.31741e-42   4.4679e-31  2.73874e-42 -3.92223e-30 -5.67078e-42  2.96186e-29 -2.56923e-43 -1.94328e-28  8.71856e-41  1.11632e-27 -4.84203e-40  -5.6478e-27  3.17257e-39  2.52771e-26 -1.63566e-38 -1.00394e-25  7.75335e-38  3.54593e-25 -3.32541e-37 -1.11496e-24  1.29347e-36  3.12124e-24 -4.56526e-36 -7.77182e-24  1.46263e-35  1.71763e-23 -4.24965e-35 -3.35767e-23   1.1173e-34   5.7754e-23 -2.64688e-34  -8.6746e-23  5.60742e-34  1.12503e-22 -1.04791e-33 -1.23843e-22  1.68147e-33  1.12465e-22 -2.17328e-33 -7.98077e-23  1.80243e-33  3.85776e-23  6.95283e-34 -5.62078e-24 -6.96394e-33 -9.21792e-24  1.84236e-32  8.53403e-24 -3.52839e-32 -2.37608e-24   5.5605e-32 -1.32146e-24 -7.51055e-32  1.30445e-24  8.82468e-32 -1.54812e-25 -9.04188e-32 -2.83835e-25    8.019e-32  1.13574e-25 -6.02605e-32  3.96398e-26  3.63955e-32 -3.02581e-26 -1.48711e-32 -4.18935e-27 -8.23491e-35  5.75022e-27  7.45614e-33  4.86913e-28 -8.89679e-33   -8.749e-28  7.13536e-33 -9.12994e-29 -4.52612e-33   1.0501e-28  2.37622e-33   1.8264e-29 -1.04441e-33 -8.88496e-30  3.80121e-34 -2.61162e-30  -1.0931e-34  3.67362e-31  2.11297e-35  2.36658e-31 -4.06263e-37  8.20888e-33 -1.60905e-36 -1.02622e-32  6.86596e-37 -1.87953e-33 -1.40939e-37  9.47688e-35  6.88747e-39  7.15963e-35  3.63249e-39  5.72514e-36 -6.80294e-40 -4.33867e-37 -5.47397e-41 -1.23364e-37  2.85647e-41 -7.90671e-39 -2.05198e-42  1.78246e-40 -2.14393e-43  4.01709e-41  3.09249e-44  6.35401e-43 -7.90352e-46  3.43094e-45
 1.48723e-35 -8.29677e-47 -4.85073e-35  3.60279e-46  2.43898e-34  2.38132e-45 -1.08315e-34 -6.02624e-44   3.1015e-34  2.38137e-43  -6.3038e-33 -1.87312e-42  8.40842e-32  4.42978e-42  -9.4942e-31  -1.0519e-41  9.04623e-30  1.13761e-41 -7.36942e-29 -1.45207e-41  5.19209e-28  -1.0513e-40 -3.19168e-27  1.04187e-39  1.72343e-26 -6.31224e-39 -8.21657e-26  3.63097e-38  3.47177e-25 -1.81581e-37 -1.30351e-24  8.25171e-37  4.35586e-24 -3.40023e-36 -1.29623e-23  1.27287e-35  3.43368e-23 -4.33318e-35 -8.08467e-23  1.34199e-34  1.68735e-22 -3.77897e-34 -3.10841e-22  9.65973e-34  5.02281e-22 -2.23427e-33 -7.05432e-22  4.65022e-33  8.49443e-22 -8.62586e-33 -8.58249e-22  1.40121e-32  7.00602e-22 -1.92249e-32  -4.2637e-22  2.02595e-32  1.48669e-22 -1.03129e-32  2.74739e-23 -1.89729e-32 -7.34152e-23  7.40345e-32    4.048e-23 -1.54434e-31 -5.84441e-25  2.48975e-31 -1.18403e-23 -3.36196e-31  5.30029e-24  3.90931e-31  1.22285e-24 -3.94849e-31 -1.69573e-24   3.4546e-31  1.25652e-25 -2.57967e-31   3.4725e-25  1.58395e-31 -7.45561e-26 -7.19787e-32  -5.8258e-26  1.35415e-32  1.62461e-26  1.53363e-32  8.99076e-27 -2.24691e-32 -2.27155e-27  1.84466e-32 -1.28609e-27 -1.15216e-32  1.90428e-28  5.87553e-33  1.54839e-28 -2.49879e-33   -2.296e-30  8.81115e-34 -1.34388e-29 -2.45727e-34 -1.58005e-30  4.51503e-35  6.73055e-31  4.00039e-37  1.76825e-31  -4.1207e-36 -5.31507e-33  1.68501e-36 -7.84029e-33 -3.49953e-37 -9.14718e-34  2.56284e-38  9.02868e-35  4.47672e-39  2.75861e-35 -6.76314e-40  1.87425e-36 -1.76991e-40 -1.16615e-37  4.54283e-41 -2.46775e-38 -8.55093e-43 -9.97389e-40 -5.61342e-43  1.43935e-41  4.41385e-44  7.96907e-43 -5.46829e-46
  4.3301e-47  5.27613e-36 -9.96981e-46  -5.8778e-35  2.38132e-45   3.8707e-34  1.25432e-44 -6.31776e-34 -3.40721e-43  9.01701e-33  1.13337e-42 -1.37969e-31 -8.21098e-42  1.71412e-30  1.80906e-41 -1.77921e-29  -3.9404e-41  1.56802e-28  2.53617e-41 -1.18886e-27  1.02245e-40  7.83316e-27  -1.5804e-39 -4.51985e-26  1.14085e-38  2.29748e-25 -6.72936e-38 -1.03335e-24  3.61204e-37  4.12567e-24 -1.73402e-36 -1.46525e-23  7.55317e-36  4.63418e-23 -2.98897e-35 -1.30536e-22  1.07645e-34  3.27175e-22 -3.53192e-34 -7.28169e-22  1.05624e-33  1.43418e-21 -2.87799e-33 -2.48696e-21  7.13561e-33   3.7685e-21 -1.60577e-32 -4.93537e-21  3.26555e-32  5.49307e-21 -5.95789e-32 -5.05383e-21  9.63017e-32  3.64723e-21 -1.34675e-31  -1.8124e-21  1.54565e-31  3.04169e-22 -1.23355e-31  4.05563e-22  3.69333e-33 -3.99882e-22  2.29193e-31  1.21575e-22 -5.66198e-31  5.70056e-23  9.51594e-31 -6.26912e-23 -1.29172e-30  9.43059e-24  1.48771e-30  1.31508e-23 -1.47864e-30 -5.91333e-24  1.27089e-30 -1.70937e-24 -9.35288e-31  1.54348e-24   5.7313e-31  1.51725e-25   -2.717e-31 -2.93599e-25  7.44133e-32 -1.39776e-26  2.19018e-32  4.53574e-26 -4.84961e-32  3.10358e-27   4.1186e-32 -5.62288e-27 -2.52865e-32  -7.7582e-28  1.24845e-32   5.0433e-28  -5.1301e-33   1.2682e-28  1.75771e-33   -2.502e-29 -4.79115e-34 -1.22747e-29  8.42306e-35 -1.52838e-31  3.61675e-36  6.02829e-31 -9.43814e-36  9.45412e-32   3.7631e-36 -8.67871e-33 -8.06308e-37 -3.93285e-33  8.19642e-38 -2.88506e-34  1.09181e-40  3.31256e-35  2.51636e-40   7.4021e-36 -3.99141e-40  3.74168e-37  5.45733e-41 -1.71513e-38  2.89884e-42 -2.07276e-39 -9.71308e-43  -4.9188e-41  4.46468e-44  -1.8197e-43
-2.28894e-35  6.28336e-46 -2.35099e-35 -8.74272e-45 -1.08315e-34  1.25432e-44    1.038e-33  5.37985e-44 -1.15882e-32 -1.62415e-42  1.94419e-31  4.60232e-42 -2.67647e-30 -3.10654e-41  3.03987e-29  6.27332e-41 -2.90772e-28  -1.1091e-40   2.3783e-27 -1.36872e-40 -1.68273e-26  2.07261e-39  1.03902e-25 -1.71748e-38 -5.63686e-25  1.10411e-37  2.70074e-24 -6.21994e-37 -1.14712e-23  3.16746e-36  4.33081e-23 -1.45616e-35 -1.45565e-22  6.08021e-35  4.35861e-22 -2.31049e-34 -1.16218e-21   8.0034e-34  2.75556e-21  -2.5298e-33 -5.79421e-21  7.29997e-33  1.07601e-20 -1.92248e-32 -1.75389e-20  4.61574e-32  2.48687e-20 -1.00817e-31 -3.02662e-20   1.9961e-31  3.09578e-20 -3.56167e-31 -2.56542e-20   5.6722e-31  1.59465e-20 -7.92586e-31 -5.82386e-21  9.38929e-31 -8.11712e-22 -8.64457e-31  2.70632e-21   4.2018e-31 -1.58059e-21  4.74217e-31  7.56738e-23 -1.75128e-30  4.41285e-22   3.1659e-30 -2.16344e-22 -4.35491e-30 -3.88981e-23  4.97675e-30  6.69095e-23 -4.86307e-30 -7.39675e-24  4.09435e-30 -1.34159e-23 -2.95318e-30   3.4801e-24  1.78574e-30  2.21815e-24 -8.55916e-31 -7.47596e-25  2.69532e-31 -3.42887e-25  1.01588e-32  1.07909e-25 -9.11974e-32  5.03961e-26  8.09975e-32 -1.00072e-26 -4.86393e-32  -6.3697e-27  2.30907e-32  3.25319e-28 -9.12949e-33  5.90493e-28  3.04557e-33  5.07572e-29 -8.16893e-34 -3.21214e-29   1.3612e-34 -7.34085e-30  1.36952e-35  4.75539e-31 -2.02893e-35  3.63826e-31  7.90755e-36   3.4277e-32 -1.75449e-36 -5.02788e-33  2.23069e-37 -1.29979e-33  -1.6955e-38 -7.08412e-35  2.76418e-39  7.50847e-36  -6.6179e-40  1.15051e-36  3.78486e-41  3.99637e-38  9.17569e-42 -6.99067e-40  -1.2254e-42 -5.30795e-41  2.83132e-44
-5.74084e-46 -4.25051e-35   5.8988e-45 -3.98963e-35 -6.02624e-44 -6.31776e-34  5.37985e-44  1.28947e-32  1.87729e-43  -2.3848e-31 -6.64907e-42  3.65483e-30  1.61069e-41 -4.56588e-29 -1.01709e-40  4.75803e-28  1.72615e-40  -4.2102e-27 -7.08791e-41  3.20568e-26 -2.67225e-39 -2.12159e-25  2.27193e-38  1.22995e-24 -1.58542e-37 -6.28299e-24  9.52023e-37  2.84071e-23 -5.11152e-36 -1.14043e-22  2.48197e-35  4.07394e-22 -1.09232e-34 -1.29645e-21  4.37299e-34   3.6758e-21 -1.59577e-33 -9.27736e-21  5.31607e-33  2.08018e-20 -1.61829e-32 -4.12983e-20  4.50341e-32  7.22318e-20 -1.14536e-31 -1.10483e-19  2.65977e-31  1.46199e-19 -5.62907e-31  -1.6464e-19  1.08237e-30   1.5359e-19 -1.88162e-30 -1.12844e-19  2.93422e-30  5.77286e-20  -4.0505e-30 -1.10421e-20   4.8291e-30 -1.19565e-20 -4.70704e-30  1.26715e-20  3.15193e-30 -4.20897e-21  4.35656e-32 -1.62742e-21 -4.50985e-30  2.03636e-21  9.27809e-30  -3.7693e-22 -1.30813e-29 -4.08546e-22  1.48723e-29  2.08049e-22 -1.42829e-29  4.80113e-23  1.17553e-29 -5.31795e-23 -8.27763e-30 -2.99203e-24  4.90219e-30  1.01067e-23 -2.33304e-30  7.90164e-26  7.77295e-31 -1.58406e-24 -5.86256e-32  -4.7381e-26 -1.51554e-31  2.02888e-25  1.42096e-31  2.04204e-26 -8.25472e-32 -1.93086e-26  3.71489e-32 -4.02006e-27 -1.39769e-32  1.09064e-27  4.53134e-33  4.31348e-28 -1.19662e-33 -7.56334e-30  1.77421e-34 -2.36924e-29    4.326e-35 -3.07057e-30 -4.24198e-35  4.38928e-31  1.59645e-35  1.49824e-31 -3.62351e-36  8.86961e-33  5.25088e-37 -1.61767e-33 -5.60044e-38 -2.90389e-34   6.9769e-39 -1.14815e-35 -7.84968e-40  8.57136e-37 -2.00328e-41  8.57643e-38  1.58454e-41  1.97078e-39 -1.11321e-42 -2.76828e-42
 1.21516e-35 -7.02898e-45 -7.82339e-35  4.17702e-44   3.1015e-34 -3.40721e-43 -1.15882e-32  1.87729e-43  2.55467e-31  5.11165e-43 -4.39555e-30 -2.36417e-41  6.07601e-29  4.79712e-41 -6.92836e-28 -2.76811e-40  6.65394e-27  2.09133e-40 -5.46554e-26   2.4029e-39  3.88433e-25 -2.77554e-38 -2.40973e-24  2.03178e-37  1.31381e-23 -1.30185e-36 -6.32767e-23  7.40157e-36  2.70249e-22 -3.78958e-35 -1.02625e-21  1.75769e-34  3.47069e-21 -7.40677e-34 -1.04602e-20  2.84357e-33  2.80852e-20  -9.9653e-33 -6.70845e-20  3.19242e-32   1.4218e-19 -9.35702e-32  -2.6629e-19  2.51011e-31  4.38073e-19 -6.16149e-31 -6.27471e-19  1.38269e-30  7.72347e-19 -2.83183e-30 -8.00372e-19  5.27849e-30  6.73937e-19 -8.91636e-30 -4.28396e-19  1.35581e-29  1.64059e-19  -1.8359e-29  1.53622e-20  2.17197e-29 -7.13139e-20  -2.1598e-29  4.43156e-20  1.62988e-29 -3.67745e-21 -5.48896e-30 -1.17261e-20 -9.13763e-30  6.33453e-21  2.41034e-29  8.15771e-22 -3.54006e-29 -1.88875e-21  4.01791e-29  2.84455e-22 -3.79262e-29  3.68784e-22  3.04697e-29 -1.15115e-22 -2.08876e-29 -5.96388e-23  1.20525e-29  2.44602e-23 -5.63023e-30  9.19311e-24   1.9054e-30  -3.6325e-24 -2.50402e-31 -1.39191e-24 -2.25147e-31  3.65783e-25  2.23798e-31  1.85705e-25 -1.22956e-31 -1.75703e-26  5.08049e-32 -1.84161e-26 -1.76251e-32 -9.89651e-28   5.4614e-33  1.10063e-27 -1.38736e-33  2.12003e-28  1.28936e-34 -2.32264e-29  1.24482e-34 -1.19494e-29 -8.75357e-35 -8.78167e-31  3.11644e-35  2.01323e-31 -7.07174e-36  4.30292e-32  1.08397e-36   1.7209e-33 -1.23433e-37 -3.12633e-34  1.18063e-38 -3.89142e-35 -5.22031e-40 -1.15476e-36 -1.13511e-40  3.71872e-38  1.91928e-41  2.08184e-39 -6.44065e-43
 1.84442e-45   4.0997e-35 -5.74138e-44 -3.48013e-34  2.38137e-43  9.01701e-33 -1.62415e-42  -2.3848e-31  5.11165e-43   4.6729e-30  8.85628e-43 -7.19922e-29 -7.30118e-41  9.02884e-28  1.09449e-40 -9.44686e-27 -4.74367e-40  8.39467e-26  -2.1182e-39 -6.42036e-25  2.87464e-38  4.26916e-24 -2.37514e-37 -2.48725e-23  1.60794e-36  1.27722e-22 -9.69347e-36 -5.80656e-22   5.2411e-35   2.3447e-21 -2.56079e-34 -8.42762e-21  1.13549e-33  2.69944e-20  -4.5826e-33  -7.7068e-20  1.68739e-32  1.95948e-19 -5.67915e-32 -4.42823e-19  1.74937e-31  8.86588e-19  -4.9358e-31 -1.56485e-18  1.27596e-30  2.41742e-18 -3.02138e-30 -3.23425e-18  6.54756e-30  3.68784e-18 -1.29645e-29 -3.49134e-18  2.33944e-29  2.61424e-18 -3.83229e-29 -1.37867e-18  5.66546e-29  2.97768e-19 -7.48909e-29  2.60505e-19  8.71547e-29 -3.00188e-19 -8.66963e-29  1.08996e-19  6.87921e-29  3.36828e-20 -3.38168e-29 -4.94051e-20 -1.14375e-29  1.10219e-20  5.55672e-29  9.38288e-21  -8.7043e-29 -5.46666e-21  9.90482e-29 -9.49117e-22 -9.19267e-29  1.36699e-21  7.20211e-29  1.63072e-23 -4.79733e-29 -2.59007e-22  2.68776e-29  9.19056e-24 -1.22323e-29  4.11426e-23  4.10874e-30 -5.00522e-25 -6.54895e-31 -5.44591e-24 -3.00728e-31 -3.31686e-25  3.15145e-31  5.49021e-25 -1.55922e-31  9.11486e-26  5.40782e-32 -3.46509e-26 -1.52431e-32 -1.12026e-26  4.05133e-33  6.19517e-28 -8.04994e-34  6.88079e-28 -2.09608e-34  7.08182e-29  3.28037e-34 -1.56336e-29 -1.77156e-34 -4.25502e-30  5.85019e-35 -1.76054e-31 -1.29268e-35  5.65442e-32  1.97904e-36  8.38976e-33 -2.15504e-37  2.42494e-34  1.48478e-38 -3.19381e-35  2.65434e-40 -2.67118e-36 -2.06078e-40 -5.08595e-38  1.65472e-41  2.83374e-40
 3.82589e-36  2.07801e-44  2.02063e-34 -3.62111e-43  -6.3038e-33  1.13337e-42  1.94419e-31 -6.64907e-42 -4.39555e-30  8.85628e-43  7.61579e-29 -7.32824e-43  -1.0569e-27 -1.89158e-40  1.21003e-26   4.6643e-41 -1.16704e-25  1.28808e-39  9.62898e-25 -2.76302e-38 -6.87553e-24  2.47617e-37  4.28656e-23 -1.81424e-36 -2.34931e-22  1.15751e-35  1.13774e-21 -6.61708e-35 -4.88754e-21  3.40843e-34  1.86744e-20 -1.59014e-33 -6.35676e-20  6.74357e-33   1.9291e-19 -2.60689e-32 -5.21767e-19  9.20685e-32  1.25607e-18 -2.97573e-31  -2.6845e-18  8.81244e-31  5.07329e-18 -2.39294e-30   -8.428e-18  5.95932e-30   1.2202e-17 -1.36069e-29 -1.52006e-17  2.84593e-29  1.59717e-17  -5.4438e-29 -1.36783e-17  9.49987e-29   8.9022e-18 -1.50691e-28 -3.57812e-18   2.1611e-28 -1.71119e-19 -2.77926e-28  1.44517e-18  3.16303e-28 -9.60374e-19  -3.1106e-28  1.15051e-19  2.51125e-28  2.38778e-19 -1.42595e-28 -1.43183e-19  9.79052e-30 -1.10966e-20  1.13031e-28  4.10228e-20 -1.95752e-28 -8.00121e-21  2.24477e-28 -7.74298e-21 -2.04967e-28  2.90976e-21  1.56523e-28   1.2115e-21 -1.01208e-28 -6.12984e-22  5.49574e-29  -1.8486e-22 -2.42649e-29  9.34233e-23  7.98457e-30  2.89336e-23 -1.38089e-30 -1.00854e-23 -3.53187e-31 -4.10924e-24   3.8432e-31  6.09564e-25 -1.49605e-31  4.39062e-25  2.64874e-32  7.93297e-27  2.75963e-33 -2.89047e-26 -3.32433e-33 -4.54884e-27  1.79582e-33  7.81861e-28 -1.25952e-33  3.00062e-28   7.8687e-34  1.52903e-29 -3.45594e-34  -6.0895e-30  1.04425e-34 -1.08018e-30 -2.19261e-35 -2.58516e-32   3.2089e-36  9.70881e-33 -3.12751e-37  1.01587e-33  1.33767e-38  2.29164e-35  1.40829e-39  -1.3804e-36 -2.46057e-40  -5.8468e-38  9.06757e-42
-5.60173e-45 -4.50578e-35  1.56917e-43  3.62558e-33 -1.87312e-42 -1.37969e-31  4.60232e-42  3.65483e-30 -2.36417e-41 -7.19922e-29 -7.32824e-43  1.11362e-27 -1.69591e-41 -1.40229e-26 -3.29288e-40  1.47345e-25 -1.88339e-39  -1.3152e-24  2.31821e-38  1.01062e-23 -2.36698e-37 -6.75342e-23  1.86158e-36   3.9552e-22 -1.26944e-35 -2.04224e-21  7.67867e-35  9.33866e-21  -4.1746e-34 -3.79419e-20  2.05031e-33  1.37264e-19 -9.13647e-33 -4.42707e-19  3.70635e-32  1.27317e-18 -1.37239e-31 -3.26237e-18  4.64838e-31  7.43412e-18  -1.4425e-30 -1.50174e-17  4.10599e-30  2.67627e-17 -1.07273e-29 -4.17808e-17  2.57274e-29  5.65529e-17 -5.66214e-29  -6.5341e-17  1.14243e-28  6.28317e-17 -2.10981e-28  -4.7999e-17  3.55761e-28  2.61272e-17 -5.45819e-28 -6.31977e-18  7.58091e-28 -4.42199e-18 -9.46095e-28  5.62406e-18  1.04862e-27  -2.2338e-18 -1.01164e-27 -5.26061e-19   8.1576e-28  9.46669e-19 -4.93612e-28 -2.50854e-19   1.2382e-28 -1.67863e-19  1.99329e-28  1.13453e-19 -4.04847e-28  1.32796e-20   4.7068e-28 -2.77073e-20 -4.23185e-28  9.80141e-22  3.15025e-28  5.21976e-21 -1.97766e-28 -4.35744e-22  1.04101e-28 -8.39104e-22 -4.45604e-29  4.96736e-23   1.4304e-29  1.14803e-22 -2.59197e-30  2.03627e-24 -3.08828e-31 -1.22533e-23  3.52962e-31 -1.51864e-24 -3.91751e-32  8.55404e-25 -7.03526e-32  2.25336e-25  5.39258e-32 -2.33808e-26 -2.33881e-32 -1.56351e-26  8.75715e-33  -1.1768e-27 -3.78017e-33  4.25579e-28  1.71415e-33  9.43331e-29 -6.38634e-34  1.91103e-30   1.7519e-34 -1.52092e-30 -3.42363e-35 -1.89179e-31  4.62561e-36 -3.09659e-33 -3.82378e-37  9.21334e-34  6.30145e-39  6.43139e-35  2.40741e-39  9.63564e-37 -2.05489e-40 -1.08351e-38
 1.34343e-35 -5.89154e-44 -1.63319e-33  9.18969e-43  8.40842e-32 -8.21098e-42 -2.67647e-30  1.61069e-41  6.07601e-29 -7.30118e-41  -1.0569e-27 -1.69591e-41  1.47268e-26 -1.21242e-40 -1.69322e-25  5.19064e-40  1.64038e-24 -2.00638e-38 -1.35982e-23  2.03345e-37  9.75794e-23 -1.75261e-36 -6.11547e-22  1.27959e-35  3.37017e-21 -8.23634e-35 -1.64165e-20  4.73437e-34  7.09562e-20 -2.45085e-33 -2.72875e-19  1.14819e-32  9.35267e-19 -4.88746e-32 -2.85903e-18  1.89636e-31  7.79297e-18 -6.72431e-31 -1.89159e-17  2.18356e-30  4.07867e-17  -6.5036e-30 -7.78181e-17  1.77864e-29  1.30619e-16 -4.46916e-29  -1.9127e-16  1.03183e-28  2.41321e-16   -2.188e-28 -2.57307e-16  4.25691e-28  2.24339e-16 -7.58609e-28 -1.49664e-16  1.23522e-27  6.31809e-17 -1.83132e-27  1.33231e-19  2.46014e-27 -2.35271e-17 -2.97364e-27  1.68179e-17  3.19993e-27  -2.6644e-18 -3.01213e-27 -3.88671e-18  2.39814e-27  2.61135e-18 -1.48801e-27  6.70067e-20  5.12554e-28 -7.15856e-19  2.90946e-28  1.75375e-19 -7.73711e-28  1.29303e-19  9.18352e-28 -5.88337e-20 -8.13992e-28 -1.92458e-20  5.91248e-28  1.23057e-20 -3.60991e-28   2.8692e-21   1.8471e-28 -1.92063e-21 -7.69576e-29 -4.66948e-22  2.42571e-29  2.20286e-22  -4.6815e-30  7.16291e-23  6.44945e-32 -1.56262e-23  3.51286e-32 -8.33802e-24  3.03019e-31  1.93418e-25 -3.05563e-31  6.06488e-25   1.6869e-31  7.42707e-26 -6.76526e-32 -1.99856e-26  2.39908e-32 -5.99915e-27 -8.94797e-33 -1.50608e-28  3.39596e-33  1.45412e-28 -1.10384e-33   2.1449e-29  2.73644e-34  9.97404e-32 -4.88976e-35 -2.38344e-31  5.91851e-36 -2.10662e-32  -3.9209e-37 -2.91274e-34 -4.26704e-39  3.82184e-35  2.71247e-39   1.3136e-36 -1.08671e-40
 5.63658e-45  5.89034e-34 -4.18744e-43 -4.32354e-32  4.42978e-42  1.71412e-30 -3.10654e-41 -4.56588e-29  4.79712e-41  9.02884e-28 -1.89158e-40 -1.40229e-26 -1.21242e-40  1.77329e-25 -7.86326e-40 -1.87162e-24  1.12586e-38  1.67848e-23 -1.60435e-37 -1.29619e-22  1.49782e-36  8.70705e-22 -1.18851e-35 -5.12752e-21  8.18336e-35  2.66298e-20 -4.99639e-34  -1.2252e-19  2.73234e-33  5.01023e-19 -1.34756e-32 -1.82504e-18  6.02228e-32  5.92908e-18 -2.44819e-31 -1.71834e-17  9.08182e-31  4.43939e-17 -3.08223e-30 -1.02055e-16  9.59002e-30   2.0811e-16 -2.73982e-29 -3.74677e-16  7.19512e-29  5.91475e-16 -1.73786e-28 -8.10526e-16  3.86075e-28  9.49651e-16 -7.88457e-28 -9.28363e-16  1.47858e-27  7.24325e-16 -2.54151e-27 -4.07432e-16  3.99396e-27  1.09572e-16 -5.71802e-27  6.02777e-17  7.42205e-27 -8.63552e-17  -8.6759e-27  3.75587e-17  9.04311e-27  6.21582e-18 -8.27275e-27 -1.48388e-17   6.4524e-27  4.62382e-18 -4.01717e-27  2.40955e-18  1.58456e-27 -1.92683e-18  3.01837e-28 -1.16315e-19 -1.37327e-27  4.58413e-19  1.67726e-27 -3.97291e-20 -1.46806e-27  -8.5554e-20  1.04271e-27  1.18023e-20 -6.21549e-28  1.38893e-20  3.11057e-28 -1.57334e-21 -1.27423e-28 -1.96477e-21  4.02455e-29  5.99087e-23 -8.75461e-30  2.22188e-22  1.41923e-30  1.78854e-23 -9.90215e-31 -1.70507e-23  1.12225e-30 -3.59648e-24  -7.9953e-31  6.11229e-25  3.97003e-31  2.87556e-25 -1.54157e-31  1.29499e-26  5.32394e-32 -9.25755e-27  -1.8301e-32 -1.67992e-27   6.1357e-33  9.51982e-30 -1.77047e-33   3.2889e-29  3.95176e-34  3.42236e-30 -6.35365e-35  1.80619e-33  6.69415e-36 -2.12089e-32  -3.2992e-37   -1.247e-33 -1.35444e-38 -1.31753e-35  2.14497e-39  3.04715e-37
-1.45264e-34  6.46655e-44  1.82782e-32 -2.31741e-42  -9.4942e-31  1.80906e-41  3.03987e-29 -1.01709e-40 -6.92836e-28  1.09449e-40  1.21003e-26 -3.29288e-40 -1.69322e-25 -7.86326e-40  1.95551e-24 -5.28667e-39 -1.90342e-23  9.77547e-38  1.58571e-22  -1.1472e-36 -1.14385e-21  1.00827e-35  7.20828e-21 -7.53201e-35 -3.99554e-20  4.91812e-34  1.95824e-19 -2.85435e-33 -8.51897e-19  1.48593e-32  3.29863e-18  -6.9826e-32 -1.13882e-17  2.97587e-31  3.50814e-17 -1.15468e-30 -9.64082e-17  4.09208e-30  2.36063e-16 -1.32805e-29 -5.13782e-16  3.95555e-29  9.90181e-16   -1.083e-28 -1.68031e-15   2.7288e-28  2.49028e-15 -6.33109e-28 -3.18446e-15  1.35253e-27  3.44845e-15 -2.65897e-27 -3.06391e-15  4.80425e-27  2.09766e-15 -7.96226e-27 -9.30552e-16  1.20714e-26  4.03793e-17 -1.66798e-26   3.1653e-16  2.09037e-26 -2.45103e-16 -2.36034e-26  4.87887e-17  2.37871e-26  5.19159e-17  -2.1085e-26 -3.95658e-17  1.60209e-26   1.0747e-18 -9.87179e-27  1.03198e-17  4.14528e-27 -3.11767e-18  3.39008e-29 -1.75808e-18 -2.27954e-27  9.80901e-19  2.88873e-27  2.41842e-19 -2.50259e-27 -2.03818e-19  1.74471e-27 -3.43091e-20  -1.0219e-27  3.25126e-20  5.05305e-28  5.87576e-21 -2.06963e-28 -3.93667e-21  6.76958e-29 -1.00054e-21 -1.76396e-29  3.15972e-22  5.33801e-30  1.29188e-22 -3.60679e-30  -9.4581e-24   2.8685e-30   -1.045e-23 -1.75141e-30 -9.04937e-25  8.14946e-31  4.08249e-25 -3.08204e-31  9.77374e-26  1.03707e-31 -5.95195e-28 -3.34395e-32 -2.83099e-27  1.01387e-32 -3.44046e-28 -2.62281e-33   7.0259e-30  5.24863e-34  4.77368e-30 -7.47239e-35  3.54107e-31  6.64575e-36  1.01561e-33 -2.16196e-37 -8.44877e-34 -1.70125e-38 -2.42738e-35  1.07906e-39
-3.10806e-45  -5.9984e-33  4.88328e-43   4.4679e-31  -1.0519e-41 -1.77921e-29  6.27332e-41  4.75803e-28 -2.76811e-40 -9.44686e-27   4.6643e-41  1.47345e-25  5.19064e-40 -1.87162e-24 -5.28667e-39  1.98472e-23 -3.63764e-38 -1.78876e-22  7.09068e-37  1.38858e-21 -7.63823e-36 -9.37917e-21  6.36409e-35  5.55549e-20 -4.50951e-34 -2.90297e-19   2.7997e-33  1.34429e-18 -1.54628e-32 -5.53492e-18  7.66461e-32  2.03081e-17 -3.43084e-31 -6.64836e-17  1.39345e-30  1.94257e-16  -5.1556e-30 -5.06242e-16  1.74344e-29  1.17462e-15 -5.40376e-29 -2.41928e-15  1.53869e-28  4.40281e-15 -4.03225e-28 -7.03267e-15  9.73686e-28  9.76359e-15 -2.16789e-27 -1.16096e-14  4.45032e-27  1.15486e-14 -8.41723e-27  -9.2124e-15  1.46471e-26  5.36088e-15 -2.33988e-26 -1.59266e-15  3.42135e-26 -6.69961e-16 -4.56115e-26   1.1134e-15  5.51608e-26 -5.31096e-16 -6.01141e-26 -5.22542e-17  5.84947e-26  1.94814e-16 -5.01255e-26 -7.09393e-17  3.69499e-26 -2.81434e-17 -2.23229e-26  2.74308e-17  9.60331e-27  7.45039e-20 -8.63347e-28 -6.33401e-18 -3.58357e-27  9.08697e-19  4.74389e-27  1.16513e-18 -4.07941e-27 -2.35004e-19  2.80699e-27 -1.90437e-19 -1.62997e-27   3.3858e-20  8.07076e-28  2.78727e-20 -3.37543e-28 -2.40908e-21  1.18417e-28 -3.34698e-21 -3.76546e-29 -1.13397e-22  1.51716e-29  2.81495e-22 -9.50199e-30  4.57431e-23  6.30869e-30 -1.23502e-23 -3.46575e-30 -4.36794e-24  1.52696e-30 -4.44179e-26 -5.60398e-31  1.65646e-25  1.82602e-31  2.43742e-26 -5.54295e-32  -9.7063e-28  1.53552e-32  -5.8738e-28 -3.57794e-33 -5.02485e-29  6.38353e-34  1.05526e-30 -7.90933e-35  4.01371e-31  5.72764e-36  1.98599e-32 -9.54177e-38   1.0146e-34 -1.36971e-38 -6.74233e-36
  1.3226e-33 -1.08303e-43 -1.73327e-31  2.73874e-42  9.04623e-30  -3.9404e-41 -2.90772e-28  1.72615e-40  6.65394e-27 -4.74367e-40 -1.16704e-25 -1.88339e-39  1.64038e-24  1.12586e-38 -1.90342e-23 -3.63764e-38  1.86192e-22 -2.46643e-37 -1.55926e-21  4.73097e-36  1.13098e-20 -4.80817e-35 -7.16867e-20  3.81283e-34    3.998e-19 -2.57185e-33 -1.97215e-18  1.52057e-32  8.63827e-18 -7.99681e-32 -3.36907e-17   3.7739e-31  1.17207e-16 -1.60817e-30 -3.64002e-16  6.21835e-30    1.009e-15 -2.19086e-29  -2.4935e-15  7.05821e-29  5.48087e-15 -2.08568e-28  -1.0676e-14  5.66757e-28  1.83275e-14 -1.41916e-27 -2.75092e-14  3.27927e-27  3.56809e-14 -6.99778e-27 -3.92761e-14  1.37904e-26  3.55967e-14 -2.50772e-26 -2.50384e-14  4.20097e-26  1.16766e-14 -6.46728e-26  -1.0348e-15   9.1191e-26 -3.58684e-15 -1.17275e-25  3.03509e-15  1.36825e-25 -7.34381e-16  -1.4384e-25 -5.78038e-16  1.35015e-25  5.08292e-16 -1.11663e-25 -4.14511e-17  7.96069e-26 -1.25186e-16 -4.68274e-26  4.61909e-17  2.01442e-26  1.96722e-17 -2.86125e-27 -1.37742e-17 -5.47255e-27 -2.36381e-18  7.56347e-27  2.84238e-18 -6.47144e-27  2.98445e-19  4.42303e-27 -4.62499e-19 -2.57111e-27 -5.55475e-20  1.29198e-27  5.88526e-20 -5.62155e-28    1.117e-20  2.15912e-28 -5.23247e-21 -8.12562e-29 -1.65271e-21  3.71977e-29  2.27607e-22 -2.15758e-29  1.50514e-22  1.26277e-29  7.21823e-24 -6.35957e-30 -6.87439e-24   2.6568e-30 -1.31188e-24 -9.40155e-31  6.08932e-26  2.94383e-31  4.59339e-26 -8.40039e-32  4.47607e-27  2.13432e-32 -2.52182e-28 -4.48405e-33 -7.96861e-29  7.07947e-34 -4.86141e-30 -7.48264e-35  5.91115e-32  4.21407e-36  1.54257e-32 -1.04157e-38   3.7319e-34 -6.80311e-39
 2.68285e-44   5.2355e-32 -1.03018e-42 -3.92223e-30  1.13761e-41  1.56802e-28  -1.1091e-40  -4.2102e-27  2.09133e-40  8.39467e-26  1.28808e-39  -1.3152e-24 -2.00638e-38  1.67848e-23  9.77547e-38 -1.78876e-22 -2.46643e-37  1.62058e-21 -1.61322e-36 -1.26497e-20  2.98304e-35  8.59403e-20 -2.88839e-34 -5.12169e-19  2.18675e-33  2.69364e-18 -1.40724e-32 -1.25589e-17  7.93145e-32   5.2084e-17 -3.97293e-31 -1.92566e-16  1.78444e-30  6.35536e-16 -7.23273e-30   -1.873e-15  2.65911e-29  4.92607e-15 -8.90641e-29 -1.15424e-14  2.72822e-28  2.40247e-14 -7.66932e-28 -4.42229e-14   1.9844e-27  7.15215e-14 -4.73765e-27 -1.00671e-13  1.04553e-26  1.21586e-13 -2.13493e-26 -1.23186e-13  4.03404e-26  1.00576e-13 -7.04726e-26 -6.06108e-14  1.13606e-25  1.97791e-14 -1.68518e-25  6.07526e-15   2.2915e-25 -1.22631e-14 -2.84307e-25  6.43002e-15  3.20011e-25  2.15524e-16 -3.24473e-25 -2.17728e-15  2.93651e-25  9.23959e-16 -2.34138e-25  2.67012e-16  1.61058e-25 -3.32921e-16 -9.17298e-26  1.89728e-17   3.8728e-26  7.42116e-17 -6.30671e-27 -1.54421e-17 -8.51187e-27  -1.3355e-17  1.20413e-26  3.73112e-18 -1.02415e-26  2.18731e-18  6.98244e-27 -5.65755e-19 -4.08918e-27  -3.3167e-19  2.10182e-27  5.12727e-20 -9.59584e-28   4.2473e-20  4.02707e-28 -7.85805e-22 -1.70424e-28 -3.91594e-21  8.19003e-29 -4.51934e-22 -4.42694e-29   2.0283e-22  2.34429e-29   5.5361e-23 -1.09225e-29 -1.81167e-24  4.32003e-30 -2.48602e-24 -1.46396e-30 -2.87799e-25  4.37163e-31  2.58205e-26 -1.16861e-31  8.81541e-27  2.72384e-32  5.95364e-28 -5.15042e-33 -3.20607e-29  7.12516e-34 -6.37181e-30 -6.26951e-35 -2.61035e-31  2.57832e-36  5.93156e-34  2.25425e-38  1.22113e-34
-1.06842e-32  2.76535e-43  1.40646e-30 -5.67078e-42 -7.36942e-29  2.53617e-41   2.3783e-27 -7.08791e-41 -5.46554e-26  -2.1182e-39  9.62898e-25  2.31821e-38 -1.35982e-23 -1.60435e-37  1.58571e-22  7.09068e-37 -1.55926e-21 -1.61322e-36    1.313e-20 -1.01241e-35 -9.57908e-20  1.79895e-34  6.10893e-19 -1.66816e-33 -3.42905e-18  1.20875e-32  1.70307e-17 -7.43214e-32 -7.51361e-17  3.99567e-31  2.95286e-16  -1.9063e-30 -1.03561e-15  8.14474e-30   3.2439e-15 -3.13699e-29 -9.07437e-15  1.09501e-28  2.26444e-14 -3.48025e-28 -5.02959e-14  1.01139e-27  9.90771e-14 -2.69791e-27 -1.72176e-13  6.62926e-27  2.61924e-13 -1.50504e-26 -3.44862e-13  3.16445e-26  3.86214e-13 -6.17067e-26 -3.57421e-13  1.11631e-25  2.58579e-13 -1.87174e-25 -1.26801e-13  2.90246e-25  1.69367e-14 -4.14853e-25  3.46649e-14   5.4417e-25 -3.24182e-14 -6.51622e-25  9.32245e-15  7.07896e-25  5.40158e-15  -6.9249e-25  -5.6185e-15  6.04281e-25  7.76994e-16 -4.64283e-25  1.29289e-15  3.07622e-25 -5.81482e-16 -1.68758e-25 -1.80614e-16  6.86399e-26  1.65401e-16 -1.06633e-26  1.64894e-17 -1.43967e-26 -3.38518e-17  1.98382e-26 -1.38784e-18 -1.66307e-26  5.60667e-18  1.12819e-26   3.2988e-19 -6.64434e-27 -7.47432e-19  3.48667e-27 -9.60129e-20 -1.66326e-27  7.26717e-20  7.49026e-28  1.74559e-20  -3.4011e-28 -3.99046e-21  1.64859e-28 -1.83095e-21 -8.35416e-29 -7.02838e-24  4.06305e-29  9.73578e-23 -1.76032e-29  1.44768e-23  6.57586e-30 -1.50494e-24 -2.12035e-30 -6.30063e-25  5.99589e-31 -4.63489e-26  -1.4949e-31  5.37734e-27  3.19019e-32  1.12451e-27 -5.40608e-33  5.39015e-29  6.46895e-34 -1.92285e-30 -4.59341e-35 -2.37136e-31  1.25585e-36 -4.79137e-33  1.79474e-38
 1.85185e-43  -3.9383e-31  1.44001e-42  2.96186e-29 -1.45207e-41 -1.18886e-27 -1.36872e-40  3.20568e-26   2.4029e-39 -6.42036e-25 -2.76302e-38  1.01062e-23  2.03345e-37 -1.29619e-22  -1.1472e-36  1.38858e-21  4.73097e-36 -1.26497e-20 -1.01241e-35  9.93143e-20  -6.1104e-35 -6.78867e-19  1.04561e-33  4.07197e-18 -9.31676e-33 -2.15621e-17   6.4722e-32  1.01258e-16 -3.80548e-31 -4.23144e-16  1.95205e-30  1.57711e-15 -8.86887e-30 -5.24972e-15  3.60259e-29  1.56127e-14  -1.3173e-28 -4.14614e-14  4.35987e-28  9.81601e-14 -1.31251e-27 -2.06598e-13  3.61037e-27  3.84892e-13 -9.11419e-27 -6.30713e-13   2.1204e-26  9.00767e-13 -4.56363e-26 -1.10594e-12  9.11536e-26  1.14232e-12  -1.6933e-25 -9.55604e-13  2.92756e-25  5.96971e-13 -4.70655e-25 -2.12909e-13  7.01817e-25 -4.39428e-14 -9.66811e-25  1.16811e-13  1.22412e-24 -6.75507e-14 -1.41594e-24  2.01424e-15  1.48598e-24  2.09438e-14  -1.4037e-24 -1.03671e-14   1.1819e-24 -2.00003e-15 -8.75212e-25  3.48624e-15  5.57839e-25 -4.19018e-16 -2.93022e-25 -7.44291e-16  1.12056e-25  2.11554e-16 -1.26335e-26  1.29541e-16 -2.76583e-26 -4.91492e-17  3.48061e-26 -2.10965e-17 -2.82653e-26  7.74712e-18  1.88564e-26  3.32232e-18 -1.10438e-26 -8.08508e-19   5.8541e-27 -4.57288e-19 -2.88154e-27  3.69651e-20  1.36093e-27  4.64161e-20 -6.40268e-28  3.10541e-21  3.06383e-28  -2.7851e-21 -1.46147e-28 -5.85539e-22  6.58741e-29  5.28511e-23  -2.6618e-29  3.16912e-23  9.36662e-30  2.69289e-24 -2.85699e-30  -4.7284e-25  7.60102e-31  -1.1235e-25 -1.75895e-31 -5.47453e-27  3.42413e-32  6.28352e-28 -5.16523e-33  8.59212e-29  5.25517e-34  2.79819e-30 -2.88778e-35 -3.79494e-32  4.48705e-37 -1.85693e-33
 7.46727e-32  1.20841e-42 -9.86941e-30 -2.56923e-43  5.19209e-28  1.02245e-40 -1.68273e-26 -2.67225e-39  3.88433e-25  2.87464e-38 -6.87553e-24 -2.36698e-37  9.75794e-23  1.49782e-36 -1.14385e-21 -7.63823e-36  1.13098e-20  2.98304e-35 -9.57908e-20  -6.1104e-35  7.03136e-19 -3.56317e-34  -4.5132e-18  5.88869e-33  2.55065e-17 -5.05164e-32 -1.27595e-16  3.36713e-31  5.67221e-16 -1.89374e-30  -2.2472e-15  9.26845e-30  7.94867e-15 -4.00935e-29 -2.51246e-14  1.54776e-28  7.09627e-14 -5.36912e-28 -1.78912e-13  1.68311e-27  4.01786e-13 -4.79193e-27 -8.00927e-13  1.24505e-26  1.40992e-12 -2.96656e-26 -2.17543e-12  6.51394e-26  2.90996e-12 -1.32452e-25 -3.31864e-12  2.50484e-25  3.13926e-12 -4.41987e-25 -2.33846e-12  7.28782e-25  1.20602e-12 -1.12215e-24 -2.14994e-13  1.60881e-24 -2.87782e-13 -2.13735e-24  3.02033e-13   2.6151e-24  -1.0162e-13 -2.92609e-24 -4.22181e-14  2.97125e-24  5.40087e-14 -2.71474e-24 -1.07191e-14  2.20888e-24 -1.14363e-14 -1.57789e-24  6.30777e-15  9.66248e-25  1.32474e-15 -4.81939e-25  -1.7169e-15  1.66487e-25 -4.85685e-17 -2.02966e-27  3.47611e-16 -5.90731e-26 -9.11331e-18  6.51661e-26 -5.84529e-17  -5.0247e-26  3.46469e-19  3.24073e-26  8.14675e-18 -1.85805e-26  5.44238e-19  9.81392e-27  -8.5979e-19 -4.91397e-27 -1.49361e-19  2.38413e-27  5.60685e-20 -1.13406e-27  1.88689e-20  5.28845e-28 -9.50108e-22 -2.37954e-28 -1.17464e-21   9.9939e-29 -1.28215e-22 -3.77179e-29  2.56046e-23  1.24671e-29  7.36462e-24 -3.57781e-30  3.53905e-25    8.902e-31 -8.71515e-26 -1.90195e-31 -1.35204e-26  3.35974e-32 -4.58579e-28 -4.46776e-33  3.73918e-29  3.77563e-34  3.10713e-30 -1.51124e-35  5.09937e-32  9.65486e-38
 2.19707e-43  2.57355e-30  8.32224e-42 -1.94328e-28  -1.0513e-40  7.83316e-27  2.07261e-39 -2.12159e-25 -2.77554e-38  4.26916e-24  2.47617e-37 -6.75342e-23 -1.75261e-36  8.70705e-22  1.00827e-35 -9.37917e-21 -4.80817e-35  8.59403e-20  1.79895e-34 -6.78867e-19 -3.56317e-34  4.67048e-18 -2.01574e-33 -2.82058e-17   3.2231e-32  1.50434e-16 -2.66356e-31 -7.11847e-16  1.70343e-30   2.9987e-15 -9.16271e-30 -1.12721e-14  4.27815e-29  3.78612e-14 -1.76181e-28 -1.13685e-13  6.46233e-28  3.05005e-13 -2.12604e-27 -7.30037e-13  6.30846e-27  1.55466e-12 -1.69675e-26 -2.93336e-12  4.15715e-26  4.87391e-12 -9.32667e-26 -7.06835e-12  1.92696e-25  8.83001e-12  -3.6885e-25 -9.30736e-12  6.57982e-25  7.98621e-12 -1.09922e-24 -5.17653e-12  1.72451e-24  2.00876e-12 -2.54038e-24  2.32672e-13  3.50229e-24 -9.70664e-13 -4.49236e-24  6.22049e-13   5.3211e-24 -5.74623e-14 -5.77218e-24 -1.74562e-13  5.68506e-24  1.01314e-13 -5.03684e-24  1.06145e-14  3.96987e-24 -3.17582e-14 -2.73947e-24  5.99947e-15  1.60856e-24  6.41679e-15 -7.51472e-25 -2.42739e-15  2.16722e-25 -1.05978e-15  4.64824e-26  5.49768e-16 -1.31696e-25  1.69215e-16  1.26837e-25 -8.94492e-17 -9.15321e-26 -2.78134e-17  5.62199e-26  1.03069e-17 -3.11273e-26   4.1762e-18  1.61988e-26 -6.71622e-19 -8.15404e-27 -4.71479e-19  3.99749e-27  -6.3866e-21 -1.88932e-27  3.25215e-20  8.50922e-28  5.09048e-21 -3.61356e-28 -9.05328e-22  1.41831e-28 -3.45456e-22 -5.00027e-29 -1.80773e-23  1.54744e-29  6.83758e-24 -4.15689e-30  1.22093e-24  9.61771e-31  3.34646e-26 -1.88625e-31 -9.56656e-27  3.00212e-32 -9.90324e-28 -3.47114e-33 -2.33347e-29  2.35684e-34  8.14051e-31 -6.22341e-36  2.40768e-32
-4.55255e-31  2.95322e-43  6.04134e-29  8.71856e-41 -3.19168e-27  -1.5804e-39  1.03902e-25  2.27193e-38 -2.40973e-24 -2.37514e-37  4.28656e-23  1.86158e-36 -6.11547e-22 -1.18851e-35  7.20828e-21  6.36409e-35 -7.16867e-20 -2.88839e-34  6.10893e-19  1.04561e-33  -4.5132e-18 -2.01574e-33  2.91667e-17 -1.10879e-32 -1.66026e-16  1.71566e-31  8.36864e-16 -1.36508e-30 -3.75024e-15  8.37133e-30  1.49843e-14 -4.30489e-29  -5.3481e-14  1.91721e-28  1.70669e-13 -7.51636e-28  -4.8697e-13  2.61985e-27  1.24116e-12 -8.17435e-27 -2.81991e-12  2.29552e-26  5.69218e-12 -5.82965e-26 -1.01576e-11  1.34538e-25  1.59087e-11 -2.83679e-25 -2.16381e-11  5.49961e-25  2.51532e-11 -9.87484e-25  -2.4346e-11  1.65512e-24  1.86933e-11 -2.60834e-24 -1.01405e-11  3.88368e-24  2.25916e-12 -5.46823e-24  2.05578e-12   7.2543e-24 -2.47491e-12 -9.00154e-24  9.63847e-13  1.03504e-23  2.70204e-13 -1.09201e-23 -4.54904e-13  1.04681e-23  1.19912e-13 -9.02522e-24  8.66164e-14  6.91206e-24 -5.95698e-14 -4.61427e-24 -7.05889e-15   2.5876e-24   1.5519e-14 -1.10545e-24 -7.03615e-16  2.17897e-25 -3.09484e-15  1.88332e-25   3.0973e-16 -2.90213e-25  5.26602e-16  2.47673e-25 -4.11344e-17 -1.66227e-25 -7.66454e-17  9.63591e-26 -8.07291e-20 -5.11086e-26  8.75047e-18  2.60349e-26  9.69278e-19 -1.30653e-26 -6.57303e-19  6.38911e-27  -1.6369e-19 -2.96105e-27  2.02634e-20  1.27905e-27  1.21582e-20 -5.12399e-28  8.37632e-22  1.88172e-28 -3.44761e-22 -6.18976e-29 -7.34632e-23   1.7865e-29 -1.34752e-24 -4.46966e-30  1.15374e-24  9.56348e-31  1.38647e-25 -1.71042e-31  2.42213e-27  2.42927e-32  -5.5709e-28 -2.39432e-33 -3.49112e-29  1.24125e-34 -4.35255e-31 -1.75379e-36
 9.41807e-43 -1.47215e-29 -2.46754e-41  1.11632e-27  1.04187e-39 -4.51985e-26 -1.71748e-38  1.22995e-24  2.03178e-37 -2.48725e-23 -1.81424e-36   3.9552e-22  1.27959e-35 -5.12752e-21 -7.53201e-35  5.55549e-20  3.81283e-34 -5.12169e-19 -1.66816e-33  4.07197e-18  5.88869e-33 -2.82058e-17 -1.10879e-32  1.71569e-16 -5.93097e-32 -9.22025e-16  8.87025e-31   4.3981e-15 -6.78662e-30 -1.86851e-14  3.98725e-29  7.08707e-14 -1.95933e-28 -2.40324e-13   8.3223e-28  7.28959e-13  -3.1066e-27 -1.97695e-12  1.02926e-26  4.78681e-12 -3.04685e-26  -1.0321e-11  8.09971e-26  1.97368e-11 -1.94224e-25 -3.32769e-11  4.22002e-25  4.90463e-11 -8.35235e-25 -6.23981e-11  1.51599e-24  6.71867e-11 -2.54502e-24 -5.91964e-11  3.99209e-24  3.98476e-11 -5.91215e-24 -1.67587e-11  8.33302e-24 -5.60296e-13 -1.12084e-23  7.07618e-12  1.43308e-23 -5.05993e-12 -1.72562e-23  7.84252e-13  1.93389e-23  1.26376e-12 -1.99315e-23 -8.69493e-13  1.86806e-23 -1.86771e-14 -1.57406e-23  2.52926e-13  1.17534e-23 -6.73149e-14 -7.59385e-24 -4.74636e-14  4.03439e-24   2.3836e-14 -1.50859e-24  7.18202e-15  6.28307e-26 -5.29836e-15  5.33165e-25 -1.09073e-15 -6.13248e-25  8.85602e-16  4.71519e-25  1.89293e-16 -2.94064e-25 -1.10281e-16  1.60349e-25 -3.19925e-17 -8.12693e-26  8.79769e-18  4.04366e-26  4.10327e-18  -2.0116e-26 -2.05208e-19   9.7092e-27 -3.26084e-19 -4.36568e-27 -3.45906e-20  1.79804e-27  1.18536e-20 -6.78796e-28  3.22131e-21  2.33199e-28  4.66384e-23 -7.13813e-29 -8.20527e-23  1.91213e-29 -1.12705e-23 -4.43308e-30 -7.64116e-27  8.72388e-31  1.20143e-25  -1.4117e-31  9.75007e-27  1.76553e-32  1.26053e-28 -1.44011e-33  -1.2449e-29  5.21661e-35 -2.68315e-31
