  2.9846e-35 -5.00015e-51 -5.47199e-35   1.8357e-50  1.66584e-35  1.11843e-50  9.81104e-36 -4.44777e-50 -5.17899e-36  1.39813e-49 -1.00342e-36 -3.71553e-49  5.32537e-37 -6.68787e-49  1.72494e-36  1.10613e-47 -1.62923e-36 -1.39978e-47  5.06422e-37  1.70788e-47  1.15604e-37  6.98296e-47 -4.05534e-38 -1.29838e-46 -7.96149e-38  4.90312e-46 -3.16372e-38 -8.60057e-47  1.20591e-37  1.66201e-46 -1.12405e-37  -6.8814e-45  4.37025e-38 -5.69104e-45 -1.06403e-39  7.78051e-45 -2.85305e-40 -1.77212e-44 -1.76229e-39 -1.38579e-44  4.83437e-40  -2.0414e-44 -4.52388e-40  4.09635e-45  1.07838e-39  1.46172e-44  -8.4474e-40 -6.24847e-44  3.81388e-40   2.0615e-44 -9.79374e-41 -3.83524e-44 -1.24862e-41  4.04578e-44   2.8893e-41 -1.13622e-44 -1.24611e-41 -6.00782e-46 -4.08646e-42  3.59778e-45  4.38729e-42  1.14119e-44 -1.37513e-41  6.67979e-45  3.72585e-41  5.84047e-46 -9.11861e-41 -2.87109e-45  2.04262e-40  9.50381e-45 -4.19389e-40 -2.18794e-44   7.8415e-40  5.17415e-44 -1.32757e-39  -1.0965e-43  2.02179e-39  2.17596e-43 -2.74723e-39 -4.03188e-43    3.296e-39  6.97631e-43  -3.4432e-39 -1.12508e-42  3.07193e-39  1.68806e-42  -2.2749e-39 -2.35116e-42  1.33733e-39  3.03241e-42 -5.81667e-40  -3.6115e-42  1.80053e-40   3.9591e-42 -8.55618e-41 -3.98056e-42  1.27601e-40  3.65545e-42 -1.63547e-40  -3.0517e-42  1.49771e-40  2.30353e-42 -1.08432e-40 -1.56232e-42  6.77493e-41  9.45111e-43 -3.82088e-41 -5.05529e-43  1.93055e-41  2.36589e-43 -8.44537e-42 -9.56297e-44  3.10665e-42  3.28375e-44 -9.42894e-43 -9.37233e-45   2.3074e-43   2.1569e-45 -4.36624e-44 -3.82492e-46  5.96791e-45  4.84931e-47 -5.27122e-46 -3.79367e-48  2.36692e-47   1.1783e-49
-5.00015e-51  9.65562e-35 -2.50731e-50 -9.42733e-35  5.80068e-50   9.4837e-36  5.12523e-51  1.49549e-35 -1.55343e-49 -3.02976e-36  1.64558e-48 -2.29442e-36 -4.29383e-48 -8.36248e-37 -6.30512e-48  4.42998e-36  1.02625e-46 -3.30266e-36 -1.20622e-46  7.74372e-37  2.03124e-46  6.12313e-37  2.99423e-46 -3.91438e-37 -1.37551e-45 -4.72184e-38  3.37478e-45 -1.22659e-37  -3.9725e-45  3.84837e-37  8.87662e-46  -3.2679e-37 -5.64398e-44  1.09777e-37 -4.13185e-44    1.178e-38  4.34977e-44 -5.78699e-39 -1.59831e-43 -3.80903e-39 -1.07591e-43  1.58886e-39 -1.69301e-43 -2.61489e-39 -1.92468e-44  4.21271e-39  5.83051e-44 -2.89876e-39 -4.44587e-43  1.39881e-39  1.07013e-43 -3.35133e-40 -2.79531e-43  -5.3795e-41   2.1472e-43  1.04979e-40 -9.10714e-44 -2.84377e-41  4.25679e-45 -6.11764e-41  5.89015e-45  1.59217e-40  5.09181e-44  -4.4578e-40     2.14e-44  1.13777e-39  1.66315e-44 -2.66731e-39 -5.50905e-44  5.72721e-39  1.46054e-43 -1.12213e-38 -3.38651e-43   1.9958e-38  7.49776e-43 -3.20308e-38 -1.53687e-42  4.60443e-38  2.94703e-42 -5.87267e-38 -5.27754e-42  6.56314e-38  8.81686e-42  -6.3162e-38 -1.37155e-41  5.10065e-38  1.98261e-41 -3.31125e-38 -2.65684e-41    1.588e-38  3.29181e-41 -4.45631e-39 -3.75951e-41 -1.83309e-41  3.94421e-41  2.11002e-41 -3.78637e-41   1.1264e-39  3.31117e-41 -1.61107e-39 -2.62433e-41  1.35069e-39  1.87401e-41 -8.78756e-40 -1.19749e-41  5.09352e-40  6.79252e-42 -2.74483e-40 -3.38759e-42  1.32082e-40  1.46829e-42 -5.38727e-41  -5.4515e-43  1.81705e-41  1.70185e-43 -5.00842e-42 -4.35647e-44  1.09721e-42   8.8214e-45 -1.80422e-43 -1.33569e-45  2.03726e-44  1.36775e-46 -1.35207e-45 -7.51721e-48  3.35939e-47
-5.47199e-35 -2.50731e-50  1.52089e-34 -6.73011e-50 -9.60585e-35  1.16462e-49 -4.50283e-36  -2.3556e-49  8.83382e-36 -8.65174e-49  1.54466e-36   1.3719e-47  -3.6706e-36 -3.34122e-47 -2.23064e-36 -4.20368e-47  6.48648e-36  6.55295e-46 -3.84464e-36 -8.03799e-46 -6.21265e-38  1.50786e-45  2.03776e-36 -2.50768e-46 -1.35007e-36 -9.65307e-45  1.90502e-37  1.49166e-44 -2.20585e-37 -4.31864e-44  8.20022e-37 -3.06093e-45 -6.56078e-37 -3.19426e-43  1.81065e-37 -2.16818e-43  5.93759e-38  1.44658e-43 -2.12107e-38 -9.73213e-43 -3.88387e-39 -5.91723e-43  4.25602e-39 -9.67492e-43 -8.70065e-39  -2.6795e-43  1.09418e-38  1.10711e-43 -6.82244e-39  -2.1405e-42  3.52498e-39  3.67217e-43 -7.79149e-40 -1.33229e-42  -1.3757e-40  7.89947e-43  1.67085e-40 -4.55759e-43  2.94557e-40  5.15475e-44 -1.29224e-39 -2.99783e-44  3.68637e-39  1.74963e-43 -9.82068e-39 -1.26779e-44  2.40272e-38  2.29275e-43 -5.39269e-38 -6.41657e-43  1.10617e-37  1.57292e-42  -2.0646e-37 -3.55361e-42  3.48731e-37  7.55057e-42 -5.29515e-37 -1.49716e-41  7.16676e-37  2.77533e-41  -8.5511e-37  -4.8022e-41  8.85962e-37   7.7442e-41 -7.79728e-37 -1.16161e-40  5.62601e-37  1.61704e-40 -3.11056e-37 -2.08379e-40  1.10211e-37  2.47862e-40 -4.59935e-39 -2.71246e-40 -1.89219e-38  2.72078e-40   5.2338e-39 -2.49091e-40  8.70383e-39  2.07132e-40 -1.15381e-38 -1.55574e-40  8.20796e-39  1.04864e-40 -4.67915e-39 -6.29583e-41  2.56189e-39  3.33704e-41 -1.34776e-39 -1.54506e-41  6.16655e-40   6.1684e-42  -2.3168e-40 -2.08917e-42   7.1139e-41  5.87645e-43  -1.7771e-41 -1.33317e-43   3.4602e-42  2.33563e-44 -4.85279e-43 -2.94017e-45  4.37359e-44  2.30436e-46 -1.99749e-45 -7.26973e-48
  1.8357e-50 -9.42733e-35 -6.73011e-50  1.63497e-34 -1.10811e-49 -7.69181e-35  1.96839e-49 -4.58554e-36  -2.0146e-48 -6.13801e-36 -6.03677e-48  7.06923e-36  9.06849e-47 -7.65451e-36 -2.09829e-46 -1.55296e-36  -2.4042e-46   6.4874e-36  3.33114e-45 -2.20798e-36 -4.77082e-45 -2.67405e-36  8.19038e-45   4.6781e-36 -1.20531e-44 -3.00686e-36 -5.28068e-44  6.45392e-37  4.60939e-44 -1.97522e-37 -2.99636e-43  1.38421e-36 -7.30007e-44 -1.05996e-36 -1.43921e-42  2.17319e-37   -9.467e-43  1.62248e-37  2.59942e-43  -5.0737e-38 -4.65019e-42  3.68469e-39 -2.63573e-42  9.56271e-39 -4.36095e-42 -2.12028e-38 -1.53795e-42  2.20748e-38 -9.15581e-44 -1.27179e-38 -8.07518e-42  7.11172e-39  9.41748e-43 -1.58443e-39 -4.88506e-42  2.93051e-40  2.33253e-42 -1.88706e-39 -1.72138e-42  7.87383e-39  2.94228e-43 -2.44106e-38 -2.88539e-43  6.75969e-38  6.51356e-43 -1.72514e-37 -7.14861e-43  4.04296e-37  2.25348e-42 -8.67469e-37 -5.79177e-42  1.69719e-36  1.35862e-41 -3.01305e-36 -2.97457e-41  4.82454e-36  6.10422e-41 -6.91497e-36 -1.17094e-40  8.78557e-36  2.09846e-40 -9.76599e-36 -3.50766e-40   9.3236e-36  5.45893e-40 -7.42934e-36 -7.89304e-40   4.6963e-36  1.05775e-39  -2.0959e-36 -1.31017e-39  3.94883e-37  1.49528e-39  2.51925e-37 -1.56684e-39 -2.28621e-37  1.50133e-39  3.37027e-38 -1.30938e-39  6.77582e-38  1.03391e-39 -6.63834e-38 -7.34639e-40  3.70094e-38  4.66384e-40 -1.83766e-38 -2.62346e-40  1.00462e-38  1.29471e-40 -5.27505e-39 -5.53941e-41  2.25586e-39  2.02477e-41 -7.67292e-40 -6.20604e-42  2.14069e-40  1.55613e-42 -4.84929e-41 -3.08264e-43  8.28136e-42  4.57069e-44 -9.63441e-43 -4.60538e-45  6.59088e-44  2.51683e-46 -1.70102e-45
 1.66584e-35  5.80068e-50 -9.60585e-35 -1.10811e-49  1.48504e-34  -6.0363e-50  -6.5649e-35  1.83088e-49  1.25108e-35 -1.16104e-47 -2.33947e-35 -4.03238e-47  1.58111e-35  5.05421e-46 -1.71851e-35  -1.1387e-45  2.53555e-36 -1.29764e-45   3.9311e-36    1.431e-44  1.73322e-36 -2.58444e-44 -7.08998e-36  3.43265e-44  8.29484e-36 -9.70853e-44  -5.0792e-36 -2.41267e-43    1.212e-36  8.63216e-44  5.00048e-38 -1.59253e-42  2.01257e-36 -5.87205e-43 -1.47957e-36 -5.46938e-42  1.78318e-37 -3.61673e-42  3.24154e-37 -2.56966e-43 -9.73744e-38 -1.85728e-41  2.90769e-38 -1.00018e-41  1.71515e-38 -1.64191e-41 -4.13632e-38 -6.20682e-42  3.67752e-38 -1.60149e-42 -2.00078e-38 -2.53601e-41  1.29071e-38  1.82753e-42 -5.69941e-39 -1.47621e-41  1.20969e-38  5.89035e-42  -4.2601e-38 -5.34786e-42  1.36058e-37  1.29316e-42 -3.93822e-37 -1.66794e-42  1.04709e-36  3.28456e-42 -2.56054e-36  -6.8465e-42  5.74157e-36  1.80492e-41  -1.1763e-35 -4.40451e-41  2.19208e-35  9.97704e-41 -3.69556e-35 -2.11549e-40  5.59802e-35  4.19988e-40 -7.55376e-35 -7.79392e-40  8.97688e-35  1.35025e-39 -9.24926e-35    -2.18e-39  8.07252e-35  3.27355e-39  -5.7421e-35 -4.56151e-39  3.07911e-35  5.88294e-39 -9.80711e-36 -7.00145e-39 -9.90475e-37  7.66335e-39  3.17193e-36 -7.68442e-39 -1.54694e-36  7.02828e-39 -3.84432e-38 -5.83356e-39  4.72018e-37   4.3685e-39 -3.01332e-37 -2.93162e-39  1.20492e-37  1.74918e-39 -5.51848e-38 -9.19316e-40  3.37246e-38  4.20886e-40 -1.75664e-38 -1.65596e-40  6.75081e-39  5.50538e-41 -2.04976e-39 -1.51333e-41  5.24975e-40  3.33975e-42 -1.07649e-40 -5.66964e-43  1.57196e-41  6.90525e-44 -1.46081e-42 -5.25463e-45  6.98353e-44  1.62901e-46
 1.11843e-50   9.4837e-36  1.16462e-49 -7.69181e-35  -6.0363e-50  1.37248e-34  4.83063e-49 -7.29154e-35 -2.28005e-48   3.8075e-35    -5.29e-47 -4.00758e-35 -2.45693e-46  3.02944e-35  2.45851e-45 -3.34983e-35 -5.51917e-45  9.84251e-36 -6.80982e-45 -8.30691e-37  5.36663e-44  7.05801e-36 -1.26826e-43 -1.26299e-35  1.10682e-43  1.19523e-35 -5.28767e-43  -6.8802e-36 -9.56166e-43  1.71971e-36 -3.81755e-44  4.68971e-37 -6.99317e-42  2.66524e-36 -3.25375e-42 -1.87298e-36 -1.80778e-41  4.49706e-38 -1.23475e-41  5.16697e-37 -4.22891e-42 -1.63698e-37 -6.42171e-41  8.83143e-38 -3.31949e-41  2.24576e-38 -5.33944e-41  -6.7259e-38 -1.99381e-41   5.2616e-38 -7.37737e-42 -3.02481e-38 -6.85268e-41  3.34063e-38  2.41433e-42 -6.16896e-38  -3.8202e-41  2.04394e-37  1.32701e-41 -6.66327e-37 -1.45189e-41  2.00379e-36  5.34284e-42 -5.55046e-36 -9.12481e-42  1.41518e-35  2.02051e-41 -3.31366e-35  -5.0051e-41  7.10196e-35  1.24889e-40 -1.38761e-34 -2.93157e-40  2.45938e-34  6.42825e-40 -3.93003e-34 -1.32003e-39  5.61865e-34  2.53638e-39 -7.11549e-34 -4.55334e-39  7.87551e-34  7.62528e-39 -7.47329e-34 -1.18898e-38  5.89969e-34  1.72248e-38 -3.66742e-34 -2.31274e-38  1.57047e-34  2.86991e-38 -2.22045e-35 -3.28086e-38 -2.69757e-35  3.44264e-38  2.29748e-35 -3.30186e-38 -6.32404e-36   2.8807e-38 -2.23633e-36 -2.27354e-38  2.61575e-36  1.61281e-38 -9.82619e-37 -1.02068e-38  2.34344e-37   5.7121e-39 -1.35747e-37 -2.79743e-39    1.057e-37   1.1838e-39 -5.06704e-38 -4.26173e-40  1.65719e-38  1.27967e-40 -4.53185e-39  -3.1228e-41  1.09225e-39  5.97411e-42 -1.99104e-40   -8.485e-43  2.38717e-41  8.13724e-44 -1.69057e-42 -4.23191e-45  4.67987e-44
 9.81104e-36  5.12523e-51 -4.50283e-36  1.96839e-49  -6.5649e-35  4.83063e-49   1.4318e-34  3.05661e-48 -9.52964e-35 -2.75543e-47   6.4106e-35 -1.93215e-46 -5.63891e-35 -1.35553e-45  4.99383e-35  1.06535e-44 -5.52747e-35 -2.42894e-44  1.88425e-35 -3.42136e-44 -7.14816e-36  1.79393e-43    1.221e-35 -5.59522e-43  -1.8096e-35  2.47714e-43  1.40299e-35 -2.29118e-42  -7.4636e-36 -3.36489e-42  1.99148e-36  -1.1546e-42  8.03384e-37 -2.64297e-41  3.34024e-36 -1.42975e-41 -2.23969e-36 -5.29299e-41 -1.66813e-37 -3.80329e-41  6.72781e-37 -2.04503e-41  -2.5413e-37 -1.96537e-40  2.04446e-37 -9.79694e-41  1.43515e-38 -1.53396e-40 -9.42064e-38 -5.36829e-41  7.62272e-38 -2.40911e-41 -9.10809e-38  -1.6262e-40  2.61634e-37  7.03343e-43 -8.69175e-37 -8.68395e-41  2.91523e-36  2.79322e-41  -9.0986e-36 -3.69796e-41  2.62266e-35  2.37062e-41 -6.96813e-35 -5.14051e-41  1.70248e-34  1.25825e-40 -3.81371e-34 -3.18415e-40  7.80389e-34    7.681e-40 -1.45218e-33 -1.74282e-39  2.44387e-33   3.7019e-39 -3.69392e-33 -7.36221e-39  4.97079e-33  1.36926e-38 -5.88629e-33 -2.37789e-38  6.03577e-33  3.84921e-38 -5.23144e-33 -5.79629e-38  3.67996e-33  8.10072e-38 -1.93036e-33 -1.04795e-37  5.71283e-34  1.25107e-37  1.10316e-34 -1.37355e-37 -2.31305e-34  1.38134e-37  1.14022e-34 -1.26669e-37 -8.00376e-36  1.05359e-37 -2.03233e-35 -7.90062e-38  1.06048e-35  5.30358e-38 -1.56794e-36 -3.16075e-38 -4.19437e-38  1.65596e-38 -3.58691e-37 -7.53732e-39  3.21349e-37  2.93767e-39 -1.22662e-37 -9.62795e-40  3.27155e-38   2.5919e-40 -8.60337e-39 -5.55245e-41  1.98807e-39  9.04317e-42 -3.05784e-40 -1.04137e-42  2.86846e-41  7.37836e-44 -1.45125e-42  -2.1103e-45
-4.44777e-50  1.49549e-35  -2.3556e-49 -4.58554e-36  1.83088e-49 -7.29154e-35  3.05661e-48  1.66637e-34  1.04966e-47 -1.26531e-34 -2.00431e-46  8.63292e-35 -5.37999e-46 -7.17916e-35 -6.75295e-45  7.06894e-35  4.16402e-44 -7.92276e-35 -9.78222e-44  2.79264e-35 -1.60338e-43 -1.47653e-35  5.42849e-43  1.57772e-35 -2.21661e-42 -2.21343e-35  1.47542e-43  1.25649e-35 -8.38673e-42  -5.9384e-36  -1.0681e-41  1.84583e-36 -6.04507e-42  6.95507e-37 -8.81788e-41  4.04404e-36 -5.28684e-41 -2.62521e-36 -1.38852e-40 -4.02906e-37 -1.06221e-40  6.96375e-37 -7.10749e-41 -3.79323e-37 -5.40616e-40  4.06683e-37 -2.60192e-40  -1.8749e-38 -3.95733e-40 -1.48347e-37 -1.24245e-40  2.74748e-37 -6.44637e-41 -9.01242e-37 -3.43529e-40  3.32082e-36 -7.38266e-42 -1.15332e-35 -1.77231e-40  3.73781e-35  5.96185e-41 -1.12065e-34 -9.89449e-41  3.10068e-34  1.16375e-40 -7.89951e-34  -2.8892e-40    1.848e-33  7.33266e-40 -3.95647e-33 -1.82185e-39   7.7204e-33  4.26196e-39 -1.36623e-32  -9.3641e-39  2.17906e-32  1.92706e-38 -3.10797e-32 -3.71177e-38  3.92405e-32  6.68239e-38 -4.32586e-32 -1.12264e-37  4.08225e-32  1.75668e-37 -3.19601e-32 -2.55475e-37  1.95842e-32  3.44451e-37 -8.10715e-33 -4.29332e-37  8.61588e-34  4.93088e-37  1.65685e-33 -5.19865e-37 -1.31798e-33  5.00979e-37  3.65926e-34 -4.39092e-37  9.82153e-35  3.48022e-37 -1.11409e-34 -2.47786e-37  2.62615e-35  1.57246e-37  4.68658e-36 -8.81285e-38  -1.8213e-36  4.31431e-38 -1.37712e-36 -1.82037e-38   8.8783e-37  6.51114e-39 -2.27103e-37 -1.93279e-39  5.12133e-38  4.62909e-40 -1.50435e-38 -8.59855e-41  3.17568e-39  1.16687e-41 -3.77706e-40 -1.04438e-42  2.68412e-41  4.91356e-44 -8.29236e-43
-5.17899e-36 -1.55343e-49  8.83382e-36  -2.0146e-48  1.25108e-35 -2.28005e-48 -9.52964e-35  1.04966e-47   2.0462e-34  6.38463e-48 -1.61363e-34 -1.13651e-45  1.02214e-34 -8.82546e-46 -8.38434e-35 -3.03894e-44  8.70288e-35    1.479e-43 -1.01713e-34 -3.61802e-43  3.66517e-35 -6.89373e-43 -2.41377e-35  1.50769e-42  1.72643e-35 -7.91129e-42 -2.36822e-35  -2.0413e-42  5.94095e-36 -2.67184e-41 -1.85978e-36 -3.09297e-41  1.04678e-36 -2.21727e-41 -1.21782e-37 -2.64224e-40  4.75965e-36 -1.69904e-40 -3.11178e-36 -3.28622e-40 -5.75938e-37 -2.69811e-40  4.90065e-37  -2.0346e-40 -5.58014e-37 -1.35139e-39  7.06803e-37 -6.27552e-40  1.87808e-38 -9.28225e-40  -7.6359e-37 -2.49851e-40   2.9623e-36 -1.49514e-40  -1.1476e-35  -6.5205e-40  4.16842e-35 -2.66138e-41 -1.40351e-34 -3.35014e-40  4.37544e-34  1.48985e-40 -1.26011e-33 -3.17377e-40  3.34545e-33  5.95503e-40 -8.16711e-33 -1.55015e-39  1.82776e-32  3.92304e-39 -3.73585e-32 -9.47837e-39  6.94231e-32  2.15052e-38 -1.16637e-31 -4.57819e-38  1.75933e-31  9.12889e-38  -2.3613e-31 -1.70308e-37  2.78673e-31  2.96828e-37 -2.84444e-31 -4.82468e-37  2.44923e-31  7.29887e-37 -1.70494e-31 -1.02532e-36  8.76313e-32  1.33387e-36 -2.41974e-32  -1.6021e-36 -6.75063e-33  1.77031e-36  1.14116e-32 -1.79238e-36 -5.37631e-33  1.65499e-36  3.27644e-34  -1.3861e-36  9.08437e-34  1.04642e-36 -4.02655e-34 -7.06893e-37 -3.12379e-36  4.23647e-37  4.42603e-35 -2.22961e-37 -3.35294e-36  1.01788e-37 -5.76798e-36 -3.97053e-38  1.90275e-36  1.29846e-38 -2.51138e-37  -3.4724e-39  7.04274e-38  7.33876e-40 -2.58957e-38 -1.16592e-40  4.22476e-39  1.28438e-41 -3.56553e-40 -8.41251e-43  1.94342e-41  2.10033e-44
 1.39813e-49 -3.02976e-36 -8.65174e-49 -6.13801e-36 -1.16104e-47   3.8075e-35 -2.75543e-47 -1.26531e-34  6.38463e-48  2.54735e-34 -2.16795e-46 -1.95979e-34  -5.4098e-45  1.10586e-34  1.29435e-45 -8.97322e-35 -1.23933e-43  9.45014e-35  4.79298e-43 -1.20217e-34 -1.23096e-42   4.5807e-35 -2.70479e-42 -3.61685e-35  3.90006e-42  1.74685e-35 -2.55681e-41 -2.23629e-35 -1.38871e-41 -6.31952e-36 -7.53226e-41  4.46519e-36 -8.24603e-41 -7.25601e-37 -6.59293e-41 -1.68086e-36 -7.19963e-40  5.46374e-36 -4.84078e-40  -3.8089e-36 -7.04169e-40 -5.72164e-37 -6.24518e-40 -1.70013e-38 -5.05623e-40 -7.60251e-37 -3.09545e-39  7.93136e-37 -1.38462e-39  1.73011e-36 -1.99888e-39 -9.00883e-36 -4.35863e-40  3.67296e-35 -3.09406e-40 -1.38711e-34  -1.1205e-39   4.8554e-34  -5.0445e-41 -1.57352e-33 -6.27949e-40  4.71478e-33  4.89239e-40 -1.30367e-32 -1.24847e-39  3.31892e-32  2.97216e-39 -7.75767e-32 -7.74314e-39   1.6592e-31  1.92057e-38 -3.23374e-31 -4.50211e-38  5.71414e-31  9.90502e-38 -9.09725e-31  -2.0437e-37  1.29459e-30  3.94901e-37 -1.62978e-30 -7.13691e-37  1.78975e-30  1.20446e-36 -1.67992e-30 -1.89466e-36  1.30463e-30  2.77199e-36 -7.88317e-31 -3.76259e-36  3.15559e-31  4.72466e-36 -2.27009e-32 -5.47014e-36 -7.38303e-32  5.81711e-36  5.49296e-32 -5.65691e-36 -1.41578e-32  5.00493e-36  -4.5359e-33 -4.00495e-36   4.4486e-33  2.87867e-36 -7.80205e-34 -1.84373e-36 -3.84425e-34  1.04231e-36  1.59419e-34 -5.14273e-37  1.89493e-35  2.18444e-37 -1.85175e-35 -7.85342e-38  2.15284e-36  2.33831e-38  3.79625e-38 -5.60023e-39  1.26333e-37  1.03503e-39 -4.17397e-38 -1.38439e-40  4.12207e-39  1.19735e-41 -2.51567e-40 -5.21207e-43  1.03058e-41
-1.00342e-36  1.64558e-48  1.54466e-36 -6.03677e-48 -2.33947e-35    -5.29e-47   6.4106e-35 -2.00431e-46 -1.61363e-34 -2.16795e-46   3.1633e-34 -2.00584e-45  -2.2932e-34 -2.23864e-44    1.129e-34  1.88168e-44 -8.76832e-35 -4.60202e-43  9.12889e-35  1.41885e-42 -1.33765e-34   -3.856e-42  5.62043e-35 -9.70104e-42 -5.16071e-35  9.56096e-42  1.82295e-35 -7.52239e-41 -1.86442e-35 -6.03603e-41 -2.30628e-35   -1.896e-40  1.19081e-35 -2.04138e-40 -3.80269e-36  -1.6601e-40 -3.80259e-36 -1.80071e-39  6.21147e-36 -1.23878e-39 -4.85529e-36 -1.36681e-39 -2.33495e-37 -1.31821e-39 -9.87667e-37 -1.12185e-39 -1.14474e-37 -6.53888e-39 -3.77681e-36 -2.81132e-39   2.5228e-35 -3.98271e-39 -1.09081e-34  -6.4715e-40  4.28298e-34 -5.79307e-40 -1.55733e-33 -1.76277e-39  5.24524e-33 -1.47942e-42 -1.63451e-32 -1.34197e-39  4.70472e-32  1.97188e-39 -1.24826e-31 -5.40343e-39  3.04503e-31  1.39222e-38 -6.80857e-31 -3.55902e-38  1.39015e-30  8.59303e-38 -2.57998e-30 -1.95332e-37  4.32773e-30   4.1669e-37   -6.515e-30 -8.33448e-37  8.72227e-30    1.561e-36 -1.02601e-29 -2.73385e-36   1.0426e-29  4.46951e-36 -8.91963e-30 -6.80763e-36  6.14504e-30  9.63784e-36 -3.09414e-30 -1.26487e-35  7.92473e-31  1.53404e-35  2.98532e-31 -1.71312e-35 -4.31378e-31  1.75424e-35  1.92048e-31 -1.63923e-35 -5.78582e-33     1.39e-35  -3.5091e-32 -1.06267e-35  1.39491e-32  7.26967e-36  1.03047e-33 -4.41085e-36 -2.00472e-33  2.34902e-36  2.46392e-34 -1.08439e-36  1.49283e-34  4.27368e-37 -3.65183e-35 -1.41077e-37  -2.9125e-36  3.80512e-38  5.11657e-37  -8.1044e-39  3.14889e-37  1.29579e-39 -5.15717e-38 -1.43071e-40  2.22608e-39  9.26575e-42 -1.55571e-40 -2.18988e-43
-3.71553e-49 -2.29442e-36   1.3719e-47  7.06923e-36 -4.03238e-47 -4.00758e-35 -1.93215e-46  8.63292e-35 -1.13651e-45 -1.95979e-34 -2.00584e-45  3.91527e-34 -1.20426e-44 -2.64741e-34 -8.21755e-44  1.13182e-34  1.00514e-43 -7.66802e-35 -1.56399e-42  7.84306e-35  3.82861e-42 -1.42151e-34 -1.11241e-41  6.71969e-35 -3.19699e-41 -7.05056e-35  2.26779e-41   2.1588e-35 -2.02463e-40 -1.36482e-35 -2.12269e-40 -4.16168e-35 -4.27504e-40  1.87435e-35 -4.73539e-40 -8.33124e-36 -3.57078e-40 -6.29812e-36 -4.16439e-39   7.2611e-36 -2.87231e-39 -6.48104e-36 -2.39619e-39  9.89599e-37 -2.53485e-39 -4.59418e-36 -2.26294e-39  1.27488e-35 -1.28028e-38 -6.63497e-35 -5.27815e-39  3.01974e-34 -7.38818e-39 -1.23276e-33 -7.71005e-40  4.65537e-33 -9.76384e-40 -1.62903e-32 -2.62068e-39  5.27748e-32  5.23881e-40 -1.58057e-31 -3.74303e-39  4.36794e-31  8.37772e-39 -1.11127e-30 -2.31133e-38  2.59545e-30  6.00362e-38  -5.5459e-30 -1.49432e-37  1.07966e-29  3.50284e-37 -1.90515e-29 -7.72035e-37  3.02792e-29  1.59703e-36 -4.29958e-29 -3.09757e-36  5.39766e-29  5.62595e-36 -5.90533e-29 -9.55399e-36  5.51387e-29  1.51428e-35 -4.24793e-29 -2.23531e-35  2.53073e-29  3.06547e-35 -9.77914e-30 -3.89418e-35  3.43067e-31  4.56683e-35  2.59219e-30 -4.92468e-35 -1.81095e-30  4.86084e-35  4.22957e-31 -4.36821e-35  1.74813e-31  3.55204e-35 -1.49182e-31 -2.59493e-35  2.14947e-32    1.689e-35  1.49884e-32 -9.69944e-36 -5.69886e-33  4.85809e-36 -5.37291e-34 -2.09303e-36  5.07072e-34  7.62652e-37 -1.15902e-35 -2.30055e-37 -1.88503e-35  5.58494e-38 -4.36189e-37 -1.04841e-38  6.52693e-37  1.43005e-39 -3.06419e-38  -1.2682e-40   4.3005e-41  5.67302e-42 -1.02668e-40
 5.32537e-37 -4.29383e-48  -3.6706e-36  9.06849e-47  1.58111e-35 -2.45693e-46 -5.63891e-35 -5.37999e-46  1.02214e-34  -5.4098e-45  -2.2932e-34 -1.20426e-44  4.85775e-34 -5.82893e-44 -3.09553e-34 -2.71076e-43  1.15291e-34  4.00721e-43 -5.53375e-35 -4.88727e-42  5.91257e-35  9.34669e-42 -1.44642e-34 -2.95358e-41  7.60434e-35 -9.74436e-41 -9.19264e-35  5.32085e-41  2.86599e-35 -5.00637e-40 -8.65951e-36  -6.4705e-40 -5.85282e-35 -8.60914e-40  2.30932e-35 -1.03997e-39 -1.40164e-35 -6.42889e-40  -9.2544e-36 -8.95758e-39    9.275e-36 -6.06839e-39 -9.78425e-36 -3.76442e-39  8.43995e-36 -4.42395e-39 -3.79824e-35 -4.20677e-39  1.70224e-34 -2.33275e-38 -7.83002e-34 -9.19901e-39  3.32157e-33 -1.28223e-38  -1.3024e-32 -5.94562e-40  4.73376e-32 -1.40437e-39  -1.5938e-31  -4.0516e-39  4.96452e-31  3.22446e-39 -1.42828e-30 -1.28883e-38  3.78731e-30  3.40585e-38 -9.23255e-30 -9.22264e-38  2.06267e-29  2.35223e-37 -4.20731e-29 -5.68238e-37   7.7989e-29  1.29175e-36 -1.30626e-28 -2.76046e-36  1.96278e-28   5.5386e-36 -2.62147e-28 -1.04228e-35  3.07392e-28  1.83724e-35 -3.11008e-28 -3.02868e-35  2.64386e-28   4.6603e-35 -1.80262e-28 -6.67809e-35  8.88605e-29  8.88757e-35 -2.08994e-29 -1.09499e-34 -1.03644e-29  1.24421e-34  1.32104e-29 -1.29813e-34 -5.54579e-30  1.23728e-34  -3.6015e-32 -1.07092e-34  1.11747e-30  8.36003e-35 -4.05991e-31 -5.83926e-35 -4.70279e-32  3.61565e-35  6.37381e-32 -1.96329e-35 -6.85085e-33   9.2298e-36 -4.55419e-33 -3.69944e-36  8.77166e-34  1.24058e-36  1.85014e-34 -3.39822e-37  -3.5246e-35  7.36245e-38 -5.68332e-36 -1.20363e-38  7.73875e-37  1.37361e-39  2.48825e-38 -9.36999e-41   3.9761e-41  2.40135e-42
-6.68787e-49 -8.36248e-37 -3.34122e-47 -7.65451e-36  5.05421e-46  3.02944e-35 -1.35553e-45 -7.17916e-35 -8.82546e-46  1.10586e-34 -2.23864e-44 -2.64741e-34 -5.82893e-44  6.06584e-34 -2.43962e-43 -3.71289e-34 -8.11138e-43   1.1921e-34  1.33489e-42 -2.17053e-35 -1.40949e-41  3.76517e-35  2.02623e-41 -1.38959e-34 -7.20152e-41  7.85239e-35  -2.7663e-40 -1.13837e-34  1.25764e-40  3.86967e-35 -1.14155e-39 -4.52347e-36 -1.76307e-39 -7.06452e-35 -1.52987e-39  2.34177e-35 -2.18751e-39 -1.98949e-35 -8.92083e-40 -1.34576e-35 -1.80086e-38  1.49103e-35 -1.17187e-38  -2.6214e-35  -5.2117e-39  8.35713e-35 -6.94663e-39 -4.09903e-34 -7.29037e-39  1.91513e-33 -3.96798e-38 -8.40655e-33 -1.49309e-38  3.42205e-32  -2.0886e-38  -1.2916e-31  1.31849e-40  4.51816e-31 -1.31305e-39 -1.46319e-30 -7.78814e-39   4.3803e-30  1.42202e-38  -1.2099e-29 -4.62615e-38  3.07632e-29  1.26272e-37 -7.17986e-29 -3.32316e-37  1.53286e-28  8.24016e-37 -2.98098e-28 -1.92844e-36  5.25341e-28  4.24798e-36 -8.33592e-28 -8.80138e-36  1.18125e-27  1.71355e-35 -1.47897e-27 -3.13168e-35  1.61222e-27  5.36564e-35 -1.49762e-27 -8.60407e-35  1.14464e-27  1.28862e-34 -6.72205e-28 -1.79799e-34  2.50174e-28  2.32999e-34  1.35757e-30 -2.79411e-34 -7.48055e-29  3.08732e-34  4.92815e-29 -3.12743e-34 -1.02874e-29  2.88753e-34 -5.48488e-30 -2.41367e-34  4.15897e-30   1.8125e-34 -4.92699e-31 -1.21182e-34 -4.52726e-31  7.13948e-35  1.54579e-31 -3.66189e-35   1.9039e-32  1.61196e-35 -1.39442e-32 -5.98651e-36  -1.9707e-34  1.83656e-36  6.41167e-34 -4.53025e-37 -1.58755e-36  8.65953e-38 -1.43184e-35 -1.21261e-38  5.45159e-38  1.12467e-39     6.04e-38  -5.4503e-41  1.20588e-39
 1.72494e-36 -6.30512e-48 -2.23064e-36 -2.09829e-46 -1.71851e-35  2.45851e-45  4.99383e-35 -6.75295e-45 -8.38434e-35  1.29435e-45    1.129e-34 -8.21755e-44 -3.09553e-34 -2.43962e-43  7.59845e-34 -9.14126e-43 -4.52222e-34 -2.21947e-42  1.19418e-34  3.83899e-42  2.52761e-35 -3.76073e-41  1.81543e-35  3.71871e-41 -1.21105e-34  -1.6042e-40  7.03486e-35 -7.36571e-40 -1.33055e-34  3.01913e-40  4.87407e-35 -2.40846e-39 -1.15041e-36 -4.36664e-39 -7.61145e-35 -2.32553e-39  1.88055e-35 -4.45881e-39 -2.38417e-35 -6.18389e-40 -2.35348e-35 -3.39788e-38   4.7998e-35 -2.06989e-38 -1.85857e-34 -6.12804e-39  9.05783e-34 -9.63254e-39 -4.41259e-33 -1.19037e-38  2.00517e-32 -6.31664e-38 -8.46945e-32 -2.26351e-38    3.319e-31 -3.19533e-38 -1.20596e-30   1.3857e-39  4.05905e-30  1.27771e-39 -1.26389e-29 -1.97987e-38  3.63461e-29  5.17526e-38  -9.6328e-29 -1.53326e-37  2.34679e-28  4.11276e-37 -5.23911e-28 -1.04568e-36  1.06767e-27   2.5067e-36 -1.97689e-27 -5.66953e-36  3.30656e-27  1.20847e-35 -4.95968e-27 -2.42665e-35  6.60904e-27  4.58748e-35 -7.72626e-27 -8.15757e-35  7.78425e-27  1.36272e-34 -6.57608e-27 -2.13472e-34  4.43724e-27  3.12856e-34 -2.13994e-27 -4.27676e-34  4.56143e-28  5.43319e-34  2.94799e-28 -6.38621e-34 -3.38578e-28  6.90922e-34  1.33966e-28 -6.83934e-34  6.17151e-30  6.15222e-34 -2.97199e-29  -4.9901e-34  9.90526e-30  3.61752e-34  1.55931e-30 -2.32036e-34 -1.66259e-30  1.30166e-34  1.38542e-31 -6.30026e-35  1.26029e-31  2.58938e-35 -2.04586e-32 -8.86454e-36 -5.67918e-33  2.46841e-36  9.55403e-34 -5.42198e-37  1.44215e-34  9.00097e-38 -1.51547e-35 -1.05431e-38  -1.3203e-36   7.5843e-40    2.509e-38 -2.16226e-41
 1.10613e-47  4.42998e-36 -4.20368e-47 -1.55296e-36  -1.1387e-45 -3.34983e-35  1.06535e-44  7.06894e-35 -3.03894e-44 -8.97322e-35  1.88168e-44  1.13182e-34 -2.71076e-43 -3.71289e-34 -9.14126e-43  9.44948e-34 -3.13256e-42  -5.4544e-34 -5.60316e-42  1.07021e-34  9.51619e-42  8.36797e-35 -9.29073e-41  3.42581e-36  4.92267e-41 -8.62119e-35 -3.22977e-40  4.84967e-35 -1.85189e-39 -1.45241e-34  7.33296e-40  5.40257e-35 -4.71815e-39  2.70128e-36 -9.92938e-39 -7.48173e-35 -2.76918e-39  8.19797e-36 -8.89188e-39 -1.68742e-35  1.39184e-39 -8.48836e-35 -6.03818e-38  3.69438e-34 -3.33703e-38 -1.90046e-33 -5.53157e-39  9.57474e-33 -1.12971e-38 -4.51694e-32 -1.84983e-38  1.97959e-31 -9.42818e-38 -8.05294e-31 -3.21519e-38  3.03866e-30 -4.57886e-38 -1.06267e-29  2.16737e-39  3.44035e-29  1.15212e-38 -1.02954e-28 -5.44791e-38  2.84249e-28  1.54688e-37 -7.22356e-28 -4.29387e-37  1.68483e-27  1.10622e-36 -3.59421e-27 -2.69082e-36  6.98305e-27   6.1804e-36 -1.22917e-26 -1.34188e-35  1.94747e-26  2.75474e-35 -2.75437e-26 -5.35004e-35  3.43978e-26  9.83119e-35 -3.73668e-26 -1.70867e-34  3.45371e-26  2.80534e-34 -2.61899e-26 -4.34143e-34  1.51583e-26  6.31217e-34 -5.41966e-27 -8.58501e-34 -2.72394e-28  1.08647e-33  1.82319e-27 -1.27159e-33 -1.13691e-27  1.36692e-33  2.09016e-28 -1.33951e-33  1.43347e-28  1.18681e-33 -9.81099e-29  -9.4221e-34  9.14108e-30    6.636e-34  1.14713e-29 -4.09992e-34 -3.50855e-30  2.19358e-34 -5.70378e-31 -1.00115e-34  3.36288e-31  3.82853e-35  1.21461e-32 -1.20032e-35 -1.61153e-32  3.00263e-36 -1.22116e-34 -5.78437e-37  3.39673e-34  8.15704e-38  5.02974e-36 -7.71442e-39 -1.81069e-36  3.95578e-40 -2.40126e-38
-1.62923e-36  1.02625e-46  6.48648e-36  -2.4042e-46  2.53555e-36 -5.51917e-45 -5.52747e-35  4.16402e-44  8.70288e-35 -1.23933e-43 -8.76832e-35  1.00514e-43  1.15291e-34 -8.11138e-43 -4.52222e-34 -3.13256e-42  1.15154e-33 -9.96296e-42 -6.35442e-34 -1.32132e-41  7.47991e-35  1.95027e-41  1.47591e-34 -2.12245e-40 -6.07626e-36  2.95894e-42 -3.00482e-35 -5.74214e-40  1.18276e-35 -4.42366e-39 -1.45098e-34  1.78083e-39  4.89988e-35 -8.61924e-39   9.1201e-36 -2.08582e-38 -6.68131e-35 -1.68507e-39 -2.01879e-35 -1.74351e-38  8.41743e-35  7.58464e-39 -6.91719e-34 -1.01359e-37  3.75757e-33 -4.88083e-38 -1.96678e-32 -2.25068e-39  9.62735e-32 -9.85332e-39 -4.37903e-31 -2.76069e-38  1.84902e-30  -1.3213e-37 -7.24418e-30 -4.29159e-38  2.63159e-29 -6.12334e-38 -8.85517e-29  4.23623e-40  2.75644e-28   3.5886e-38  -7.9238e-28 -1.23963e-37   2.0991e-27  3.37771e-37 -5.11116e-27 -8.59278e-37  1.14029e-26  2.03747e-36 -2.32189e-26   -4.547e-36  4.29483e-26  9.59275e-36 -7.17437e-26 -1.92363e-35  1.07436e-25  3.68946e-35 -1.42859e-25 -6.81583e-35  1.66527e-25  1.21963e-34 -1.67097e-25 -2.11824e-34    1.403e-25  3.55986e-34 -9.36905e-26 -5.74306e-34  4.41737e-26  8.79599e-34 -8.39038e-27 -1.26356e-33  -7.0649e-27  1.68283e-33  7.42691e-27 -2.05614e-33 -2.76807e-27  2.28311e-33 -2.45374e-28 -2.28357e-33  6.74033e-28  2.03949e-33 -2.05983e-28 -1.61162e-33 -4.20294e-29  1.11546e-33  3.70769e-29 -6.68478e-34 -2.18198e-30   3.4219e-34 -2.99226e-30 -1.47204e-34  4.14468e-31  5.21651e-35  1.40181e-31 -1.48545e-35 -2.01787e-32   3.2929e-36 -3.59401e-33 -5.44772e-37  3.03508e-34  6.31945e-38  3.54078e-35 -4.56147e-39 -5.84421e-37  1.37273e-40
-1.39978e-47 -3.30266e-36  6.55295e-46   6.4874e-36 -1.29764e-45  9.84251e-36 -2.42894e-44 -7.92276e-35    1.479e-43  9.45014e-35 -4.60202e-43 -7.66802e-35  4.00721e-43   1.1921e-34 -2.21947e-42  -5.4544e-34 -9.96296e-42   1.3605e-33 -2.97277e-41  -7.0371e-34 -2.96534e-41  2.23989e-35  2.79516e-41  2.08172e-34  -4.4644e-40  -1.2559e-35 -2.81537e-40  4.94454e-35 -8.51036e-40 -3.91309e-35 -1.00939e-38 -1.27006e-34  4.26646e-39  2.88896e-35 -1.47759e-38  1.82078e-35 -4.06212e-38 -3.43835e-35  3.16203e-39 -2.06189e-34 -3.35827e-38  1.16831e-33  2.21375e-38    -7.03e-33 -1.61101e-37  3.82983e-32 -6.39512e-38 -1.94571e-31  4.64065e-39  9.18497e-31  -2.4448e-39 -4.02537e-30 -3.98059e-38  1.63724e-29 -1.74145e-37 -6.17676e-29  -5.3539e-38  2.15965e-28 -7.79185e-38 -6.99001e-28  1.06829e-39  2.09115e-27  5.00438e-38 -5.77136e-27 -1.24738e-37  1.46599e-26  2.25915e-37  -3.4174e-26 -2.33544e-37  7.28524e-26  -3.2336e-37 -1.41421e-25  2.77803e-36  2.48663e-25 -1.01722e-35 -3.93435e-25  2.82323e-35  5.55449e-25 -6.56212e-35  -6.9201e-25  1.31681e-34  7.49249e-25 -2.29544e-34 -6.89159e-25  3.43936e-34  5.18563e-25   -4.277e-34 -2.95759e-25  3.97657e-34  1.01308e-25 -1.53711e-34  1.01412e-26 -3.72866e-34 -3.82738e-26   1.1577e-33  2.26635e-26 -2.04776e-33 -3.59819e-27  2.79333e-33 -3.19395e-27 -3.15232e-33  1.99557e-27  3.01385e-33 -1.34483e-28 -2.45854e-33 -2.50195e-28  1.70904e-33  6.86385e-29  -1.0056e-33  1.41378e-29  4.95173e-34  -7.0035e-30 -2.00802e-34 -3.97846e-31  6.56263e-35   3.4353e-31 -1.67974e-35  7.73576e-33   3.2406e-36 -7.31949e-33  -4.4694e-37 -1.84265e-34  4.06059e-38  3.98095e-35 -2.02385e-39   5.8295e-37
 5.06422e-37 -1.20622e-46 -3.84464e-36  3.33114e-45   3.9311e-36 -6.80982e-45  1.88425e-35 -9.78222e-44 -1.01713e-34  4.79298e-43  9.12889e-35 -1.56399e-42 -5.53375e-35  1.33489e-42  1.19418e-34 -5.60316e-42 -6.35442e-34 -2.97277e-41   1.5496e-33  -8.3894e-41 -7.36892e-34 -6.50277e-41 -4.11246e-35 -1.53775e-42   2.5629e-34 -8.56502e-40 -2.02644e-35 -1.31412e-39  1.51261e-34 -8.56662e-40 -1.02786e-34 -2.20971e-38 -8.64962e-35  9.97274e-39 -5.50626e-36 -2.40073e-38  2.82072e-38 -7.34436e-38  2.50757e-34  1.52871e-38 -2.06489e-33 -6.31756e-38  1.24323e-32  5.11499e-38 -7.07971e-32  -2.4282e-37  3.73485e-31 -7.31269e-38 -1.82982e-30  1.52501e-38   8.3231e-30  1.38192e-38 -3.51402e-29 -5.54348e-38  1.37655e-28 -2.16709e-37 -4.99972e-28 -5.95898e-38  1.68203e-27 -1.06328e-37 -5.23452e-27  5.58169e-38  1.50428e-26 -1.46017e-37 -3.98352e-26  6.45191e-37   9.6951e-26  -2.4339e-36 -2.16172e-25  8.10161e-36  4.39861e-25 -2.41166e-35 -8.12883e-25  6.49957e-35  1.35633e-24 -1.59605e-34 -2.02807e-24  3.58195e-34  2.69138e-24 -7.35201e-34 -3.12876e-24  1.37849e-33  3.12728e-24 -2.35446e-33 -2.61019e-24  3.64628e-33  1.72515e-24 -5.08403e-33 -7.94664e-25  6.31349e-33  1.31509e-25 -6.86149e-33  1.45596e-25  6.32014e-33 -1.41783e-25 -4.58787e-33  4.97284e-26  2.02053e-33  6.70614e-27  6.49635e-34  -1.3268e-26 -2.63546e-33   3.7114e-27   3.4777e-33  9.54195e-28 -3.23561e-33 -7.20023e-28  2.36425e-33  2.52151e-29 -1.39535e-33  6.14346e-29  6.66733e-34 -7.19265e-30 -2.55076e-34 -2.98069e-30  7.64499e-35  3.63888e-31 -1.73622e-35  7.86104e-32  2.84615e-36 -5.42741e-33  -3.1341e-37 -7.72829e-34  2.05663e-38  9.29078e-36 -5.65415e-40
 1.70788e-47  7.74372e-37 -8.03799e-46 -2.20798e-36    1.431e-44 -8.30691e-37 -3.42136e-44  2.79264e-35 -3.61802e-43 -1.20217e-34  1.41885e-42  7.84306e-35 -4.88727e-42 -2.17053e-35  3.83899e-42  1.07021e-34 -1.32132e-41  -7.0371e-34  -8.3894e-41  1.70162e-33 -2.25264e-40 -7.33578e-34 -1.43595e-40 -9.87065e-35  -2.0512e-40  2.85211e-34 -1.46945e-39 -3.39814e-35 -4.38295e-39  2.71309e-34  2.65929e-40 -1.76455e-34 -4.65549e-38 -2.66659e-35  2.25702e-38 -6.06798e-36 -3.75502e-38 -4.05285e-34 -1.23177e-37  3.24822e-33  3.92913e-38 -2.11084e-32  -1.1512e-37  1.24414e-31  1.02075e-37  -6.8184e-31 -3.47174e-37  3.46744e-30 -6.86232e-38 -1.63692e-29  2.84862e-38  7.17338e-29  4.04202e-38 -2.91733e-28  -7.4303e-38  1.10047e-27 -2.55517e-37 -3.84707e-27 -5.35962e-38  1.24491e-26 -1.76096e-37  -3.7234e-26  3.14852e-37  1.02731e-25 -1.16691e-36 -2.60851e-25  4.41352e-36   6.0779e-25 -1.49449e-35 -1.29493e-24   4.6005e-35  2.51185e-24 -1.29371e-34 -4.41241e-24  3.33726e-34  6.97267e-24  -7.9126e-34 -9.82784e-24  1.72523e-33  1.22168e-23 -3.45694e-33  -1.3186e-23  6.35535e-33  1.20721e-23 -1.06917e-32   -9.015e-24   1.6399e-32   5.0662e-24 -2.28182e-32 -1.65761e-24  2.86098e-32 -2.58192e-25  -3.2023e-32  7.02583e-25  3.15641e-32 -3.96122e-25 -2.68053e-32  5.28348e-26  1.88346e-32  6.17762e-26 -9.92994e-33 -3.55387e-26  2.52719e-33  1.46041e-27  1.90662e-33  4.76827e-27 -3.36318e-33 -1.17438e-27  2.90021e-33 -2.97931e-28  -1.7854e-33  1.27399e-28  8.38871e-34  1.00025e-29 -3.03182e-34 -6.40989e-30  8.27774e-35 -2.42249e-31 -1.64203e-35  1.38735e-31  2.21666e-36  4.75313e-33 -1.82586e-37 -7.46628e-34  7.43478e-39 -1.30073e-35
 1.15604e-37  2.03124e-46 -6.21265e-38 -4.77082e-45  1.73322e-36  5.36663e-44 -7.14816e-36 -1.60338e-43  3.66517e-35 -1.23096e-42 -1.33765e-34  3.82861e-42  5.91257e-35 -1.40949e-41  2.52761e-35  9.51619e-42  7.47991e-35 -2.96534e-41 -7.36892e-34 -2.25264e-40  1.81118e-33 -5.77901e-40 -7.06348e-34 -3.26146e-40 -1.29928e-34 -9.94919e-40  2.92044e-34  -2.1533e-39 -5.72199e-35 -1.24577e-38  4.02457e-34  4.54484e-39 -2.49544e-34 -9.45706e-38 -1.75079e-35  4.92154e-38  5.66679e-34 -5.78075e-38 -5.00406e-33 -1.90951e-37  3.38767e-32  7.99915e-38 -2.08374e-31 -2.01529e-37  1.18539e-30  1.81921e-37 -6.25789e-30 -4.70097e-37  3.06621e-29 -4.28735e-38 -1.39463e-28  4.19485e-38  5.88769e-28   7.7308e-38 -2.30617e-27 -1.03185e-37   8.3752e-27 -2.56981e-37 -2.81721e-26  -1.2301e-37  8.76558e-26  -4.6578e-38 -2.51844e-25  2.46287e-37  6.66716e-25  -2.1621e-36 -1.62205e-24  1.10045e-35  3.61498e-24 -4.30113e-35 -7.35123e-24  1.43493e-34  1.35748e-23 -4.23565e-34 -2.26272e-23  1.12536e-33  3.37882e-23 -2.71445e-33 -4.47577e-23  5.96996e-33  5.18998e-23 -1.19928e-32 -5.16845e-23  2.20063e-32  4.28911e-23 -3.68358e-32 -2.80604e-23  5.61039e-32  1.26201e-23 -7.74607e-32 -1.76376e-24   9.6444e-32 -2.62079e-24 -1.07526e-31  2.38661e-24  1.06312e-31 -7.86673e-25 -9.19208e-32 -1.45878e-25  6.80077e-32   2.2985e-25 -4.14113e-32 -5.87085e-26  1.89908e-32   -1.865e-26 -4.61249e-33  1.23313e-26  -1.8222e-33 -1.43081e-28  3.03323e-33  -1.1068e-27 -2.10577e-33  1.07557e-28  9.91551e-34  5.56378e-29 -3.38978e-34 -5.72658e-30  8.36404e-35 -1.50312e-30 -1.42281e-35  8.43089e-32  1.51954e-36  1.46983e-32 -8.44284e-38  -1.1195e-34  1.48196e-39
 6.98296e-47  6.12313e-37  1.50786e-45 -2.67405e-36 -2.58444e-44  7.05801e-36  1.79393e-43 -1.47653e-35 -6.89373e-43   4.5807e-35   -3.856e-42 -1.42151e-34  9.34669e-42  3.76517e-35 -3.76073e-41  8.36797e-35  1.95027e-41  2.23989e-35 -6.50277e-41 -7.33578e-34 -5.77901e-40  1.88721e-33 -1.42009e-39 -6.78118e-34 -7.61541e-40 -1.16958e-34 -3.45859e-39  2.77504e-34 -2.33788e-39 -9.00335e-35 -3.18524e-38  5.26509e-34  1.62219e-38 -2.24411e-34 -1.85362e-37 -8.23456e-34  1.03075e-37  7.32483e-33 -8.98406e-38 -5.19592e-32 -2.71483e-37  3.32396e-31  1.40805e-37 -1.96489e-30  -3.3661e-37  1.07686e-29  2.93987e-37 -5.47663e-29 -6.00201e-37  2.58538e-28  8.53056e-39 -1.13293e-27  4.79569e-38  4.60721e-27  1.43467e-37 -1.73778e-26   -2.429e-37  6.07439e-26  1.51669e-37 -1.96541e-25 -1.46921e-36  5.87732e-25  3.87946e-36 -1.62123e-24 -1.00207e-35   4.1154e-24   2.1582e-35 -9.58544e-24 -3.53779e-35  2.04126e-23  2.46198e-35 -3.95707e-23  1.12864e-34  6.94546e-23 -6.68686e-34 -1.09636e-22  2.33238e-33  1.54302e-22 -6.48972e-33  -1.9142e-22  1.55065e-32  2.06001e-22  -3.2731e-32 -1.87765e-22  6.18121e-32  1.39184e-22 -1.05025e-31 -7.70677e-23  1.60819e-31  2.40089e-23 -2.21712e-31  5.23894e-24  2.74344e-31 -1.14133e-23 -3.03111e-31  6.14149e-24  2.96756e-31  -6.6083e-25  -2.5465e-31 -1.05169e-24  1.88466e-31  5.60904e-25 -1.17242e-31 -8.02024e-27  5.84508e-32 -8.03448e-26 -2.07674e-32  1.77587e-26  2.84216e-33  5.45611e-27  2.42145e-33 -2.05027e-27 -2.28798e-33 -2.07916e-28   1.1075e-33  1.06062e-28  -3.5809e-34  5.61964e-30  7.90755e-35 -2.32644e-30 -1.12996e-35 -1.01086e-31  9.08439e-37   1.2359e-32 -2.85425e-38   2.5405e-34
-4.05534e-38  2.99423e-46  2.03776e-36  8.19038e-45 -7.08998e-36 -1.26826e-43    1.221e-35  5.42849e-43 -2.41377e-35 -2.70479e-42  5.62043e-35 -1.11241e-41 -1.44642e-34  2.02623e-41  1.81543e-35 -9.29073e-41  1.47591e-34  2.79516e-41 -4.11246e-35 -1.43595e-40 -7.06348e-34 -1.42009e-39  1.95019e-33 -3.34621e-39  -6.7455e-34 -1.78998e-39 -4.95799e-35 -1.01753e-38  2.43642e-34 -4.79322e-40 -1.17567e-34 -7.50079e-38  5.12919e-34   4.3392e-38  9.28891e-34 -3.50508e-37 -1.03293e-32    2.069e-37  7.60304e-32 -1.43626e-37 -5.06035e-31 -3.48496e-37  3.10779e-30  2.21738e-37 -1.76863e-29 -5.33718e-37  9.33702e-29  4.33675e-37 -4.57491e-28 -7.17672e-37   2.0808e-27   9.1761e-38 -8.78427e-27 -8.53924e-39  3.44059e-26  4.53274e-37 -1.24942e-25 -1.34365e-36  4.20239e-25  3.92929e-36  -1.3074e-24 -1.35748e-35  3.75569e-24  3.98123e-35 -9.94053e-24 -1.08283e-34  2.41776e-23  2.68411e-34 -5.38638e-23 -6.00368e-34  1.09482e-22  1.18873e-33 -2.02039e-22 -1.99855e-33  3.36478e-22   2.5474e-33 -5.01858e-22 -1.25766e-33  6.63707e-22 -5.50503e-33 -7.67833e-22   2.4363e-32  7.62015e-22 -6.49579e-32 -6.28893e-22  1.37839e-31  4.07333e-22 -2.49389e-31 -1.78767e-22   3.9474e-31  2.01477e-23 -5.52311e-31  4.17141e-23  6.85216e-31 -3.57966e-23 -7.52709e-31  1.10708e-23  7.28506e-31  2.66995e-24 -6.15933e-31 -3.54315e-24  4.48963e-31  8.23787e-25 -2.76418e-31  3.19001e-25  1.38836e-31 -1.88173e-25 -5.29733e-32 -2.19374e-27  1.23115e-32  1.77133e-26  7.62787e-34  -1.3916e-27  -2.2874e-33  -9.2181e-28  1.17451e-33  7.92628e-29 -3.57895e-34  2.54258e-29   6.9871e-35 -1.13672e-30 -8.19693e-36 -2.48167e-31  4.66963e-37  8.87051e-34 -5.85681e-39
-1.29838e-46 -3.91438e-37 -2.50768e-46   4.6781e-36  3.43265e-44 -1.26299e-35 -5.59522e-43  1.57772e-35  1.50769e-42 -3.61685e-35 -9.70104e-42  6.71969e-35 -2.95358e-41 -1.38959e-34  3.71871e-41  3.42581e-36 -2.12245e-40  2.08172e-34 -1.53775e-42 -9.87065e-35 -3.26146e-40 -6.78118e-34 -3.34621e-39  2.02585e-33 -7.55993e-39 -7.15927e-34 -4.11877e-39  7.32481e-35 -2.67227e-38  1.79196e-34  6.85185e-39  1.51564e-35 -1.64683e-37 -9.67507e-34  1.00378e-37  1.37776e-32 -6.38998e-37 -1.06324e-31  3.97394e-37  7.35635e-31 -2.36542e-37 -4.69481e-30 -3.90673e-37  2.77481e-29   3.1787e-37 -1.52083e-28 -8.00827e-37  7.73465e-28  5.86812e-37 -3.65135e-27 -8.07403e-37  1.60004e-26  2.82144e-37 -6.50672e-26 -5.23396e-37  2.45419e-25  2.54726e-36 -8.57824e-25 -9.02075e-36  2.77537e-24  2.99236e-35 -8.29862e-24 -9.52959e-35  2.28882e-23  2.78859e-34 -5.80893e-23 -7.57186e-34  1.35264e-22  1.89946e-33 -2.87947e-22 -4.38211e-33  5.57926e-22  9.23473e-33  -9.7862e-22 -1.75862e-32  1.54335e-21  2.97155e-32 -2.16934e-21 -4.29799e-32  2.68628e-21  4.86181e-32 -2.88314e-21 -2.85797e-32  2.61695e-21 -4.47967e-32 -1.92608e-21  2.02457e-31  1.05086e-21  -4.6361e-31 -3.10631e-22  8.15713e-31 -8.96483e-23 -1.20075e-30  1.65672e-22  1.52216e-30 -8.52649e-23 -1.67861e-30  6.93944e-24  1.61208e-30  1.59325e-23 -1.34167e-30 -7.92284e-24  9.57687e-31 -1.02952e-25 -5.76235e-31  1.20875e-24  2.83938e-31 -2.39392e-25   -1.085e-31 -8.81855e-26    2.802e-32  2.95004e-26 -2.07167e-33  3.70157e-27 -2.09877e-33 -1.57094e-27  1.18439e-33 -1.07226e-28 -3.37081e-34  3.48683e-29  5.72621e-35  1.84522e-30 -5.36701e-36 -1.82872e-31  1.99785e-37 -4.37285e-33
