 2.83803e-06 -2.96237e-20 -4.05128e-05  4.49165e-19  0.000194076 -1.72021e-18 -0.000428394  3.23909e-18  0.000354496 -2.61445e-18  0.000127578 -5.14062e-19 -0.000140765  1.50073e-18 -0.000114076  4.99568e-19 -3.63648e-05 -6.58231e-20 -5.73297e-06 -3.74526e-20  -3.3219e-07
-2.96237e-20  5.96371e-05 -2.79547e-19  -0.00045076  2.30356e-18   0.00146329 -6.47467e-18  -0.00213011  9.45044e-18  0.000595054 -5.66138e-18   0.00111144 -1.93247e-18  0.000212052   2.2925e-18 -0.000134994  1.30961e-18 -7.48911e-05  2.50391e-19 -1.25924e-05  1.48369e-20
-4.05128e-05 -2.79547e-19  0.000579679 -9.71375e-19  -0.00279078  5.11483e-18   0.00622678 -1.09938e-17  -0.00532084  1.25843e-17  -0.00168144 -5.32151e-18   0.00224908 -3.15065e-18   0.00171426  1.82225e-18  0.000523286  1.35218e-18  7.83848e-05   2.5967e-19  4.28696e-06
 4.49165e-19  -0.00045076 -9.71375e-19   0.00342432 -1.59496e-18    -0.011235   5.9736e-18    0.0167725 -9.82163e-18  -0.00546502  9.48611e-18  -0.00859657 -2.44167e-18 -0.000998088 -1.77561e-18   0.00148359  1.13816e-18  0.000714273   6.6534e-19  0.000115962  7.52512e-20
 0.000194076  2.30356e-18  -0.00279078 -1.59496e-18    0.0135788 -1.45767e-18   -0.0309961  4.21741e-18    0.0283019 -5.74007e-18   0.00628653   4.8397e-18   -0.0131444  1.59837e-18  -0.00877861  1.43318e-18  -0.00237531  1.03909e-18 -0.000298569  2.36685e-19 -1.25714e-05
-1.72021e-18   0.00146329  5.11483e-18    -0.011235 -1.45767e-18    0.0376866  -1.3307e-18   -0.0592117  2.64889e-18    0.0249747 -6.58645e-18    0.0284944  2.06572e-18  -0.00168651  5.54975e-18   -0.0082112  3.63615e-18  -0.00334211  1.02192e-18 -0.000514132  9.16249e-20
-0.000428394 -6.47467e-18   0.00622678   5.9736e-18   -0.0309961  -1.3307e-18    0.0742179 -7.73781e-19   -0.0769369  2.44355e-18  -0.00339448 -1.04344e-17     0.040134  3.77348e-19    0.0203163  5.90508e-18   0.00354184   3.0726e-18   2.3219e-05  5.55577e-19 -3.22608e-05
 3.23909e-18  -0.00213011 -1.09938e-17    0.0167725  4.21741e-18   -0.0592117 -7.73781e-19     0.103774  1.66024e-18   -0.0650607  3.32248e-18   -0.0394398 -8.40119e-18    0.0241598  6.42348e-21    0.0251769  3.29555e-18   0.00852881  1.28413e-18    0.0012094  1.28295e-19
 0.000354496  9.45044e-18  -0.00532084 -9.82163e-18    0.0283019  2.64889e-18   -0.0769369  1.66024e-18     0.104644  1.96026e-18   -0.0333059  4.97955e-18   -0.0591492 -1.33016e-19   -0.0096038  2.01547e-18   0.00699486  1.58098e-18   0.00297878  3.42489e-19  0.000291709
-2.61445e-18  0.000595054  1.25843e-17  -0.00546502 -5.74007e-18    0.0249747  2.44355e-18   -0.0650607  1.96026e-18    0.0847346 -2.29012e-18  -0.00980118  6.16739e-18   -0.0628203  6.83958e-18   -0.0344849   3.9302e-18  -0.00847992  1.07311e-18 -0.000937636  9.56524e-20
 0.000127578 -5.66138e-18  -0.00168144  9.48611e-18   0.00628653 -6.58645e-18  -0.00339448  3.32248e-18   -0.0333059 -2.29012e-18    0.0703472 -6.35018e-18   0.00143997  5.21213e-18   -0.0504036  7.23454e-18   -0.0317073  3.08908e-18  -0.00799855  5.19354e-19 -0.000656289
-5.14062e-19   0.00111144 -5.32151e-18  -0.00859657   4.8397e-18    0.0284944 -1.04344e-17   -0.0394398  4.97955e-18  -0.00980118 -6.35018e-18    0.0690789 -8.71125e-18    0.0224293   5.7709e-19   -0.0166313  2.76218e-18   -0.0114749  9.80214e-19  -0.00220813  9.36854e-20
-0.000140765 -1.93247e-18   0.00224908 -2.44167e-18   -0.0131444  2.06572e-18     0.040134 -8.40119e-18   -0.0591492  6.16739e-18   0.00143997 -8.71125e-18     0.081575 -1.23635e-17    0.0570216  -5.3945e-18    0.0168918 -1.07825e-18    0.0023425 -9.10454e-20  0.000111759
 1.50073e-18  0.000212052 -3.15065e-18 -0.000998088  1.59837e-18  -0.00168651  3.77348e-19    0.0241598 -1.33016e-19   -0.0628203  5.21213e-18    0.0224293 -1.23635e-17     0.104311 -1.58292e-17    0.0765602 -7.68447e-18    0.0257145 -1.76581e-18   0.00380302 -1.39529e-19
-0.000114076   2.2925e-18   0.00171426 -1.77561e-18  -0.00877861  5.54975e-18    0.0203163  6.42348e-21   -0.0096038  6.83958e-18   -0.0504036   5.7709e-19    0.0570216 -1.58292e-17     0.109829 -1.46159e-17    0.0628356 -5.55498e-18    0.0159053  -8.8409e-19   0.00133011
 4.99568e-19 -0.000134994  1.82225e-18   0.00148359  1.43318e-18   -0.0082112  5.90508e-18    0.0251769  2.01547e-18   -0.0344849  7.23454e-18   -0.0166313  -5.3945e-18    0.0765602 -1.46159e-17    0.0820491 -9.17495e-18     0.033266 -2.43405e-18   0.00548117  -2.0877e-19
-3.63648e-05  1.30961e-18  0.000523286  1.13816e-18  -0.00237531  3.63615e-18   0.00354184  3.29555e-18   0.00699486   3.9302e-18   -0.0317073  2.76218e-18    0.0168918 -7.68447e-18    0.0628356 -9.17495e-18    0.0419584 -3.87687e-18    0.0114585 -6.52328e-19  0.000997829
-6.58231e-20 -7.48911e-05  1.35218e-18  0.000714273  1.03909e-18  -0.00334211   3.0726e-18   0.00852881  1.58098e-18  -0.00847992  3.08908e-18   -0.0114749 -1.07825e-18    0.0257145 -5.55498e-18     0.033266 -3.87687e-18    0.0144594 -1.07988e-18   0.00246725 -9.49932e-20
-5.73297e-06  2.50391e-19  7.83848e-05   6.6534e-19 -0.000298569  1.02192e-18   2.3219e-05  1.28413e-18   0.00297878  1.07311e-18  -0.00799855  9.80214e-19    0.0023425 -1.76581e-18    0.0159053 -2.43405e-18    0.0114585 -1.07988e-18   0.00323602 -1.86096e-19   0.00028667
-3.74526e-20 -1.25924e-05   2.5967e-19  0.000115962  2.36685e-19 -0.000514132  5.55577e-19    0.0012094  3.42489e-19 -0.000937636  5.19354e-19  -0.00220813 -9.10454e-20   0.00380302  -8.8409e-19   0.00548117 -6.52328e-19   0.00246725 -1.86096e-19  0.000428163 -1.65695e-20
 -3.3219e-07  1.48369e-20  4.28696e-06  7.52512e-20 -1.25714e-05  9.16249e-20 -3.22608e-05  1.28295e-19  0.000291709  9.56524e-20 -0.000656289  9.36854e-20  0.000111759 -1.39529e-19   0.00133011  -2.0877e-19  0.000997829 -9.49932e-20   0.00028667 -1.65695e-20  2.56154e-05
