 1.24598e-12  1.82334e-26 -2.79105e-11 -6.80545e-25  2.32171e-10  6.78725e-24 -1.09639e-09 -3.40689e-23  3.34027e-09  9.64507e-23 -6.88984e-09 -1.15962e-22  9.64534e-09 -2.48463e-22 -8.68893e-09   1.6036e-21   4.0552e-09  -4.2266e-21  3.23708e-10  7.03865e-21  -1.3203e-09 -7.52147e-21  2.05945e-10  3.73911e-21  3.47913e-10  3.11069e-21  -5.5702e-11 -9.03049e-21 -9.59158e-11  1.08174e-20 -1.09094e-12 -8.76068e-21  2.31163e-11   5.3889e-21  6.51945e-12 -2.59646e-21 -3.14101e-12  7.94627e-22 -2.50908e-12  1.37538e-22 -3.15673e-13 -3.39232e-22  3.63389e-13  1.47279e-22  2.15773e-13   2.6913e-23  3.22851e-14 -4.31559e-23 -2.14243e-14  2.55265e-24 -1.52952e-14  1.02773e-23 -4.13377e-15 -2.93814e-24  1.60163e-16  -1.2833e-24  6.29169e-16  7.26156e-25  2.87322e-16  1.74853e-26  6.62758e-17  -7.5163e-26  6.85868e-19  3.60418e-27 -6.38222e-18  1.30462e-26 -3.05851e-18 -3.94438e-27 -8.54032e-19 -9.67374e-28 -1.39856e-19  4.24062e-28  1.36297e-21  1.09502e-28  9.98282e-21 -5.35063e-29  4.03773e-21 -1.06198e-29  1.05315e-21  9.28668e-30  2.00353e-22  1.58908e-30  2.58508e-23 -9.06712e-31  9.19735e-25 -2.89608e-31  -6.3498e-25  1.85215e-32 -2.32492e-25  1.97524e-32 -5.20162e-26    4.823e-33 -8.95695e-27  9.55748e-34 -1.25166e-27  5.63193e-34   -1.423e-28  1.36444e-34 -1.26072e-29 -5.16571e-36 -7.29834e-31 -1.21358e-35   3.5966e-33 -4.45892e-36  7.78161e-33 -9.42915e-37  1.24505e-33 -1.26578e-37  1.32572e-34 -1.20077e-38   1.0905e-35 -1.09715e-39  7.19412e-37 -1.32811e-40  3.81731e-38  -1.7157e-41  1.61038e-39 -1.88281e-42  5.24684e-41 -1.46125e-43  1.24069e-42 -6.64918e-45   1.6497e-44 -1.58978e-46   1.1955e-46 -1.45435e-48
 1.82334e-26  4.08329e-11  4.35233e-25 -5.16854e-10 -1.11189e-23  3.24552e-09  8.93185e-23 -1.25497e-08 -3.91536e-22  3.23932e-08  1.04283e-21 -5.72886e-08 -1.46746e-21  6.82468e-08 -6.30102e-22 -4.99764e-08  8.86744e-21  1.45949e-08 -2.42286e-20  7.92659e-09  3.97803e-20 -6.89573e-09 -4.21418e-20 -1.02377e-09  2.35173e-20   1.9995e-09  7.25821e-21  3.35675e-10 -3.06655e-20 -4.86743e-10   3.5195e-20 -1.71648e-10 -2.60697e-20  7.77343e-11  1.49611e-20  6.23049e-11 -7.36863e-21  3.00642e-12  2.55786e-21 -1.22633e-11  3.42259e-22 -5.43509e-12 -1.10385e-21  1.22418e-13  4.72672e-22  1.06306e-12  1.14046e-22   4.6212e-13 -1.47879e-22  3.87162e-14   4.2213e-24  -5.4456e-14  3.36561e-23 -3.21483e-14  -8.3935e-24 -8.08167e-15 -3.67664e-24  2.62774e-16  1.85263e-24  1.12241e-15 -3.38176e-26  5.16021e-16 -1.37182e-25  1.28742e-16  1.79841e-26  1.00297e-17  2.87221e-26 -7.12908e-18 -1.09673e-26 -4.11342e-18  -2.0918e-27 -1.28365e-18  8.81339e-28 -2.64815e-19  1.89223e-28 -2.80512e-20 -1.25097e-28  4.27356e-21 -1.07501e-29  3.19324e-21  2.97055e-29  1.00034e-21  4.30377e-30  2.22909e-22 -2.88577e-30  3.79737e-23 -9.09516e-31  4.72956e-24  2.27333e-32  3.02853e-25  6.04969e-32 -3.95475e-26  2.09747e-32 -1.82193e-26  7.07413e-33 -3.92251e-27  2.76006e-33 -6.26153e-28  4.95727e-34 -8.09911e-29 -3.69671e-35  -8.7121e-30 -4.54944e-35 -7.80114e-31 -1.48537e-35 -5.70252e-32 -2.98017e-36  -3.2197e-33 -4.07093e-37 -1.16897e-34 -4.30472e-38  2.43489e-37 -4.37914e-39  4.21198e-37  -4.6452e-40  3.69608e-38 -4.57229e-41  1.98417e-39 -3.86587e-42  7.39822e-41 -2.38157e-43   1.7829e-42 -8.53545e-45  2.32443e-44 -1.44634e-46  1.29797e-46
-2.79105e-11  4.35233e-25  6.55953e-10  5.71116e-24 -5.74417e-09  -1.0969e-22  2.86783e-08  7.34347e-22 -9.29014e-08 -2.84934e-21  2.05449e-07  7.09295e-21 -3.12596e-07 -1.04659e-20  3.14675e-07  2.42895e-21  -1.7976e-07  3.14968e-20   1.5666e-08 -9.22143e-20  4.81131e-08  1.49358e-19 -1.78836e-08 -1.54374e-19 -1.13519e-08  8.79468e-20   5.4148e-09  9.81902e-21  3.38279e-09 -7.39311e-20 -9.70192e-10  7.85062e-20 -1.04558e-09 -5.08803e-20 -2.88498e-11  2.67357e-20  2.35015e-10 -1.45188e-20  8.63288e-11   6.2639e-21 -1.79102e-11  4.16886e-22 -2.47956e-11  -2.5777e-21 -7.08594e-12  1.09661e-21  1.41755e-12  3.10095e-22  1.89276e-12 -3.42575e-22  6.60574e-13 -3.98968e-24  2.25576e-14  7.48188e-23 -8.61828e-14 -1.49643e-23 -4.54289e-14 -7.10397e-24 -1.11789e-14    2.973e-24  1.67226e-17 -3.02463e-25  1.26875e-15 -1.11296e-25  6.08843e-16  6.15626e-26  1.65452e-16  4.54071e-26  2.23825e-17 -1.98663e-26 -3.47856e-18 -3.52061e-27 -3.24147e-18  6.16822e-28 -1.15701e-18   4.7103e-29 -2.78514e-19 -1.90409e-28 -4.59337e-20  2.53977e-29 -3.36874e-21  7.06727e-29  8.95503e-22  9.78018e-30   4.6089e-22 -6.20597e-30   1.2308e-22 -2.10455e-30  2.43869e-23 -2.27428e-32  3.83037e-24  1.52386e-31  4.73397e-25  7.07912e-32   4.1718e-26  2.72139e-32  1.30765e-27  8.58918e-33 -3.92043e-28  1.28645e-33 -1.04007e-28  -1.1292e-34  -1.6107e-29 -1.12085e-34 -1.90416e-30 -3.38949e-35 -1.83188e-31 -6.53157e-36 -1.46202e-32 -8.96027e-37 -9.68991e-34 -9.90165e-38 -5.27511e-35 -1.01381e-38 -2.30792e-36 -9.58919e-40 -7.83544e-38 -7.76269e-41  -1.9111e-39 -5.22877e-42 -2.85214e-41 -2.52874e-43 -1.47014e-43 -6.77974e-45 -4.34459e-46 -6.60806e-47
-6.80545e-25 -5.16854e-10  5.71116e-24   6.8859e-09  5.07069e-23 -4.56822e-08 -7.73129e-22  1.87534e-07  4.41971e-21 -5.17357e-07 -1.53523e-20  9.87857e-07  3.56762e-20  -1.2934e-06 -5.27818e-20  1.08505e-06  2.85362e-20 -4.44012e-07  8.19908e-20 -9.19165e-08 -2.70878e-19   1.7125e-07   4.3415e-19 -1.19339e-08 -4.33615e-19 -4.84265e-08  2.40126e-19  3.61136e-09  1.08805e-20  1.34511e-08 -1.49681e-19  1.12003e-09  1.39224e-19 -3.15316e-09 -7.24027e-20 -1.11808e-09  3.32576e-20  3.82961e-10 -2.33204e-20  3.83649e-10  1.33291e-20  6.58956e-11 -3.84873e-23 -5.07081e-11 -4.98774e-21 -3.47109e-11  2.07464e-21 -6.40432e-12  6.68134e-22  3.03414e-12 -6.20522e-22  2.49972e-12 -4.29281e-23  7.45118e-13  1.30778e-22  2.29855e-15 -1.75949e-23  -1.0047e-13 -1.03092e-23 -4.98419e-14  3.15561e-24 -1.25099e-14 -1.05719e-24 -5.68332e-16  5.85134e-26  1.01205e-15  1.58632e-25  5.32303e-16  7.06544e-26  1.57913e-16 -2.26157e-26  2.85887e-17 -5.70955e-27  9.44506e-19 -2.13378e-27 -1.52167e-18 -7.74205e-28 -6.87061e-19 -2.40111e-28 -1.89442e-19  1.26469e-28 -3.81623e-20  1.42812e-28 -5.47716e-21  2.18152e-29   -3.821e-22 -1.01761e-29  6.90489e-23 -3.95956e-30  3.39789e-23 -7.45727e-32  8.22001e-24  3.80686e-31  1.47887e-24  2.00115e-31  2.14612e-25  7.57647e-32   2.5579e-26  2.06925e-32  2.46299e-27  2.78314e-33  1.78221e-28 -2.21805e-34  6.98691e-30 -2.11908e-34 -4.07694e-31 -6.09724e-35  -1.1606e-31 -1.13515e-35 -1.38748e-32 -1.54205e-36 -1.17762e-33 -1.70921e-37 -7.73181e-35 -1.68563e-38 -4.00001e-36 -1.42573e-39 -1.61088e-37 -9.75467e-41  -4.8461e-39 -5.29864e-42 -1.01594e-40 -1.96863e-43 -1.31405e-42 -3.61285e-45 -7.38869e-45
 2.32171e-10 -1.11189e-23 -5.74417e-09  5.07069e-23  5.31319e-08  3.34714e-22 -2.81376e-07 -4.19842e-21  9.72271e-07  2.08749e-20  -2.3118e-06 -6.55556e-20  3.82991e-06  1.42423e-19 -4.30048e-06 -2.06826e-19  2.93177e-06  1.43731e-19 -6.83184e-07  1.61043e-19  -5.8912e-07 -6.55212e-19  4.04585e-07  1.04391e-18  1.00258e-07 -1.00118e-18 -1.25309e-07  5.21666e-19  -3.1065e-08  2.62018e-20  3.08785e-08 -2.74892e-19  1.35103e-08  2.09139e-19 -4.64866e-09 -7.14678e-20 -4.59137e-09  2.38863e-20 -4.19532e-10  -3.3171e-20  8.67362e-10   2.5403e-20  4.30783e-10  -1.3501e-21   5.8393e-12 -8.46584e-21 -8.00749e-11  3.31887e-21 -3.77942e-11   1.2485e-21 -4.06758e-12 -9.30014e-22  4.17682e-12 -1.43613e-22  2.66668e-12  1.89898e-22  7.16776e-13 -8.92868e-24   -3.646e-15 -1.07651e-23 -9.18492e-14  1.50199e-24 -4.47103e-14 -2.67955e-24 -1.17637e-14  2.79199e-25  -1.1409e-15  3.18462e-25  5.55664e-16  1.35095e-25  3.53651e-16 -1.63964e-28   1.1539e-16 -8.55297e-27  2.50642e-17 -9.86027e-27  3.07455e-18 -3.08668e-27 -2.28693e-19 -3.96041e-28  -2.5478e-19  2.84759e-28 -8.51868e-20  2.52197e-28 -1.97491e-20  4.59872e-29 -3.51182e-21 -1.29286e-29 -4.71873e-22 -5.98804e-30 -3.98293e-23  2.15094e-31  9.01963e-25  9.48173e-31  1.16822e-24  4.85888e-31   2.8093e-25  1.71477e-31  4.67976e-26  4.19694e-32  6.19885e-27  5.34436e-33  6.79377e-28  -2.9815e-34  6.21945e-29 -3.26572e-34  4.71905e-30 -9.12674e-35  2.88834e-31 -1.64512e-35  1.33336e-32 -2.18449e-36  3.70681e-34  -2.3627e-37 -3.34212e-36 -2.18996e-38 -1.06301e-36 -1.65114e-39 -6.54665e-38 -9.60866e-41 -2.34683e-39  -4.1911e-42 -4.99039e-41 -1.14795e-43 -5.72738e-43 -1.18111e-45
 6.78725e-24  3.24552e-09  -1.0969e-22 -4.56822e-08  3.34714e-22   3.2138e-07   1.7346e-21 -1.40574e-06 -1.83559e-20   4.1589e-06  8.05466e-20 -8.59792e-06 -2.30712e-19  1.23861e-05  4.69985e-19 -1.18323e-05 -6.62869e-19  6.25322e-06  5.11654e-19 -9.84941e-08  2.26933e-19 -1.95318e-06 -1.35517e-18  5.82694e-07  2.15757e-18  5.00787e-07 -1.97855e-18 -1.92234e-07  9.45283e-19 -1.50866e-07  9.90022e-20  3.34269e-08 -4.74298e-19   4.6072e-08  2.76022e-19  3.04101e-09 -2.65029e-20 -1.02554e-08 -1.06869e-20 -4.18316e-09 -4.43647e-20  7.06702e-10  4.35291e-20  1.16922e-09 -3.37775e-21  3.59156e-10 -1.29763e-20  -6.1835e-11   4.5446e-21  -9.3663e-11  2.11411e-21  -3.4197e-11 -1.18313e-21 -1.58572e-12 -3.38123e-22  4.39039e-12  2.33267e-22   2.4049e-12  1.78715e-23  6.13668e-13 -4.74649e-24  6.75578e-15  -2.1405e-24 -6.72376e-14 -5.61569e-24 -3.33941e-14  2.04518e-25 -9.34829e-15  4.97126e-25 -1.35331e-15  2.93051e-25  1.59153e-16  8.03211e-26  1.74323e-16 -8.56611e-27   6.4434e-17 -2.46058e-26  1.59698e-17 -8.00396e-27   2.7607e-18 -1.03209e-27  2.46833e-19  3.99953e-28 -3.62841e-20  3.82788e-28 -2.31227e-20  8.47948e-29 -6.47311e-21 -1.17406e-29  -1.3182e-21 -6.52848e-30 -2.12768e-22  1.76526e-30 -2.74282e-23  2.22162e-30 -2.66917e-24  1.03253e-30 -1.47765e-25  3.33911e-31  8.77937e-27  7.49198e-32  3.86787e-27  9.36464e-33  6.52613e-28 -2.24724e-34  7.91809e-29 -4.21286e-34  7.65249e-30 -1.16684e-34  6.06885e-31 -2.03758e-35  3.97056e-32 -2.61554e-36  2.12682e-33 -2.70687e-37  9.14332e-35  -2.3188e-38  3.04915e-36 -1.54715e-39  7.45388e-38 -7.61029e-41  1.23677e-39 -2.61063e-42   1.1783e-41 -4.85909e-44  2.65682e-44
-1.09639e-09  8.93185e-23  2.86783e-08 -7.73129e-22 -2.81376e-07   1.7346e-21  1.58716e-06   7.3111e-21 -5.87316e-06 -6.65048e-20  1.50686e-05   2.6068e-19 -2.72535e-05 -6.86631e-19  3.41233e-05  1.31664e-18 -2.73241e-05 -1.79454e-18  1.01294e-05  1.44801e-18  3.25517e-06  1.59777e-19 -4.52378e-06 -2.45861e-18  7.15728e-08  3.93182e-18  1.36446e-06 -3.43826e-18 -4.14467e-08  1.47249e-18 -3.90186e-07  2.96828e-19 -4.59746e-08 -7.74223e-19  9.30222e-08   3.2783e-19  3.62738e-08  7.72942e-20 -1.12284e-08  -7.3407e-20   -1.235e-08 -5.81374e-20 -2.27413e-09  6.71552e-20  1.66034e-09 -5.31926e-21  1.18091e-09 -1.82676e-20  2.23906e-10  5.32914e-21 -1.06318e-10  3.31166e-21 -8.92872e-11 -1.28583e-21 -2.69487e-11 -6.47334e-22  -3.4259e-14  2.38285e-22  3.75585e-12  6.61774e-23  1.87904e-12  1.24223e-23  4.76208e-13 -6.57452e-24  2.20952e-14 -1.02754e-23 -3.90345e-14 -7.90435e-25 -2.07474e-14  5.53698e-25 -6.22885e-15  6.03201e-25 -1.15237e-15  2.62801e-25 -4.82543e-17  4.73804e-27  5.71125e-17 -4.59284e-26  2.66285e-17 -1.65413e-26  7.46579e-18 -2.79633e-27  1.53308e-18  2.30464e-28  2.28507e-19   4.7097e-28  1.88154e-20  1.29089e-28 -1.81734e-21 -3.96667e-30 -1.15424e-21 -2.34979e-30 -2.91411e-22   6.1719e-30 -5.33914e-23  4.70732e-30 -7.84915e-24  1.94954e-30 -9.50595e-25  5.77246e-31 -9.43108e-26  1.20669e-31 -7.35126e-27  1.51135e-32 -3.88629e-28  1.22937e-34  -2.9361e-30 -4.57848e-34  2.21747e-30 -1.29038e-34  3.12368e-31 -2.18521e-35  2.72558e-32 -2.68723e-36  1.76134e-33 -2.62167e-37  8.72012e-35  -2.0471e-38  3.26844e-36 -1.19533e-39  8.89056e-38 -4.88644e-41  1.60785e-39 -1.26262e-42  1.56004e-41 -1.31431e-44
-3.40689e-23 -1.25497e-08  7.34347e-22  1.87534e-07 -4.19842e-21 -1.40574e-06   7.3111e-21  6.58183e-06  2.56815e-20 -2.09732e-05 -2.03728e-19  4.71213e-05  7.20827e-19 -7.48554e-05 -1.75982e-18  8.11604e-05  3.19113e-18 -5.30606e-05  -4.1956e-18  1.03236e-05  3.43275e-18  1.24087e-05 -2.50922e-19 -7.58744e-06  -3.9864e-18 -2.37104e-06  6.43233e-18  2.52129e-06 -5.35775e-18  7.29744e-07  2.01561e-18 -6.48802e-07  6.85547e-19 -3.08432e-07 -1.18782e-18   1.0087e-07  3.56247e-19  1.06336e-07   2.3999e-19  1.01396e-08 -1.58133e-19 -2.09322e-08 -7.58136e-20 -1.05251e-08  9.36935e-20 -5.80188e-11 -5.97496e-21  2.07147e-09 -2.38924e-20   9.7148e-10  5.28996e-21  9.51661e-11   4.8516e-21 -1.16602e-10 -1.17457e-21 -7.28422e-11 -1.07455e-21 -1.92031e-11  1.82073e-22   4.2747e-13  1.34441e-22  2.68643e-12  4.60978e-23  1.28518e-12 -9.00142e-24  3.34528e-13 -1.68688e-23  3.05536e-14  -3.5254e-24 -1.69962e-14  2.19956e-25 -1.05396e-14  1.09148e-24 -3.42633e-15  5.91915e-25 -7.45724e-16  5.08193e-26 -9.27084e-17   -6.877e-26  6.15655e-18 -2.88402e-26  7.36877e-18 -6.44229e-27   2.4843e-18 -6.06543e-28  5.79342e-19  3.88121e-28     1.04e-19  1.51287e-28  1.42932e-20  1.20157e-29  1.30907e-21  1.10846e-29  8.56868e-24  1.54394e-29 -2.69732e-23  8.91219e-30  -6.9454e-24   3.3084e-30 -1.17531e-24  9.01989e-31 -1.56013e-25   1.7772e-31 -1.70517e-26  2.24742e-32 -1.55589e-27  8.03472e-34 -1.18155e-28 -4.13152e-34 -7.33643e-30 -1.23932e-34 -3.57749e-31 -2.04248e-35 -1.24207e-32 -2.38955e-36 -2.04361e-34 -2.17093e-37  6.94707e-36 -1.52482e-38  6.36862e-37 -7.66972e-40  2.26313e-38 -2.52984e-41  4.22762e-40 -4.52558e-43  2.93023e-42
 3.34027e-09 -3.91536e-22 -9.29014e-08  4.41971e-21  9.72271e-07 -1.83559e-20 -5.87316e-06  2.56815e-20  2.33946e-05   7.6499e-20 -6.50743e-05 -5.35323e-19  0.000128981  1.72599e-18 -0.000180301 -3.93697e-18  0.000167959  6.78671e-18 -8.53911e-05 -8.60924e-18 -2.52269e-06  7.02281e-18   2.9871e-05 -1.26381e-18 -8.10124e-06 -5.85827e-18 -8.12475e-06  9.56961e-18  2.95131e-06 -7.59806e-18  2.52128e-06     2.47e-18 -5.49541e-07  1.28936e-18  -7.9655e-07 -1.69917e-18 -4.95197e-08  3.58432e-19  1.87321e-07  4.44221e-19  7.54143e-08  -2.5085e-19 -1.50393e-08 -9.74863e-20 -2.27312e-08  1.19056e-19 -6.68284e-09  -4.4237e-21  1.47749e-09 -2.93306e-20  1.94967e-09  4.29937e-21  6.82602e-10  6.71283e-21  1.26094e-11 -8.37872e-22 -1.00277e-10 -1.61108e-21 -5.23449e-11  4.23854e-23 -1.27295e-11  2.16532e-22  2.40936e-13  1.01994e-22  1.61644e-12 -5.16744e-24  7.68688e-13  -2.5176e-23  2.09743e-13 -8.82884e-24  2.85882e-14 -8.95054e-25 -4.46283e-15  1.71023e-24 -4.20392e-15  1.09568e-24 -1.51864e-15   1.5587e-25 -3.72391e-16 -8.24958e-26 -6.39376e-17 -4.33111e-26 -5.69957e-18 -1.24861e-26  8.22482e-19 -2.55388e-27  5.24147e-19 -4.56582e-29  1.46163e-19  1.08446e-28  2.96681e-20  3.67853e-29  4.78526e-21  3.85054e-29  6.20586e-22  3.12891e-29  6.20089e-23  1.51058e-29  3.92053e-24  5.08921e-30 -6.59857e-26  1.28711e-30 -6.40211e-26  2.40894e-31 -1.13715e-26  3.07121e-32   -1.382e-27  1.74902e-33 -1.31522e-28 -2.92627e-34 -1.01693e-29 -1.02987e-34 -6.43452e-31 -1.66658e-35 -3.30489e-32 -1.84629e-36 -1.34932e-33 -1.54537e-37 -4.22497e-35 -9.62471e-39 -9.56408e-37 -4.07853e-40 -1.40385e-38 -1.03346e-41 -1.00203e-40 -1.05029e-43
 9.64507e-23  3.23932e-08 -2.84934e-21 -5.17357e-07  2.08749e-20   4.1589e-06 -6.65048e-20 -2.09732e-05   7.6499e-20  7.24016e-05  1.95637e-19 -0.000177694 -1.21886e-18  0.000312427  3.61389e-18 -0.000384186  -7.7675e-18   0.00030322  1.28057e-17 -0.000108157 -1.56967e-17 -4.21602e-05  1.26397e-17  5.39846e-05 -3.08084e-18 -9.19327e-08 -7.88213e-18 -1.72641e-05  1.30637e-17  5.30753e-07 -9.91925e-18  5.18965e-06  2.76167e-18  5.63212e-07  2.06032e-18 -1.32056e-06 -2.25755e-18 -4.94123e-07  3.36932e-19  1.82405e-07  6.59084e-19  1.84059e-07 -3.34235e-19  2.90508e-08 -1.20917e-19 -2.83832e-08  1.38989e-19 -1.86068e-08 -7.57277e-22 -2.99069e-09 -3.42062e-20  2.04091e-09  2.61254e-21  1.52623e-09  8.88637e-21  4.25014e-10 -3.07788e-22  -2.1388e-11 -2.25063e-21 -7.21613e-11 -2.04372e-22 -3.36782e-11  3.02731e-22 -7.96235e-12  1.85475e-22 -8.15766e-14  1.01585e-23  8.08048e-13 -3.42836e-23  3.97687e-13 -1.72851e-23  1.14962e-13 -3.24803e-24  2.01806e-14  2.31453e-24  4.11348e-16  1.76664e-24 -1.19004e-15  3.45563e-25 -5.20094e-16 -7.22255e-26 -1.42225e-16 -5.62511e-26 -2.87258e-17 -2.08419e-26  -4.2199e-18 -5.95477e-27 -3.41019e-19 -1.00285e-27  3.36779e-20 -4.03628e-29  2.08084e-20  7.12462e-29  5.18116e-21   8.3152e-29  9.37602e-22  5.42606e-29  1.36286e-22  2.30749e-29  1.63548e-23   7.1415e-30  1.61662e-24  1.68703e-30  1.27515e-25  3.01295e-31  7.24507e-27  3.84678e-32  1.68897e-28  2.76143e-33 -2.10942e-29 -1.29798e-34  -3.5018e-30 -7.29848e-35 -3.06417e-31 -1.18342e-35 -1.90326e-32 -1.23941e-36 -8.80702e-34 -9.46267e-38 -2.99808e-35 -5.13798e-39 -7.09877e-37   -1.776e-40 -1.01783e-38 -3.16475e-42 -5.65348e-41
-6.88984e-09  1.04283e-21  2.05449e-07 -1.53523e-20  -2.3118e-06  8.05466e-20  1.50686e-05 -2.03728e-19 -6.50743e-05  1.95637e-19  0.000197534  4.33099e-19 -0.000431456 -2.42051e-18  0.000675554  6.66253e-18 -0.000728645 -1.36245e-17   0.00047561  2.16295e-17 -8.82537e-05 -2.56755e-17 -0.000120922  2.02817e-17  7.44386e-05 -5.71576e-18  2.37087e-05 -9.76862e-18 -2.65063e-05   1.6457e-17 -7.32063e-06 -1.20301e-17   7.3601e-06  2.88337e-18  3.28219e-06   2.8798e-18 -1.31698e-06 -2.78757e-18 -1.23901e-06  2.97973e-19 -6.62946e-08  8.48472e-19  2.76935e-07  -3.9321e-19   1.2578e-07 -1.41169e-19 -7.07813e-09  1.50584e-19 -2.93799e-08  3.54277e-21 -1.24281e-08 -3.85377e-20 -5.83848e-10  8.24979e-22  1.87689e-09  1.14411e-20  1.04174e-09  3.77151e-22   2.4301e-10 -3.00127e-21 -2.44448e-11 -5.85575e-22 -4.46001e-11  3.79938e-22 -1.95175e-11  3.00071e-22 -4.68234e-12  4.23904e-23 -2.61787e-13 -4.24084e-23  3.22349e-13 -2.89746e-23   1.7419e-13 -7.24758e-24  5.37661e-14  2.67493e-24  1.11494e-14  2.55024e-24   1.2343e-15  6.34848e-25 -1.51989e-16 -2.27067e-26 -1.25416e-16 -6.24364e-26  -4.0034e-17  -3.0643e-26 -9.07103e-18  -1.0864e-26 -1.59326e-18 -2.55683e-27 -2.14646e-19 -3.07235e-28 -1.92307e-20  1.18642e-28 -9.80144e-23  1.45135e-28  3.89289e-22  8.30155e-29   9.7837e-23  3.20019e-29  1.61932e-23   9.1865e-30  2.10125e-24  2.03786e-30  2.24278e-25  3.47974e-31  1.99673e-26  4.40888e-32  1.47955e-27  3.57984e-33  8.98777e-29  2.85497e-35  4.33334e-30 -4.25361e-35  1.54766e-31 -7.24457e-36  3.35873e-33 -7.19716e-37 -2.59498e-36 -4.96431e-38 -3.15091e-36 -2.29973e-39 -1.09517e-37  -6.1673e-41 -1.53899e-39 -6.32631e-43
-1.15962e-22 -5.72886e-08  7.09295e-21  9.87857e-07 -6.55556e-20 -8.59792e-06   2.6068e-19  4.71213e-05 -5.35323e-19 -0.000177694  4.33099e-19  0.000479948   8.3351e-19 -0.000939521 -4.20446e-18   0.00131312  1.08611e-17  -0.00123461 -2.13824e-17  0.000638144  3.29499e-17  2.05623e-05 -3.79712e-17 -0.000238572  2.92877e-17  7.02581e-05 -8.90432e-18  6.71292e-05 -1.11656e-17  -2.7969e-05  1.91858e-17 -2.17444e-05 -1.36589e-17  6.17869e-06   2.8973e-18  7.43178e-06  3.59662e-18  5.36536e-08 -3.21047e-18 -1.97189e-06  2.48334e-19  -6.8124e-07  9.79689e-19  2.22784e-07 -4.18984e-19  2.49092e-07 -1.51105e-19   6.0218e-08  1.53334e-19 -2.39766e-08   5.8027e-21 -2.32733e-08 -4.29212e-20 -7.04413e-09 -3.33878e-22  4.85304e-10   1.4568e-20  1.38745e-09  1.21896e-21  6.37832e-10 -3.88312e-21  1.32187e-10 -1.13113e-21 -1.56379e-11  4.30936e-22 -2.38387e-11  4.45193e-22 -1.01532e-11  9.59464e-23 -2.54023e-12 -4.69955e-23 -2.68117e-13 -4.32925e-23  9.14743e-14  -1.3104e-23  6.22341e-14   2.5329e-24  2.08461e-14  3.34866e-24  4.85898e-15  1.01913e-24  7.83087e-16  7.62885e-26  5.61674e-17  -5.6735e-26 -1.48103e-17 -4.03763e-26 -7.48352e-18 -1.69087e-26 -1.96954e-18 -4.59678e-27 -3.86249e-19 -6.53182e-28 -6.06171e-20  1.85384e-28 -7.66794e-21  2.20494e-28 -7.47899e-22  1.14228e-28 -4.62046e-23  4.05673e-29  7.27644e-25  1.08744e-29  7.07027e-25  2.27323e-30  1.21822e-25  3.71095e-31  1.42946e-26  4.62068e-32  1.30723e-27  3.98826e-33  9.65649e-29  1.42939e-34   5.7945e-30 -1.83676e-35  2.79486e-31 -3.74626e-36  1.05726e-32 -3.57944e-37  3.00522e-34 -2.21046e-38  5.94296e-36 -8.48119e-40  7.01798e-38 -1.61614e-41  3.18083e-40
 9.64534e-09 -1.46746e-21 -3.12596e-07  3.56762e-20  3.82991e-06 -2.30712e-19 -2.72535e-05  7.20827e-19  0.000128981 -1.21886e-18 -0.000431456   8.3351e-19   0.00104732  1.39356e-18  -0.00184806 -6.37501e-18    0.0023075  1.56773e-17  -0.00187066 -3.01846e-17  0.000701548  4.55758e-17  0.000261207 -5.10862e-17 -0.000370084  3.82998e-17  1.42202e-05 -1.21199e-17  0.000124046 -1.17077e-17 -1.06421e-05  2.07059e-17 -3.99007e-05 -1.46257e-17 -1.81624e-06  2.90135e-18  1.13491e-05   4.0845e-18  3.42515e-06 -3.46423e-18 -1.99247e-06  1.91648e-19 -1.58064e-06  1.02872e-18 -1.31358e-07 -4.10343e-19  3.10423e-07 -1.42534e-19  1.68043e-07  1.49412e-19  1.47199e-08   2.8534e-21 -2.56012e-08 -4.85475e-20   -1.549e-08 -2.82548e-22 -3.48693e-09   1.8561e-20  6.89573e-10  2.29086e-21  8.76452e-10 -4.90854e-21   3.5643e-10  -1.8654e-21  7.02094e-11  4.34232e-22 -6.60847e-12  6.13788e-22 -1.09337e-11  1.72704e-22 -4.68322e-12 -4.52475e-23 -1.23761e-12 -5.89442e-23 -1.85607e-13 -2.06933e-23  9.71016e-15  1.68623e-24  1.68383e-14  4.04294e-24  6.43609e-15  1.47113e-24  1.65213e-15  2.25062e-25  3.16499e-16 -3.61529e-26  4.33092e-17 -4.82817e-26  2.77481e-18   -2.327e-26 -5.60728e-19 -6.79902e-27 -2.54567e-19 -9.86123e-28 -5.89554e-20  2.79011e-28  -1.0214e-20  3.01354e-28 -1.43341e-21  1.43213e-28 -1.66557e-22  4.72734e-29 -1.59557e-23  1.18823e-29 -1.22072e-24   2.3449e-30 -6.76147e-26   3.6537e-31 -1.63897e-27  4.42806e-32  1.61317e-28  3.90374e-33  2.65441e-29  1.95799e-34  2.19924e-30 -3.27873e-36  1.26873e-31 -1.56348e-36  5.33713e-33  -1.4962e-37  1.59885e-34 -8.21402e-39  3.13402e-36 -2.49628e-40  3.21447e-38 -2.77244e-42
-2.48463e-22  6.82468e-08 -1.04659e-20  -1.2934e-06  1.42423e-19  1.23861e-05 -6.86631e-19 -7.48554e-05  1.72599e-18  0.000312427 -2.42051e-18 -0.000939521  1.39356e-18   0.00206748  2.00656e-18  -0.00330423 -8.35043e-18    0.0036824  1.99869e-17  -0.00252732 -3.85104e-17  0.000547827  5.76101e-17  0.000646443 -6.28283e-17 -0.000460553  4.55008e-17 -0.000114879 -1.47123e-17  0.000173921  -1.1078e-17   3.4512e-05  2.06462e-17 -5.34337e-05 -1.48933e-17 -1.85464e-05  2.97441e-18  1.17988e-05  4.28976e-18  8.47896e-06 -3.51206e-18 -4.36913e-07  1.25881e-19 -2.34081e-06  9.81145e-19 -8.37811e-07 -3.72602e-19  1.78428e-07 -1.07708e-19  2.65347e-07  1.43219e-19  9.03962e-08 -8.05208e-21 -6.72963e-09     -5.7e-20 -1.98592e-08  1.17466e-21 -9.07571e-09  2.37198e-20 -1.56104e-09  3.73148e-21  5.25431e-10 -6.05292e-21  4.85393e-10 -2.79256e-21  1.83152e-10  3.66732e-22  3.65197e-11  7.91245e-22 -1.31643e-12  2.70399e-22 -4.19772e-12 -3.50701e-23 -1.87568e-12 -7.41848e-23 -5.25843e-13 -2.94999e-23 -9.74989e-14  7.22853e-26 -7.29003e-15  4.52689e-24  2.75062e-15  1.94524e-24  1.47044e-15  4.11719e-25  4.24128e-16 -1.34689e-27  9.04524e-17 -5.28266e-26  1.50605e-17 -2.88185e-26  1.89991e-18 -8.68554e-27  1.47948e-19 -1.18608e-27 -4.54118e-21  4.03311e-28 -4.26347e-21  3.77185e-28 -9.50383e-22   1.6511e-28 -1.47922e-22  5.08765e-29 -1.82961e-23  1.20152e-29 -1.86828e-24  2.23896e-30 -1.59119e-25  3.32064e-31 -1.12565e-26  3.88115e-32  -6.5081e-28  3.39822e-33 -2.97687e-29  1.93326e-34 -1.00936e-30  3.59583e-36  -2.1415e-32 -4.61875e-37 -7.34642e-35 -5.06787e-38  1.13453e-35  -2.4745e-39  3.31398e-37 -5.51295e-41  2.76093e-39
-8.68893e-09 -6.30102e-22  3.14675e-07 -5.27818e-20 -4.30048e-06  4.69985e-19  3.41233e-05 -1.75982e-18 -0.000180301  3.61389e-18  0.000675554 -4.20446e-18  -0.00184806  2.00656e-18   0.00371577  2.42429e-18  -0.00539968  -9.1779e-18   0.00535507  2.23059e-17  -0.00301582 -4.46393e-17  6.77776e-05  6.70182e-17   0.00113292 -7.08656e-17 -0.000434951  4.90762e-17 -0.000315852 -1.61277e-17  0.000183904 -9.07613e-18  0.000107296   1.8942e-17 -4.98076e-05 -1.45781e-17  -4.1805e-05  3.12627e-18  5.04795e-06  4.24692e-18  1.33757e-05 -3.33778e-18  3.17708e-06  4.37969e-20 -2.24035e-06  8.30338e-19 -1.71142e-06 -3.15483e-19 -2.44207e-07 -4.08796e-20  2.59396e-07  1.40372e-19  1.77076e-07 -2.84228e-20  3.90736e-08 -6.98539e-20 -1.19119e-08  3.74559e-21 -1.27862e-08  3.02022e-20  -4.8275e-09  5.69899e-21 -6.68601e-10 -7.23157e-21  3.00662e-10 -3.88015e-21  2.37636e-10  2.10467e-22  8.63197e-11  9.56817e-22   1.8176e-11  3.81628e-22  6.23723e-13 -1.61567e-23 -1.27517e-12 -8.72794e-23 -6.31938e-13 -3.86884e-23 -1.88912e-13 -2.18903e-24 -4.00882e-14  4.73835e-24 -5.57379e-15  2.38741e-24 -1.34286e-16  6.13712e-25  2.01109e-16  4.31955e-26  7.58889e-17  -5.3051e-26   1.8132e-17 -3.23763e-26  3.34175e-18 -9.76059e-27  4.97103e-19 -1.14971e-27  5.93962e-20    5.529e-28  5.35524e-21  4.36921e-28  2.72356e-22  1.76197e-28  -1.5538e-23  5.07551e-29 -6.14292e-24   1.1266e-29 -9.38592e-25  1.98032e-30 -1.02212e-25  2.78544e-31 -8.75332e-27  3.11213e-32 -6.05003e-28  2.64955e-33 -3.37589e-29  1.56441e-34 -1.49746e-30  5.05777e-36  -5.1169e-32 -3.74181e-38 -1.27458e-33 -1.27958e-38 -2.09071e-35 -5.73562e-40 -1.79079e-37 -7.84939e-42
  1.6036e-21 -4.99764e-08  2.42895e-21  1.08505e-06 -2.06826e-19 -1.18323e-05  1.31664e-18  8.11604e-05 -3.93697e-18 -0.000384186  6.66253e-18   0.00131312 -6.37501e-18  -0.00330423  2.42429e-18   0.00611493  2.27252e-18  -0.00810555  -7.7499e-18   0.00711262  2.13106e-17  -0.00310428 -4.73748e-17 -0.000787738  7.23658e-17   0.00161191 -7.33932e-17 -0.000223801  4.77373e-17 -0.000553051 -1.61226e-17  0.000119431 -5.67817e-18  0.000192644   1.5896e-17 -1.71551e-05 -1.39121e-17 -6.38566e-05  3.27496e-18 -1.10137e-05  4.05763e-18  1.49194e-05  -2.9358e-18  8.31622e-06 -6.32885e-20 -5.71557e-07  5.75813e-19 -2.28638e-06 -2.50846e-19 -9.14744e-07  6.03255e-20  5.93572e-08  1.46397e-19  2.17128e-07 -5.80582e-20  9.97187e-08  -8.8186e-20  1.30135e-08  6.71154e-21 -9.79595e-09  3.78807e-20 -7.18908e-09  8.29957e-21 -2.38334e-09 -8.29685e-21 -2.95491e-10 -5.04759e-21  1.37119e-10 -3.77909e-23  1.02415e-10    1.088e-21  3.68592e-11  4.94184e-22  8.33738e-12  9.26397e-24  8.17641e-13 -9.70406e-23  -2.6139e-13 -4.72979e-23 -1.70028e-13 -4.81833e-24 -5.53182e-14   4.6728e-24 -1.29021e-14  2.74629e-24 -2.24641e-15  8.02811e-25 -2.61268e-16  9.04464e-26 -4.77889e-18 -4.86909e-26  7.10968e-18 -3.30335e-26  2.30103e-18 -9.67605e-27  4.77329e-19 -8.34347e-28  7.71468e-20  7.10675e-28  1.02239e-20  4.71409e-28  1.12437e-21  1.74862e-28  1.01496e-22  4.70702e-29  7.21342e-24  9.81055e-30  3.54145e-25  1.62338e-30  4.57068e-27  2.15607e-31  -1.2379e-27  2.28311e-32 -1.57637e-28  1.85768e-33 -1.15258e-29   1.0827e-34  -5.9282e-31  4.01267e-36 -2.18932e-32  6.19666e-38 -5.54196e-34 -1.78463e-39 -8.44089e-36 -9.18232e-41 -5.04966e-38
  4.0552e-09  8.86744e-21  -1.7976e-07  2.85362e-20  2.93177e-06 -6.62869e-19 -2.73241e-05  3.19113e-18  0.000167959  -7.7675e-18 -0.000728645  1.08611e-17    0.0023075 -8.35043e-18  -0.00539968  2.27252e-18   0.00926389  1.13396e-18   -0.0112291 -3.16144e-18   0.00863524  1.64327e-17  -0.00258686 -4.66864e-17  -0.00196524  7.33644e-17   0.00192802 -6.96233e-17   0.00020385  4.11083e-17 -0.000757262 -1.48857e-17 -3.96149e-05 -1.06984e-18  0.000260806  1.21323e-17  4.88998e-05 -1.31675e-17 -7.27132e-05  3.26271e-18 -3.46423e-05  3.84664e-18  9.71978e-06 -2.30563e-18  1.31276e-05 -2.00361e-19  2.86644e-06  2.23452e-19 -1.95669e-06 -1.90505e-19 -1.58444e-06  1.94006e-19 -3.52554e-07  1.65386e-19  1.44457e-07 -9.50208e-20  1.42396e-07  -1.1215e-19  4.94671e-08  9.11178e-21  2.78812e-09  4.62601e-20 -6.08073e-09  1.15158e-20 -3.61521e-09 -9.06098e-21 -1.10629e-09 -6.16647e-21 -1.40927e-10 -3.57458e-22  4.90502e-11  1.16697e-21  3.82317e-11  5.93161e-22  1.39675e-11  3.64944e-23  3.39166e-12 -1.03213e-22  4.99097e-13  -5.4495e-23 -7.84394e-15 -7.46189e-24 -3.26604e-14  4.37266e-24 -1.24975e-14  2.98156e-24 -3.17989e-15  9.51755e-25 -6.20523e-16  1.32989e-25 -9.43552e-17 -4.01317e-26 -1.03814e-17 -3.04207e-26 -5.09995e-19 -8.35779e-27  1.02123e-19 -2.80438e-28  3.63844e-20  8.50498e-28  6.88387e-21  4.75553e-28  9.79142e-22   1.6192e-28  1.12969e-22  4.06665e-29  1.08272e-23  7.94324e-30  8.65412e-25  1.23372e-30  5.72074e-26  1.53949e-31  3.06409e-27  1.53189e-32  1.27911e-28  1.17338e-33  3.84584e-30  6.52318e-35  6.66382e-32  2.43095e-36 -1.34495e-34  5.12987e-38 -3.71711e-35  2.25008e-40 -6.98146e-37 -7.48844e-42
 -4.2266e-21  1.45949e-08  3.14968e-20 -4.44012e-07  1.43731e-19  6.25322e-06 -1.79454e-18 -5.30606e-05  6.78671e-18   0.00030322 -1.36245e-17  -0.00123461  1.56773e-17    0.0036824  -9.1779e-18  -0.00810555  1.13396e-18    0.0129864 -1.33285e-18   -0.0144214  4.96821e-18   0.00956985  8.21588e-18  -0.00136114 -4.39067e-17  -0.00329835  7.09338e-17   0.00192359  -5.9909e-17  0.000815352  2.98461e-17 -0.000842826 -1.30121e-17 -0.000284373  4.36341e-18   0.00027514  8.44905e-18   0.00013974 -1.25737e-17 -5.63308e-05  2.90651e-18 -5.92546e-05  3.71724e-18 -3.97097e-06 -1.45614e-18   1.4822e-05  -3.6541e-19   7.3522e-06 -2.12653e-19 -2.90153e-07 -1.43979e-19  -1.8439e-06  3.53866e-19 -8.63513e-07  1.98967e-19 -7.20581e-08 -1.35997e-19  1.25639e-07 -1.40764e-19  7.98547e-08  9.96985e-21  2.23789e-08  5.44871e-20 -4.17217e-11  1.51598e-20 -3.13047e-09 -9.33938e-21 -1.64103e-09 -7.07527e-21  -4.8314e-10 -6.99952e-22 -6.98378e-11  1.18711e-21  1.22704e-11  6.64577e-22  1.19749e-11  5.94695e-23  4.56464e-12 -1.06499e-22  1.18157e-12 -5.97775e-23  2.14537e-13 -9.80308e-24  2.06531e-14  3.89938e-24  -2.7565e-15  3.06784e-24 -1.93575e-15  1.04034e-24 -5.68353e-16  1.65054e-25 -1.20887e-16 -2.82986e-26 -2.04532e-17 -2.48445e-26 -2.80261e-18 -6.03996e-27 -3.02851e-19   3.9885e-28 -2.29053e-20  9.44705e-28 -4.79269e-22   4.4952e-28  1.98698e-22  1.40211e-28  4.26951e-23  3.27793e-29  5.53632e-24  5.98407e-30  5.43628e-25  8.69196e-31  4.26486e-26  1.01336e-31  2.70489e-27  9.39286e-33  1.37654e-28  6.67744e-34  5.49529e-30   3.4453e-35  1.65139e-31  1.20342e-36   3.4732e-33  2.50227e-38  4.41711e-35  2.08839e-40  2.18524e-37
 3.23708e-10 -2.42286e-20   1.5666e-08  8.19908e-20 -6.83184e-07  5.11654e-19  1.01294e-05  -4.1956e-18 -8.53911e-05  1.28057e-17   0.00047561 -2.13824e-17  -0.00187066  1.99869e-17   0.00535507  -7.7499e-18   -0.0112291 -1.33285e-18    0.0169326 -5.30368e-18   -0.0172475  1.63922e-17    0.0096315 -1.77963e-18  0.000520477 -4.13358e-17  -0.00454033  6.67448e-17   0.00149257 -4.54987e-17   0.00151081  1.54661e-17 -0.000735832  -1.1334e-17 -0.000571798   1.0094e-17  0.000205373  5.61233e-18  0.000232883 -1.22573e-17 -8.27411e-06  2.06549e-18  -7.4665e-05  3.72469e-18 -2.46097e-05 -4.16819e-19  1.07685e-05 -5.50381e-19  1.12055e-05 -7.08806e-19  2.62177e-06 -1.16386e-19 -1.29775e-06  5.30064e-19 -1.23474e-06  2.45951e-19 -3.88313e-07 -1.76868e-19  2.41341e-08 -1.71982e-19  8.08144e-08  8.48124e-21  3.99318e-08  6.14486e-20  9.55598e-09  1.88654e-20 -3.39776e-10 -9.00192e-21 -1.37335e-09  -7.6074e-21 -6.70938e-10 -9.92751e-22 -1.96027e-10  1.15713e-21 -3.30661e-11  6.99508e-22  9.39537e-13  7.26724e-23  2.95608e-12 -1.08154e-22  1.23685e-12 -6.30382e-23  3.40597e-13 -1.16487e-23  6.97457e-14   3.3054e-24  1.02805e-14  2.99584e-24  7.67602e-16  1.05923e-24 -1.19441e-16  1.83662e-25 -6.32265e-17 -1.45455e-26 -1.56758e-17 -1.72341e-26  -2.8726e-18 -3.19278e-27 -4.25022e-19  1.05595e-27 -5.20844e-20  9.73277e-28 -5.28335e-21  3.98588e-28  -4.3298e-22  1.13694e-28 -2.66611e-23  2.46738e-29 -9.24917e-25  4.19595e-30  3.10588e-26  5.67514e-31  8.15458e-27  6.14329e-32    7.549e-28  5.25535e-33  4.65331e-29  3.41827e-34  2.06062e-30   1.5963e-35  6.45275e-32  4.95888e-37  1.31803e-33  8.81377e-39  1.41104e-35  5.45853e-41
 7.03865e-21  7.92659e-09 -9.22143e-20 -9.19165e-08  1.61043e-19 -9.84941e-08  1.44801e-18  1.03236e-05 -8.60924e-18 -0.000108157  2.16295e-17  0.000638144 -3.01846e-17  -0.00252732  2.23059e-17   0.00711262 -3.16144e-18   -0.0144214 -5.30368e-18    0.0206454 -1.07822e-17   -0.0192983  3.04061e-17   0.00869194 -1.14883e-17   0.00285033  -4.1414e-17  -0.00542936  6.24853e-17  0.000620948 -2.80933e-17   0.00214481 -4.35102e-20 -0.000402025 -1.06651e-17 -0.000832547  1.55472e-17  4.09345e-05  4.15953e-18  0.000297096 -1.22283e-17  6.77001e-05  7.00869e-19 -7.04637e-05  3.87484e-18  -4.6864e-05  7.52375e-19 -1.07722e-07 -7.46232e-19  1.22812e-05 -1.23292e-18  5.98571e-06  -1.0726e-19  1.96424e-07  7.10856e-19 -1.19009e-06  3.02841e-19 -6.78002e-07 -2.13258e-19 -1.46773e-07 -2.03003e-19  3.66834e-08  4.12081e-21  4.34308e-08  6.59322e-20  1.82378e-08  2.21224e-20  3.97127e-09 -8.01754e-21  -1.3625e-10 -7.62673e-21 -5.12643e-10  -1.1525e-21 -2.43994e-10  1.10081e-21 -7.21845e-11  6.97325e-22 -1.39457e-11  7.32233e-23 -9.97151e-13 -1.09299e-22  4.86495e-13 -6.44611e-23  2.60819e-13 -1.29506e-23  7.78981e-14  2.62246e-24   1.7266e-14  2.77276e-24  2.98553e-15  1.01087e-24  3.89517e-16  1.88657e-25  3.07906e-17 -5.14885e-28 -1.25868e-18 -8.90359e-27 -1.03728e-18 -3.74888e-28 -2.36843e-19  1.55775e-27 -3.80847e-20   9.3053e-28 -4.87784e-21  3.31659e-28 -5.16332e-22  8.63926e-29 -4.56301e-23  1.73511e-29  -3.3544e-24  2.73816e-30 -2.02078e-25  3.43143e-31 -9.68595e-27  3.42496e-32 -3.48961e-28  2.67703e-33 -8.26428e-30  1.56892e-34 -6.77808e-32  6.46067e-36  2.87159e-33  1.69535e-37  1.02389e-34  2.25883e-39  9.26652e-37
 -1.3203e-09  3.97803e-20  4.81131e-08 -2.70878e-19  -5.8912e-07  2.26933e-19  3.25517e-06  3.43275e-18 -2.52269e-06 -1.56967e-17 -8.82537e-05  3.29499e-17  0.000701548 -3.85104e-17  -0.00301582  2.13106e-17   0.00863524  4.96821e-18   -0.0172475 -1.07822e-17    0.0236759 -1.76744e-17   -0.0203022  4.61672e-17   0.00681808 -1.90091e-17   0.00531779 -4.58395e-17  -0.00576062  5.92168e-17 -0.000603033  -9.4249e-18   0.00256554 -1.46856e-17  0.000137271 -1.15433e-17 -0.000989687  2.02105e-17 -0.000201447  4.27008e-18  0.000302013 -1.24088e-17  0.000156469 -1.09293e-18 -4.03115e-05  4.14259e-18 -6.27817e-05   1.9607e-18 -1.62917e-05 -9.49287e-19  8.86559e-06 -1.74923e-18  8.45656e-06 -1.11246e-19    2.351e-06  8.84518e-19  -5.6038e-07  3.65082e-19 -7.75457e-07 -2.40898e-19   -3.242e-07 -2.30687e-19 -4.71628e-08 -3.32009e-21  2.48431e-08  6.68146e-20  2.03586e-08  2.43445e-20  7.69819e-09 -6.47986e-21  1.62794e-09 -7.06258e-21  2.57491e-12 -1.10475e-21 -1.58687e-10  1.05184e-21 -7.71285e-11  6.66661e-22 -2.34063e-11  6.22993e-23 -5.01051e-12 -1.10232e-22 -6.65787e-13 -6.43052e-23  9.75046e-15 -1.37567e-23   3.6963e-14  1.87161e-24  1.31903e-14  2.42293e-24  3.16587e-15  9.07763e-25  5.93379e-16  1.81968e-25  8.98948e-17  1.20887e-26  1.08748e-17 -1.20724e-27  9.70762e-19  1.93025e-27  4.23014e-20  1.82447e-27 -5.01662e-21  8.26469e-28 -1.53473e-21  2.58948e-28 -2.30305e-22   6.1528e-29 -2.53424e-23  1.13987e-29 -2.21258e-24  1.66211e-30 -1.56497e-25  1.91913e-31 -8.95355e-27  1.75243e-32 -4.07661e-28  1.23745e-33 -1.43101e-29  6.42197e-35 -3.66573e-31  2.26239e-36 -6.19262e-33  4.70505e-38 -5.46091e-35  3.75484e-40
-7.52147e-21 -6.89573e-09  1.49358e-19   1.7125e-07 -6.55212e-19 -1.95318e-06  1.59777e-19  1.24087e-05  7.02281e-18 -4.21602e-05 -2.56755e-17  2.05623e-05  4.55758e-17  0.000547827 -4.46393e-17  -0.00310428  1.64327e-17   0.00956985  1.63922e-17   -0.0192983 -1.76744e-17     0.025702 -2.58793e-17   -0.0201916  6.29481e-17   0.00424625 -2.31235e-17   0.00759208 -5.50012e-17  -0.00543727  5.71056e-17  -0.00201163  8.99669e-18   0.00265589 -2.68606e-17   0.00080728 -1.40593e-17 -0.000981078  2.37271e-17 -0.000479219   5.7375e-18  0.000228618 -1.26873e-17  0.000234668 -3.09703e-18  1.46484e-05  4.49804e-18  -6.4367e-05  3.09941e-18 -3.35965e-05 -1.16495e-18   6.0275e-07 -2.22543e-18  8.61731e-06 -1.20988e-19  4.45227e-06  1.04083e-18  5.87956e-07  4.28556e-19 -5.56189e-07 -2.55789e-19 -4.18517e-07 -2.51964e-19 -1.40381e-07  -1.3724e-20 -1.33789e-08   6.3251e-20  1.24743e-08  2.49612e-20  8.45241e-09 -4.60603e-21  3.00286e-09 -5.93491e-21  6.48709e-10  -8.0525e-22  3.65419e-11  1.04474e-21 -3.80904e-11  6.23476e-22 -2.04361e-11  4.52075e-23 -6.45082e-12 -1.10104e-22 -1.48606e-12 -6.26948e-23 -2.50746e-13 -1.41261e-23 -2.51408e-14  1.08544e-24  1.38095e-15  1.98727e-24  1.38344e-15  7.69017e-25  3.96965e-16  1.66613e-25   8.0401e-17  2.18138e-26   1.2981e-17  4.79807e-27  1.72991e-18  3.43327e-27   1.9115e-19  1.84474e-27  1.71911e-20  6.82663e-28  1.18643e-21   1.8963e-28  5.08775e-23   4.1058e-29 -6.28984e-25  6.99213e-30 -3.66222e-25  9.37611e-31  -4.0072e-26  9.91116e-32 -2.83854e-27  8.20609e-33 -1.45545e-28  5.16684e-34 -5.41836e-30  2.32531e-35 -1.39072e-31  6.74021e-37 -2.15437e-33  1.00637e-38 -1.31063e-35
 2.05945e-10 -4.21418e-20 -1.78836e-08   4.3415e-19  4.04585e-07 -1.35517e-18 -4.52378e-06 -2.50922e-19   2.9871e-05  1.26397e-17 -0.000120922 -3.79712e-17  0.000261207  5.76101e-17  6.77776e-05 -4.73748e-17  -0.00258686  8.21588e-18    0.0096315  3.04061e-17   -0.0203022 -2.58793e-17    0.0266048 -3.53143e-17      -0.0191  8.01709e-17   0.00130729 -2.34842e-17   0.00940203 -6.79074e-17  -0.00448422  5.55876e-17  -0.00340193  2.59479e-17   0.00236181 -3.56192e-17    0.0014981 -1.78198e-17 -0.000777262  2.59466e-17 -0.000734002   8.0393e-18  7.66419e-05 -1.29715e-17  0.000277156 -5.01356e-18  8.47678e-05  4.92747e-18 -4.66224e-05  4.06472e-18 -4.62234e-05 -1.40599e-18 -1.09974e-05 -2.63952e-18  5.61121e-06 -1.31413e-19   5.5851e-06  1.17161e-18  1.91727e-06  4.90689e-19 -1.63493e-08 -2.54306e-19 -3.56009e-07 -2.64136e-19  -1.9824e-07 -2.66285e-20 -5.68339e-08  5.48444e-20 -3.88113e-09  2.35203e-20  5.05292e-09 -2.70616e-21  3.10522e-09 -4.36188e-21  1.06966e-09 -2.56198e-22  2.42176e-10  1.10461e-21  2.67521e-11  5.86561e-22 -5.70592e-12  2.99241e-23 -4.26387e-12 -1.07116e-22 -1.44566e-12 -5.95276e-23 -3.52784e-13 -1.40597e-23 -6.67209e-14  3.24782e-25 -9.60121e-15  1.51893e-24 -8.88657e-16  6.16057e-25  9.71932e-18  1.45871e-25  2.54526e-17  2.77746e-26  6.59558e-18  8.57013e-27   1.1596e-18  4.07814e-27  1.60976e-19  1.66556e-27   1.8435e-20  5.24917e-28  1.76472e-21  1.30165e-28   1.4099e-22  2.56538e-29  9.28022e-24  4.00124e-30   4.8982e-25  4.90816e-31  1.96552e-26  4.71547e-32  5.27762e-28  3.50355e-33   5.1242e-30   1.9363e-34 -2.50358e-31  7.35803e-36 -1.18621e-32  1.65897e-37 -1.89664e-34  1.44398e-39
 3.73911e-21 -1.02377e-09 -1.54374e-19 -1.19339e-08  1.04391e-18  5.82694e-07 -2.45861e-18 -7.58744e-06 -1.26381e-18  5.39846e-05  2.02817e-17 -0.000238572 -5.10862e-17  0.000646443  6.70182e-17 -0.000787738 -4.66864e-17  -0.00136114 -1.77963e-18   0.00869194  4.61672e-17   -0.0201916 -3.53143e-17    0.0264748 -4.58391e-17   -0.0173007   9.7239e-17  -0.00166385 -2.05019e-17    0.0105858 -8.25498e-17  -0.00302612  5.38098e-17  -0.00458363  4.04452e-17   0.00170037 -4.07198e-17   0.00209138 -2.20466e-17 -0.000389285  2.69201e-17 -0.000906295  1.04735e-17 -0.000133698 -1.32208e-17  0.000264529 -6.53371e-18  0.000153791  5.44137e-18 -9.86217e-06  4.78327e-18 -4.86475e-05 -1.68534e-18 -2.27623e-05 -2.98382e-18 -3.54266e-07 -1.43641e-19  5.00523e-06  1.27037e-18  2.91495e-06  5.50698e-19  6.94679e-07 -2.33467e-19  -1.2258e-07 -2.65111e-19 -1.83279e-07 -4.11993e-20 -8.48163e-08  4.17711e-20 -2.20373e-08  1.97868e-20 -1.48997e-09   -1.127e-21   1.6615e-09  -2.5452e-21  9.95227e-10  4.88203e-22  3.40334e-10  1.23878e-21  8.10763e-11  5.71875e-22  1.23989e-11  2.45424e-23  2.19164e-13 -9.92263e-23 -6.04072e-13 -5.45541e-23 -2.45837e-13 -1.34879e-23 -6.42517e-14 -3.24316e-25 -1.29629e-14  1.07422e-24 -2.10537e-15  4.68452e-25 -2.72874e-16  1.22753e-25 -2.61869e-17  2.98296e-26 -1.26142e-18  1.01195e-26  1.43892e-19  4.00302e-27  4.88877e-20  1.36592e-27  7.93644e-21  3.76012e-28  9.44401e-22  8.36762e-29  8.94837e-23  1.49927e-29  6.91014e-24  2.13315e-30  4.35383e-25   2.3795e-31  2.21049e-26  2.06045e-32   8.8157e-28  1.35695e-33  2.64439e-29  6.45491e-35  5.53374e-31  1.99709e-36  6.95535e-33  3.18821e-38  3.36073e-35
