 3.28545e-34 -2.90824e-43 -3.35861e-34  2.04957e-42  7.18201e-35  2.01712e-41 -2.42631e-35 -5.00616e-41  3.24847e-35 -2.96916e-41  -6.0927e-35  8.79341e-41  3.21743e-35  3.72114e-40 -9.83651e-36  5.91932e-42  2.89398e-36  2.14991e-40 -3.21793e-37 -4.19488e-40  1.31619e-36  1.02692e-39 -6.20552e-37 -1.92256e-40 -4.04968e-37 -2.65736e-42  4.40255e-37 -1.42079e-39  5.62656e-38  1.02352e-39 -2.46938e-37 -8.68755e-40  1.12969e-37  4.38575e-40  -2.4874e-38 -7.13143e-40  4.63947e-39  1.90214e-40  8.38491e-39   2.1971e-41 -1.73895e-39  1.42678e-40 -2.90657e-39 -4.71083e-41   1.6382e-39  6.91814e-41  8.51874e-41 -3.93584e-42  1.39707e-40  1.24384e-41  2.19976e-40 -1.46007e-42 -2.43562e-40  2.66077e-42  8.60853e-41  5.10117e-43 -4.56369e-42  -1.1991e-43  1.62464e-41 -7.00398e-43 -7.73314e-42  7.89033e-44  1.13648e-42 -4.75082e-44 -6.77268e-43  4.08039e-44  4.12668e-43  -3.7472e-44 -1.10421e-43  1.44468e-44   2.2333e-44 -6.04776e-45 -6.92875e-45  -6.3933e-46  -6.8454e-45  4.12372e-46  8.16565e-45 -3.44901e-46 -2.05758e-45  9.85202e-47 -2.85747e-46 -2.99925e-47  2.92214e-46  6.65311e-48 -7.72965e-47  1.78248e-48  9.91733e-47 -1.12986e-49  -4.0812e-47 -8.40941e-49  5.68451e-48  8.61433e-50  6.09719e-49  4.78987e-50 -6.35327e-49  9.12565e-51  2.02972e-49  7.09757e-51   -4.068e-50 -7.26969e-51  1.16099e-50  2.58244e-51 -3.42103e-51 -7.57731e-52   2.1639e-52  1.63987e-52  2.49333e-53 -3.79347e-53 -1.64873e-53  4.26197e-54  8.22014e-54  -3.4011e-55 -1.77267e-54  -4.1941e-56  1.21822e-55  2.58056e-56  9.21256e-58 -4.64193e-57  -4.8044e-58  6.09983e-58 -8.02206e-59 -8.47512e-59  1.88713e-59  1.52696e-59 -2.51845e-60 -1.61406e-60
-2.90824e-43  8.38441e-34  -3.4864e-42 -5.58419e-34  1.76136e-41  5.70136e-35  1.37858e-40  1.41435e-35 -2.59921e-40  2.73537e-35  -4.9294e-41 -7.26677e-35  2.50138e-40   4.0157e-35  1.87063e-39 -1.51948e-35  2.34682e-40  9.54609e-36  7.75489e-40 -4.25349e-36 -2.74699e-39  3.89681e-36   4.6584e-39 -1.59081e-36 -1.06389e-39 -1.31182e-36 -1.84594e-40  1.15959e-36 -7.26848e-39  1.84124e-37   4.5251e-39 -6.32509e-37 -3.91041e-39  2.93535e-37  1.52528e-39 -8.43594e-38 -2.97551e-39  1.37659e-38  6.86526e-40  2.91046e-38  1.36874e-40 -7.14731e-39  4.28638e-40 -7.82643e-39 -9.21651e-41  4.13472e-39  2.09393e-40   5.4279e-40 -1.64974e-41  6.91671e-40  3.21294e-41  5.65342e-40 -6.83436e-42 -8.08037e-40  1.14341e-41  2.84148e-40  1.26712e-42 -3.72355e-41  4.33323e-43  7.17018e-41 -2.82071e-42 -2.91435e-41  5.41519e-43  4.83998e-42 -2.99621e-43 -2.65837e-42  2.03638e-43  1.72863e-42 -1.53742e-43 -4.72345e-43  6.04271e-44  4.52678e-44 -2.47929e-44 -1.73416e-44 -2.87297e-45 -2.17667e-44  1.78669e-45  3.29111e-44 -1.45731e-45 -7.69601e-45  4.32195e-46 -1.59207e-45 -1.36892e-46  1.15325e-45  2.85394e-47 -3.31311e-46  9.44053e-48  4.06563e-46 -3.26964e-49 -1.58323e-46 -3.59631e-48  2.12227e-47  5.08275e-49  2.55074e-48  1.93044e-49 -2.45539e-48    2.261e-50   7.5555e-49  3.91095e-50 -1.57566e-49  -3.2356e-50  4.80002e-50  1.10539e-50 -1.35407e-50  -3.1497e-51  8.53574e-52  6.31512e-52  1.60814e-52 -1.38084e-52 -8.06373e-53    1.496e-53  3.01627e-53 -1.12416e-54 -5.87298e-54 -1.22352e-55  3.49408e-55  7.88878e-56  4.33822e-57 -1.43474e-56 -7.87057e-58  2.32418e-57 -3.46385e-58  -4.5903e-58  8.21108e-59  7.87867e-59 -8.24572e-60
-3.35861e-34  -3.4864e-42  1.17897e-33 -2.38461e-41 -5.60069e-34  9.91367e-41  4.56818e-35    5.958e-40  2.99533e-35 -8.67226e-40  1.17373e-35  1.76339e-40 -4.78724e-35  2.18872e-40  3.50298e-35  6.22394e-39 -2.21616e-35  1.78855e-39  2.24344e-35  1.90781e-39 -1.21912e-35 -1.18948e-38  7.47123e-36  1.48671e-38 -3.44662e-36 -3.85443e-39 -2.54675e-36 -5.23003e-40  2.00591e-36 -2.51511e-38  5.34456e-37  1.37227e-38 -1.17159e-36 -1.20108e-38  5.57851e-37   3.6232e-39 -2.10523e-37 -8.46105e-39  2.41828e-38    1.622e-39  7.05867e-38  6.39257e-40 -2.23263e-38   9.1399e-40 -1.27805e-38 -5.49366e-44   6.9541e-39  4.22928e-40  1.72581e-39 -4.05029e-41  2.55181e-39  5.02377e-41  7.56914e-40 -2.09537e-41 -1.90691e-39  3.48968e-41  6.95292e-40  8.79701e-43 -1.60615e-40  3.78743e-42  2.19187e-40 -8.06654e-42 -8.10465e-41  2.16027e-42  1.53487e-41 -1.14943e-42 -7.42355e-42  6.89986e-43  4.93381e-42 -4.53134e-43 -1.32316e-42  1.75061e-43 -1.96926e-44 -7.07632e-44  -2.4333e-44 -9.69812e-45 -5.32333e-44  5.33657e-45  9.30529e-44 -4.25446e-45 -1.93609e-44  1.30263e-45  -5.5993e-45 -4.39925e-46  3.21507e-45  8.65673e-47 -1.09681e-45  3.40308e-47  1.23254e-45 -1.97193e-49  -4.5217e-46 -1.10601e-47  5.89983e-47  1.96997e-48  7.26012e-48   5.4181e-49 -6.58226e-48  1.28363e-50  1.97686e-48  1.43796e-49 -4.49526e-49 -9.90339e-50  1.43041e-49  3.23651e-50 -3.88444e-50 -8.87941e-51  2.75687e-51  1.64784e-51  5.20163e-52 -3.42288e-52 -2.44041e-52  3.59004e-53  7.55313e-53 -2.59405e-54 -1.33828e-53 -2.57365e-55  6.76874e-55   1.8136e-55  7.68167e-57 -3.82705e-56  1.54909e-57  8.71574e-57 -1.46476e-57 -1.95642e-57  2.74294e-58  2.20626e-58
 2.04957e-42 -5.58419e-34 -2.38461e-41  1.16805e-33 -1.14066e-40 -4.45942e-34  4.22515e-40  5.59912e-35  1.91117e-39  3.76893e-35 -2.13816e-39 -1.56155e-35  1.36459e-39   -2.783e-37 -1.16588e-39  2.27077e-35  1.62852e-38 -3.52141e-35  7.86827e-39  4.09139e-35  4.12437e-39 -2.23139e-35   -3.958e-38  1.10019e-35  3.90315e-38 -6.55728e-36 -1.14589e-38 -3.86499e-36  4.60627e-40  2.68468e-36 -6.82799e-38  1.29591e-36  3.28861e-38 -1.81537e-36 -2.92684e-38  8.77927e-37  6.83254e-39 -4.31853e-37  -1.8934e-38  2.68988e-38  2.85703e-39  1.37721e-37  2.25501e-39 -5.69829e-38  1.60054e-39 -1.24469e-38  5.71573e-40   9.6113e-39  6.27987e-40  3.15289e-39 -5.74969e-41  7.70344e-39  3.52288e-41 -3.94524e-41 -5.08039e-41 -3.69953e-39  8.64382e-41  1.46641e-39 -5.61975e-42 -4.99305e-40  1.41078e-41  5.36595e-40 -1.87172e-41 -1.88811e-40  6.33166e-42  3.91368e-41 -3.29782e-42 -1.67292e-41  1.84837e-42  1.12333e-41 -1.10111e-42 -2.87405e-42   4.0722e-43 -4.12094e-43 -1.63228e-43 -1.46289e-44   -2.686e-44 -1.15431e-43   1.2587e-44  2.13086e-43 -9.95942e-45 -3.88756e-44  3.13763e-45 -1.45931e-44 -1.14941e-45  7.29056e-45   2.1268e-46 -3.14586e-45  9.64745e-47  3.16359e-45  3.13773e-48 -1.09237e-45 -2.80427e-47  1.39945e-46  5.87745e-48  1.58528e-47  1.20993e-48 -1.39344e-47 -1.01564e-49  4.17046e-48  4.09544e-49 -1.06649e-48 -2.40052e-49  3.50058e-49  7.48035e-50 -9.28982e-50 -1.96135e-50  7.77768e-51  3.37044e-51  1.16378e-51 -6.68951e-52 -5.53617e-52  6.80113e-53  1.48972e-52 -4.61607e-54  -2.4127e-53 -5.71968e-55  1.05076e-54  4.16739e-55 -1.42525e-56 -1.17584e-55  1.58784e-56  3.29633e-56    -5.23e-57 -6.26081e-57  5.97134e-58
 7.18201e-35  1.76136e-41 -5.60069e-34 -1.14066e-40  9.50165e-34 -4.19414e-40 -3.59999e-34  1.44121e-39  6.24668e-35  4.89681e-39  6.06786e-35 -4.05637e-39 -5.21207e-35   4.8962e-39   5.5536e-35  -6.9842e-39  1.13911e-35  3.65807e-38 -5.89126e-35  2.50398e-38  6.15256e-35   1.0049e-38 -3.20701e-35 -1.08167e-37  1.41244e-35  9.01495e-38 -1.09552e-35 -3.04088e-38 -5.24219e-36    8.659e-39  2.90804e-36 -1.54863e-37  2.64479e-36  6.61133e-38 -2.50514e-36 -6.03536e-38   1.1849e-36  1.09795e-38 -7.59174e-37 -3.53804e-38  1.23267e-38  3.85006e-39  2.28135e-37  6.33405e-39 -1.21256e-37   2.4005e-39 -1.66405e-39  2.21956e-39  1.46405e-38  6.24126e-40  1.72121e-39  4.30216e-42  1.97754e-38 -7.22569e-41 -3.34428e-39 -1.06069e-40 -6.23557e-39  1.83074e-40  2.80904e-39 -2.87666e-41 -1.23685e-39  3.72104e-41  1.11239e-39 -3.71089e-41  -3.8291e-40  1.50265e-41  8.19868e-41 -7.75022e-42  -3.1746e-41  4.18727e-42  2.18303e-41 -2.32981e-42 -5.22346e-42  8.09289e-43 -1.54011e-42 -3.23839e-43  8.09897e-45 -6.29352e-44 -2.29995e-43  2.46554e-44  4.21617e-43 -1.98695e-44 -6.92817e-44  6.43738e-45 -3.01384e-44 -2.58836e-45  1.43275e-44  4.45136e-46 -8.03452e-45  2.27093e-46  7.19119e-45  1.97354e-47 -2.33989e-45 -6.18882e-47  2.95902e-46  1.45429e-47  2.69135e-47  2.22136e-48 -2.41277e-47  -4.5245e-49  7.44744e-48  9.61629e-49 -2.19099e-48 -4.87548e-49  7.40583e-49  1.44641e-49 -1.95268e-49 -3.60158e-50  1.90458e-50  5.74578e-51  2.00118e-51   -1.095e-51 -1.01941e-51  1.06758e-52   2.4506e-52 -5.69853e-54 -3.65235e-53 -1.83396e-54  1.55716e-54  1.18661e-54 -1.59759e-55 -4.13476e-55  6.86618e-56  1.09795e-55   -1.429e-56 -1.29499e-56
 2.01712e-41  5.70136e-35  9.91367e-41 -4.45942e-34 -4.19414e-40  7.68452e-34 -1.25902e-39 -3.32564e-34  4.05464e-39  4.91475e-35  1.05318e-38  1.05413e-34 -5.75141e-39 -9.05952e-35  1.26859e-38  1.04428e-34 -2.36682e-38  1.20995e-35  7.50271e-38 -9.65121e-35  6.34283e-38  7.91966e-35  2.92612e-38 -4.01193e-35 -2.52021e-37  1.78671e-35  1.89811e-37 -1.61432e-35 -7.39577e-38 -6.86053e-36  3.89541e-38  2.40872e-36 -3.04098e-37  4.69853e-36  1.15417e-37 -3.18271e-36 -1.09198e-37  1.37002e-36  1.58089e-38 -1.17245e-36 -5.70499e-38 -2.10734e-38   3.7239e-39  3.27644e-37  1.48928e-38 -2.18007e-37  3.00357e-39  1.76607e-38  5.77522e-39  3.14063e-38  6.41666e-41 -1.04916e-38  3.05564e-40  4.42951e-38 -3.52336e-40 -1.13406e-38 -1.98533e-40 -9.35824e-39   3.4008e-40  4.96273e-39 -8.43567e-41 -2.55949e-39  7.89416e-41  2.00719e-39 -6.46418e-41 -6.85952e-40   3.0434e-41   1.4239e-40 -1.56992e-41 -5.14433e-41  8.33927e-42  3.75758e-41 -4.41818e-42 -8.32388e-42  1.42284e-42 -3.88413e-42 -5.72281e-43 -2.15999e-44 -1.27018e-43 -4.26013e-43  4.07312e-44  7.52551e-43 -3.48372e-44 -1.20564e-43  1.16606e-44 -5.09444e-44 -5.18372e-45  2.54586e-44  8.13142e-46 -1.83941e-44  4.54832e-46  1.47251e-44  7.57012e-47 -4.52388e-45 -1.22647e-46  5.67008e-46  3.13152e-47  3.23554e-47  3.26496e-48 -3.36999e-47 -1.14587e-48  1.14607e-47   1.9263e-48 -3.97773e-48 -8.54666e-49  1.39395e-48  2.41463e-49 -3.69667e-49 -5.68054e-50   4.0419e-50   8.4576e-51  2.75659e-51 -1.54584e-51  -1.5889e-51  1.36446e-52  3.47254e-52  6.76779e-55  -4.8875e-53 -7.53363e-54  2.92981e-54  4.08806e-54  -7.2767e-55 -1.40533e-54  2.16468e-55  2.84722e-55 -2.62653e-56
-2.42631e-35  1.37858e-40  4.56818e-35  4.22515e-40 -3.59999e-34 -1.25902e-39   7.0365e-34 -3.23674e-39 -3.38573e-34  9.61994e-39  2.32632e-35  1.99353e-38  1.67564e-34 -4.66251e-39 -1.24107e-34  2.69257e-38  1.31727e-34 -6.22049e-38  3.38128e-35  1.46595e-37 -1.47314e-34  1.34569e-37  8.89517e-35  8.66678e-38 -4.69506e-35 -5.12666e-37  2.41769e-35  3.71439e-37 -2.12239e-35 -1.65482e-37 -8.80054e-36  1.20216e-37  9.38174e-37 -5.29307e-37   7.4694e-36  1.79125e-37 -3.76705e-36 -1.77292e-37  1.30136e-36  2.12835e-38 -1.62019e-36 -8.10815e-38  -5.8243e-38  1.58909e-39  4.07234e-37  3.04303e-38 -3.32689e-37  2.65484e-39  2.83787e-38  1.22044e-38  7.92607e-38 -1.55081e-39 -4.77521e-38  1.10988e-39  8.82348e-38 -8.77497e-40 -2.66037e-38 -3.37241e-40 -1.26202e-38  5.60285e-40  8.09291e-39 -1.88853e-40 -4.54151e-39   1.4275e-40   3.1968e-39 -1.00798e-40 -1.09255e-39  5.43273e-41  2.03477e-40 -2.82844e-41 -7.06006e-41  1.49678e-41   5.8518e-41 -7.64268e-42 -1.20345e-41  2.26497e-42 -7.77979e-42 -9.22069e-43 -2.69249e-43 -2.22953e-43 -7.47277e-43  5.56714e-44  1.25366e-42 -5.44037e-44 -2.17753e-43   1.9077e-44 -7.13249e-44 -9.40685e-45  4.22394e-44  1.31209e-45 -3.78448e-44  7.82055e-46  2.73524e-44  2.25833e-46  -7.9512e-45 -2.23259e-46  9.93756e-46  6.08629e-47  1.18878e-47  3.28453e-48 -3.42851e-47 -2.09016e-48  1.51829e-47  3.36146e-48 -6.47049e-48 -1.31583e-48  2.37813e-48  3.54964e-49 -6.37531e-49  -7.8618e-50  7.48116e-50  1.09931e-50  3.05559e-51 -1.88099e-51   -2.152e-51  1.09153e-52  4.37917e-52   4.0355e-53 -6.39109e-53 -3.11298e-53  7.86116e-54  1.41831e-53 -2.47896e-54 -4.04345e-54  5.23038e-55  4.84764e-55
-5.00616e-41  1.41435e-35    5.958e-40  5.59912e-35  1.44121e-39 -3.32564e-34 -3.23674e-39  7.26497e-34 -7.44524e-39  -3.6654e-34  1.96912e-38 -2.73905e-37  3.51975e-38  2.40715e-34  4.84069e-39 -1.48762e-34  5.06984e-38  1.27528e-34 -1.37221e-37  7.76872e-35  2.77896e-37 -2.05247e-34  2.46347e-37  8.72968e-35  2.32333e-37 -5.38661e-35 -9.26418e-37  3.45931e-35  6.82577e-37 -2.53109e-35 -3.40791e-37 -1.07563e-35  2.98664e-37 -1.61292e-36 -8.30827e-37  1.08036e-35  2.51582e-37 -4.10804e-36 -2.62022e-37  8.56511e-37  2.77427e-38 -2.03676e-36 -1.03153e-37  -6.2182e-38 -2.93744e-39  4.23584e-37  5.54975e-38 -4.24851e-37 -4.75204e-41  -7.4637e-39  2.24537e-38  1.88362e-37 -4.84001e-39 -1.30197e-37  2.74944e-39  1.58537e-37 -1.66452e-39 -5.15882e-38 -5.17412e-40  -1.5273e-38  8.18961e-40  1.21593e-38 -3.51221e-40 -7.00742e-39  2.27886e-40  4.51198e-39 -1.42886e-40 -1.54909e-39  8.72573e-41  2.27731e-40 -4.62051e-41 -7.80601e-41  2.46155e-41  8.33307e-41 -1.22054e-41 -1.62069e-41   3.3256e-42 -1.31796e-41   -1.379e-42 -9.75749e-43 -3.40121e-43 -1.27943e-42  5.68208e-44  2.00031e-42 -7.54115e-44 -4.04993e-43  2.85765e-44 -8.22172e-44 -1.56357e-44  6.68328e-44  1.87329e-45 -7.01374e-44  1.14976e-45  4.62676e-44  5.67039e-46 -1.27561e-44 -3.80281e-46    1.608e-45  1.09927e-46 -7.18109e-47 -7.71216e-51 -1.19198e-47 -2.77421e-48  1.69038e-47   5.1763e-48  -9.5325e-48  -1.7979e-48  3.72208e-48  4.65971e-49 -1.00645e-48 -9.69992e-50  1.21838e-49  1.26929e-50  2.62299e-51 -1.79558e-51  -2.6042e-51 -1.41961e-52  5.30116e-52  2.09712e-52 -1.00609e-52 -1.16276e-52  2.41525e-53   4.3383e-53 -6.87747e-54 -8.91468e-54  8.66781e-55
 3.24847e-35 -2.59921e-40  2.99533e-35  1.91117e-39  6.24668e-35  4.05464e-39 -3.38573e-34 -7.44524e-39  8.12097e-34 -1.59436e-38 -4.19458e-34  3.58905e-38 -1.34852e-35   6.2112e-38  3.19594e-34  3.41976e-38 -1.61448e-34  9.10357e-38  8.99835e-35 -2.60764e-37  1.35688e-34  5.08551e-37 -2.60535e-34  3.95696e-37  7.28926e-35  5.48017e-37 -6.11432e-35 -1.50962e-36  4.88492e-35  1.18489e-36 -2.79287e-35 -6.48301e-37 -1.20995e-35  6.37586e-37   -4.963e-36 -1.19221e-36  1.43183e-35  3.24615e-37 -3.94802e-36  -3.5577e-37 -3.61455e-38  3.58555e-38 -2.37404e-36 -1.19111e-37  2.72864e-38 -9.08562e-39  3.23146e-37  9.20274e-38 -4.25676e-37 -7.13642e-39 -1.48007e-37  3.72822e-38  3.97106e-37 -1.04626e-38 -2.80316e-37  5.53574e-39  2.59647e-37 -2.62165e-39  -8.8005e-38  -7.0646e-40 -1.63753e-38  1.04924e-39  1.68386e-38 -5.65569e-40 -9.43585e-39  3.30188e-40  5.59455e-39 -1.87073e-40 -1.94163e-39  1.27675e-40  1.58332e-40 -6.91558e-41 -5.58096e-41  3.75118e-41  1.08613e-40 -1.81673e-41 -2.06897e-41  4.58922e-42 -1.95611e-41 -1.94465e-42 -2.32065e-42 -4.42378e-43 -2.20106e-42  2.04505e-44  3.10214e-42 -8.97359e-44 -7.36749e-43  3.93257e-44 -7.58484e-44    -2.39e-44  1.01521e-43  2.32597e-45 -1.17347e-43   1.4122e-45  7.14883e-44  1.24592e-45 -1.87522e-44 -6.15103e-46  2.43092e-45  1.88515e-46 -2.73501e-46 -1.04344e-47  5.11551e-47 -2.11986e-48   1.4576e-47  7.08141e-48 -1.28235e-47 -2.19282e-48  5.38146e-48   5.5235e-49  -1.4566e-48 -1.07784e-49  1.75969e-49  1.23061e-50  1.59172e-51 -3.51893e-52 -3.02726e-51 -1.21958e-51  7.50848e-52  8.25648e-52 -2.23868e-52 -3.75171e-52  7.03774e-53   1.0833e-52 -1.51638e-53 -1.28404e-53
-2.96916e-41  2.73537e-35 -8.67226e-40  3.76893e-35  4.89681e-39  4.91475e-35  9.61994e-39  -3.6654e-34 -1.59436e-38  9.55037e-34 -3.27067e-38 -4.98306e-34  6.12745e-38 -1.90549e-35  1.15365e-37   3.9725e-34   1.0585e-37 -1.55951e-34  1.65489e-37  2.60532e-35 -4.28141e-37  1.94575e-34  8.82947e-37 -3.03675e-34  5.60536e-37  4.65962e-35  1.14502e-36 -6.65778e-35 -2.25373e-36   6.4171e-35  1.95141e-36 -2.91347e-35 -1.14707e-36 -1.23281e-35  1.21207e-36 -8.22766e-36 -1.58209e-36  1.73731e-35  3.90335e-37 -2.91728e-36 -4.46853e-37 -1.36416e-36  4.66928e-38  -2.6334e-36 -1.27117e-37  2.92047e-37 -1.41634e-38  4.67844e-38  1.40452e-37 -2.44792e-37 -2.08876e-38 -4.62753e-37  5.71086e-38  7.45785e-37 -1.89908e-38 -5.16201e-37  9.64696e-39  3.90604e-37 -3.51583e-39  -1.3636e-37 -8.36649e-40 -1.49896e-38  1.13672e-39  2.15762e-38 -8.10716e-40  -1.0962e-38   4.4677e-40  5.88481e-39 -2.30555e-40 -2.09623e-39   1.7106e-40 -7.23164e-41 -9.51132e-41  2.09157e-41  5.33862e-41    1.281e-40 -2.54306e-41 -2.51554e-41  6.09206e-42 -2.61101e-41 -2.62685e-42 -4.18218e-42 -4.57678e-43 -3.83921e-42 -9.16406e-44  4.68418e-42 -8.05569e-44 -1.25113e-42  4.90336e-44 -5.27237e-44 -3.34555e-44  1.46861e-43  2.33288e-45 -1.77475e-43   1.3502e-45  1.01203e-43   2.4508e-45 -2.53827e-44 -9.54095e-46  3.48294e-45  3.10732e-46 -6.57229e-46 -3.31145e-47  1.71499e-46  1.44287e-48   6.4801e-48  8.60999e-48  -1.5833e-47 -2.39152e-48  7.20646e-48  5.96128e-49 -1.93224e-48 -1.06175e-49  2.26197e-49  5.57949e-51  1.20361e-51  5.76742e-51 -4.18492e-51 -5.11563e-51  1.56364e-51  2.74721e-51  -6.1012e-52 -1.01072e-51  1.78426e-52  2.04753e-52  -2.3236e-53
 -6.0927e-35  -4.9294e-41  1.17373e-35 -2.13816e-39  6.06786e-35  1.05318e-38  2.32632e-35  1.96912e-38 -4.19458e-34 -3.27067e-38  1.14981e-33 -6.48885e-38 -5.97174e-34   1.0522e-37 -2.60549e-35  2.25077e-37   4.6079e-34  2.61333e-37 -1.23503e-34  3.11219e-37 -4.98504e-35 -5.97506e-37  2.42211e-34   1.4277e-36 -3.29034e-34  6.92218e-37  1.10768e-35  2.15055e-36 -6.52904e-35 -3.14333e-36  7.56747e-35  3.06172e-36  -2.9315e-35 -1.90303e-36 -1.16175e-35  2.09782e-36 -9.96784e-36 -1.96086e-36  1.91166e-35  4.44147e-37 -5.70788e-37  -5.2331e-37 -3.02709e-36  6.24776e-38 -2.88054e-36 -1.29701e-37  8.34444e-37 -1.27052e-38 -4.68382e-37  1.98729e-37  2.11843e-37  -4.3112e-38 -1.01536e-36  8.18919e-38   1.2666e-36 -3.07701e-38 -8.42695e-37  1.50574e-38   5.4278e-37 -3.98536e-39    -1.96e-37 -8.15366e-40 -1.03371e-38  9.32344e-40  2.57566e-38 -1.06059e-39 -1.04871e-38   5.8393e-40  4.64574e-39 -2.73697e-40 -1.78981e-39  2.09162e-40 -5.30673e-40 -1.19679e-40  1.82957e-40  7.13567e-41  1.31875e-40 -3.38004e-41 -2.87608e-41  8.01551e-42 -3.21574e-41 -3.45866e-42 -5.88748e-42 -2.70348e-43 -6.68326e-42  -3.3502e-43  6.83002e-42 -1.66244e-44 -1.93074e-42  5.25557e-44 -2.68698e-44 -4.21478e-44   1.9837e-43  1.27078e-45 -2.42462e-43  7.47096e-46   1.3169e-43  4.37831e-45 -3.18436e-44 -1.42471e-45  4.80018e-45  4.93709e-46 -1.27756e-45 -7.34444e-47  3.57116e-46  9.60475e-48 -8.02501e-48  9.22041e-48 -1.79565e-47 -2.32028e-48   8.9292e-48  5.80391e-49 -2.34452e-48  -7.6188e-50  2.55885e-49 -2.35619e-50  6.13633e-51   2.7576e-50 -8.95201e-51  -1.7404e-50  4.32901e-51  7.74362e-51 -1.64594e-51 -2.18398e-51  3.66384e-52  2.51576e-52
 8.79341e-41 -7.26677e-35  1.76339e-40 -1.56155e-35 -4.05637e-39  1.05413e-34  1.99353e-38 -2.73905e-37  3.58905e-38 -4.98306e-34 -6.48885e-38  1.38567e-33 -1.23359e-37  -7.0464e-34  1.92974e-37 -4.30107e-35  4.41034e-37  4.91551e-34  5.71146e-37 -5.88575e-35  5.92435e-37 -1.19052e-34 -6.72306e-37  2.72036e-34  2.11733e-36 -3.35875e-34  7.09292e-37 -2.99118e-35  3.68438e-36  -5.0944e-35 -4.19952e-36  7.77176e-35   4.5966e-36 -2.87938e-35 -2.98253e-36 -1.10995e-35  3.35289e-36 -8.58466e-36 -2.28849e-36  1.86258e-35  4.86447e-37  3.54247e-36 -5.79558e-37 -4.87316e-36  8.82642e-38 -3.23348e-36 -1.35172e-37  1.77836e-36    4.205e-39  -1.2888e-36  2.61601e-37  1.01269e-36 -7.44504e-38 -1.83962e-36  1.11081e-37  1.97091e-36  -4.5834e-38   -1.243e-36  2.15771e-38  6.99543e-37 -3.61027e-39 -2.65895e-37 -5.57555e-40 -1.73238e-39   2.8721e-40  2.88742e-38 -1.30375e-39 -6.84674e-39   7.6492e-40  1.02487e-39 -3.20151e-40 -7.66783e-40  2.29589e-40 -1.27296e-39 -1.35869e-40  4.66897e-40  8.99565e-41  1.05761e-40 -4.31071e-41 -2.97829e-41  1.07977e-41 -3.76794e-41 -4.52698e-42 -6.10385e-42  2.84015e-43  -1.1305e-41 -7.85018e-43  9.49559e-42  1.55285e-43 -2.66879e-42  3.97795e-44 -2.42143e-44 -4.55994e-44  2.42721e-43 -1.94874e-45 -2.97916e-43 -4.75714e-46  1.58102e-43   7.1706e-45 -3.73644e-44 -2.04525e-45  6.44065e-45  7.53333e-46 -2.15305e-45 -1.35442e-46  6.00356e-46  2.36057e-47 -2.80235e-47  8.43196e-48 -1.85872e-47 -1.93188e-48  1.01858e-47  4.45909e-49 -2.58025e-48  4.97337e-50  2.35383e-49 -1.29541e-49  3.23406e-50  9.65061e-50 -2.62569e-50 -5.04594e-50  1.24538e-50   1.8084e-50 -3.92058e-51 -3.54525e-51  5.26979e-52
 3.21743e-35  2.50138e-40 -4.78724e-35  1.36459e-39 -5.21207e-35 -5.75141e-39  1.67564e-34  3.51975e-38 -1.34852e-35  6.12745e-38 -5.97174e-34 -1.23359e-37  1.64927e-33 -2.20336e-37 -8.05379e-34  3.77916e-37 -7.28256e-35  8.28687e-37  4.71264e-34  1.14358e-36  3.30766e-35  1.09915e-36 -1.63175e-34 -5.01689e-37  2.83379e-34  2.84059e-36 -3.26623e-34  4.94442e-37 -7.26191e-35   5.8317e-36 -1.77831e-35  -5.5316e-36  6.56247e-35  6.63191e-36 -2.74535e-35 -4.43984e-36 -1.26744e-35  4.99121e-36 -2.93534e-36 -2.52839e-36  1.51264e-35   5.2162e-37  9.78825e-36 -6.23962e-37 -6.76125e-36  1.33922e-37 -3.83129e-36 -1.57833e-37  3.27021e-36   4.8894e-38 -2.47789e-36  3.20583e-37  2.16189e-36 -1.14131e-37 -2.91219e-36    1.437e-37  2.83604e-36 -6.39545e-38  -1.6742e-36  2.90254e-38  8.38798e-37 -2.03013e-39 -3.46078e-37  -3.3025e-41  1.18027e-38 -8.96887e-40  3.05431e-38 -1.56447e-39  1.02813e-39  1.03247e-39 -5.84297e-39 -3.73022e-40  1.23989e-39  2.15994e-40 -2.34345e-39 -1.34795e-40  9.15826e-40  1.07287e-40  3.11553e-41 -5.32876e-41 -2.54082e-41  1.52232e-41 -4.36115e-41 -6.00857e-42 -3.00014e-42   1.4223e-42 -1.81638e-41  -1.5384e-42  1.24301e-41  5.17734e-43 -3.26473e-42 -6.72505e-45 -7.11751e-44 -3.64434e-44  2.55555e-43 -9.05169e-45 -3.25535e-43 -2.10775e-45  1.75977e-43   1.0833e-44 -4.15307e-44 -2.80974e-45  8.46226e-45    1.097e-45 -3.24089e-45 -2.20081e-46  8.74716e-46  4.37651e-47 -5.11504e-47  5.84164e-48 -1.71835e-47 -1.03782e-48  1.05485e-47 -7.39212e-50 -2.48088e-48  5.10786e-49   8.5081e-50 -4.69603e-49  1.30826e-49  2.85595e-49 -8.05562e-50 -1.23639e-49  3.28543e-50  3.36708e-50 -7.61223e-51 -3.70863e-51
 3.72114e-40   4.0157e-35  2.18872e-40   -2.783e-37   4.8962e-39 -9.05952e-35 -4.66251e-39  2.40715e-34   6.2112e-38 -1.90549e-35   1.0522e-37  -7.0464e-34 -2.20336e-37  1.92505e-33 -3.61218e-37 -8.82307e-34  7.50269e-37 -1.11901e-34  1.45128e-36   3.9041e-34   2.1289e-36  1.35787e-34  1.93003e-36 -1.68832e-34  8.81455e-38   2.7831e-34  3.38645e-36 -3.03968e-34 -1.00118e-37 -1.14634e-34  8.61859e-36  3.74136e-35 -7.36408e-36   3.7106e-35  9.22895e-36 -2.45071e-35 -6.29488e-36 -1.84538e-35  6.94912e-36  7.09516e-36 -2.64396e-36  8.24371e-36  5.53623e-37  1.83365e-35 -6.83419e-37 -8.60464e-36  2.14882e-37 -4.80423e-36 -2.16445e-37  5.47147e-36  1.35739e-37  -4.0723e-36    3.652e-37  3.55695e-36 -1.60526e-37 -4.12815e-36  1.78667e-37  3.79525e-36 -8.48769e-38  -2.0696e-36  3.74882e-38  9.38375e-37  9.28078e-40 -4.39204e-37  6.89045e-40  3.21354e-38 -2.61829e-39  3.02835e-38 -1.91568e-39  1.39843e-38  1.44158e-39 -1.66833e-38 -4.26302e-40  4.47705e-39  1.48927e-40 -3.77928e-39 -1.07376e-40  1.58079e-39  1.21139e-40  -1.1428e-40 -6.42532e-41 -1.17158e-41   2.2433e-41 -5.18252e-41 -8.20266e-42  5.30123e-42  3.41524e-42 -2.73412e-41  -2.7124e-42  1.51576e-41  1.18528e-42 -3.46666e-42  -1.1308e-43 -1.75732e-43 -4.06552e-45  2.03285e-43  -2.2418e-44 -3.08119e-43 -3.55963e-45  1.82947e-43  1.51592e-44 -4.44782e-44  -3.6746e-45    1.087e-44  1.51608e-45 -4.42581e-45 -3.24608e-46  1.13849e-45  6.96804e-47 -7.44517e-47  6.29518e-49 -1.31808e-47  1.31291e-48  9.42759e-48 -1.93874e-48  -1.6823e-48  2.00939e-48 -4.51193e-49  -1.4187e-48  4.51198e-49  7.21824e-49 -2.29752e-49 -2.49402e-49  7.50302e-50  4.65919e-50 -1.04029e-50
-9.83651e-36  1.87063e-39  3.50298e-35 -1.16588e-39   5.5536e-35  1.26859e-38 -1.24107e-34  4.84069e-39  3.19594e-34  1.15365e-37 -2.60549e-35  1.92974e-37 -8.05379e-34 -3.61218e-37  2.19468e-33  -5.2836e-37 -9.20435e-34   1.4332e-36 -1.52799e-34  2.33707e-36  2.53336e-34  3.71543e-36  2.26549e-34  3.15643e-36 -1.30841e-34  1.23192e-36  2.57744e-34  3.46597e-36 -2.68681e-34 -1.23027e-36 -1.56009e-34  1.19945e-35  1.14174e-34 -1.00065e-35 -7.12009e-36  1.24163e-35 -1.84551e-35 -8.50041e-36 -3.01273e-35  9.05146e-36  2.03221e-35  -2.5885e-36 -1.78893e-36  5.78655e-37  2.90287e-35  -8.0077e-37 -1.03466e-35  3.49945e-37 -6.26701e-36 -3.30642e-37  8.53161e-36  2.78235e-37  -6.0362e-36  3.85613e-37  4.95373e-36 -2.12455e-37 -5.28728e-36  2.15398e-37  4.73528e-36  -1.0871e-37 -2.34904e-36  4.75352e-38  9.83026e-37  5.16723e-39 -5.51385e-37   1.4188e-39  6.24775e-38 -4.75034e-39  2.72212e-38 -2.47669e-39  3.25074e-38  2.04165e-39 -3.18754e-38 -4.52781e-40  9.11885e-39   6.9172e-42 -5.61474e-39 -4.66166e-41  2.52069e-39  1.28779e-40 -3.54653e-40 -7.53646e-41  1.63393e-41  3.37911e-41 -6.48341e-41 -1.15349e-41  2.01098e-41  6.57821e-42  -3.8312e-41 -4.43629e-42  1.70617e-41  2.29599e-42 -3.05789e-42 -3.12778e-43 -3.09049e-43  6.45489e-44  5.02611e-44 -4.47766e-44 -2.35732e-43 -3.90791e-45  1.79838e-43  1.97034e-44 -4.68337e-44 -4.55672e-45  1.35545e-44  1.98271e-45 -5.53438e-45 -4.44246e-46  1.34591e-45  1.02266e-46 -9.61781e-47 -1.04622e-47 -5.26952e-48  8.62191e-48  5.38341e-48 -7.97804e-48  9.88151e-49   6.2472e-48 -2.17272e-48 -3.66814e-48  1.38611e-48  1.52988e-48 -5.84469e-49 -3.95499e-49  1.39363e-49  4.04659e-50
 5.91932e-42 -1.51948e-35  6.22394e-39  2.27077e-35  -6.9842e-39  1.04428e-34  2.69257e-38 -1.48762e-34  3.41976e-38   3.9725e-34  2.25077e-37 -4.30107e-35  3.77916e-37 -8.82307e-34  -5.2836e-37  2.43914e-33 -6.57197e-37 -9.11943e-34  2.55911e-36 -1.87736e-34  3.43926e-36  7.72821e-35  6.11521e-36  2.85437e-34  4.77325e-36 -5.29588e-35  2.95209e-36  2.19472e-34  2.77283e-36 -2.19188e-34 -3.01404e-36 -1.99451e-34  1.58221e-35  2.08213e-34 -1.37565e-35 -6.36532e-35  1.61591e-35 -7.16812e-36 -1.09051e-35 -4.85406e-35  1.09902e-35  3.44119e-35 -2.29322e-36 -1.40349e-35  5.77048e-37  4.12286e-35 -1.02315e-36 -1.18449e-35  5.55681e-37 -8.34326e-36 -5.15747e-37   1.2537e-35  4.84942e-37 -8.20354e-36  3.76198e-37  5.95428e-36 -2.70758e-37  -6.0996e-36  2.54633e-37  5.50433e-36 -1.36354e-37 -2.43547e-36  6.02546e-38   9.7082e-37  1.03373e-38 -6.91484e-37  1.86128e-39   1.0722e-37 -7.05931e-39  2.00325e-38 -3.39502e-39  5.64778e-38  2.85239e-39 -5.12103e-38 -3.91716e-40  1.51884e-38 -2.33211e-40 -7.87503e-39  5.07726e-41  3.79668e-39  1.25985e-40 -7.12262e-40 -8.44326e-41  6.52176e-41  5.05608e-41 -8.54473e-41  -1.6496e-41  4.16274e-41  1.12351e-41 -4.98852e-41 -6.82858e-42  1.75736e-41    3.986e-42 -1.95927e-42 -6.41183e-43 -3.98608e-43  1.82471e-43  -2.2961e-43  -7.8538e-44 -1.10644e-43 -2.09611e-45   1.7058e-43  2.38302e-44 -4.94056e-44 -5.34995e-45  1.62609e-44  2.45655e-45 -6.37762e-45 -5.79135e-46  1.46393e-45  1.50568e-46 -1.19696e-46 -3.90667e-47  1.16141e-47  3.12257e-47 -6.50791e-48  -2.5082e-47  9.37183e-48    1.646e-47 -7.35325e-48 -8.02262e-48   3.8245e-48  2.61981e-48 -1.28197e-48 -4.50136e-49  1.82338e-49
 2.89398e-36  2.34682e-40 -2.21616e-35  1.62852e-38  1.13911e-35 -2.36682e-38  1.31727e-34  5.06984e-38 -1.61448e-34   1.0585e-37   4.6079e-34  4.41034e-37 -7.28256e-35  7.50269e-37 -9.20435e-34 -6.57197e-37  2.64405e-33  -6.1023e-37 -8.60741e-34  4.22705e-36 -2.10338e-34  4.60436e-36 -1.13681e-34  9.53914e-36   3.0286e-34  6.65209e-36  5.36269e-35   5.1065e-36  1.59272e-34  1.06878e-36 -1.52838e-34 -5.46611e-36 -2.49127e-34  1.98738e-35  3.12197e-34 -1.87624e-35 -1.27554e-34  2.03192e-35  1.19943e-35 -1.32258e-35 -7.36125e-35  1.23327e-35  4.64157e-35 -1.66119e-36 -2.69127e-35  5.07917e-37  5.36842e-35 -1.38391e-36 -1.26942e-35  8.39141e-37 -1.12116e-35 -7.77559e-37  1.74446e-35   7.5545e-37 -1.02322e-35  3.39026e-37  6.03223e-36 -3.39349e-37 -6.21523e-36  2.99177e-37  5.93095e-36 -1.69779e-37 -2.27369e-36  7.70246e-38  9.16576e-37  1.59827e-38 -8.68567e-37  1.66909e-39  1.70799e-37 -9.27038e-39  7.48123e-39 -4.81836e-39  8.47649e-38   3.8423e-39 -7.36666e-38  -1.4053e-40  2.24651e-38 -5.97995e-40 -1.05526e-38   1.8506e-40  5.45754e-39  1.05131e-40 -1.20237e-39 -8.63829e-41  1.43351e-40  7.33882e-41 -1.16574e-40 -2.34839e-41  6.87236e-41  1.76364e-41 -6.03953e-41 -9.95414e-42  1.64044e-41  6.34613e-42 -3.01257e-43 -1.12575e-42 -3.41259e-43  3.59266e-43 -6.40234e-43  -1.2497e-43  5.12821e-44  2.76901e-45  1.60813e-43  2.68495e-44 -5.27625e-44 -5.96281e-45  1.86249e-44   2.9099e-45 -6.81498e-45 -7.54376e-46  1.49466e-45  2.50317e-46    -1.65e-46 -1.19363e-46  5.69943e-47  9.42284e-47  -4.3133e-47 -6.64946e-47  3.50925e-47  3.66956e-47 -2.17435e-47 -1.43452e-47   9.3674e-48  3.36469e-48 -2.28637e-48 -2.90084e-49
 2.14991e-40  9.54609e-36  1.78855e-39 -3.52141e-35  3.65807e-38  1.20995e-35 -6.22049e-38  1.27528e-34  9.10357e-38 -1.55951e-34  2.61333e-37  4.91551e-34  8.28687e-37 -1.11901e-34   1.4332e-36 -9.11943e-34  -6.1023e-37  2.80562e-33 -1.61094e-37 -7.84566e-34  6.45387e-36 -2.14833e-34  5.56682e-36 -2.96497e-34  1.41661e-35  2.82188e-34   8.5178e-36  1.72879e-34  7.38252e-36  7.44195e-35 -1.73193e-36 -6.80437e-35 -8.43223e-36  -3.0834e-34  2.38337e-35  4.17103e-34 -2.48977e-35 -1.93957e-34  2.46184e-35  4.20742e-35 -1.50473e-35 -1.04547e-34  1.25729e-35  5.35217e-35 -5.75145e-37  -3.8397e-35    3.107e-37  6.44532e-35 -1.88506e-36 -1.20585e-35  1.19274e-36 -1.51498e-35 -1.10931e-36  2.30232e-35  1.07777e-36 -1.15986e-35  2.85948e-37  4.60367e-36 -4.25054e-37 -5.27854e-36  3.54131e-37  5.85158e-36 -2.12002e-37 -1.84663e-36  9.90686e-38  8.50849e-37  2.18087e-38 -1.08804e-36  5.17799e-40  2.55608e-37 -1.11666e-38 -1.03237e-38 -6.86689e-39  1.14723e-37  4.91933e-39  -9.7291e-38  4.45712e-40   3.0409e-38 -1.12175e-39 -1.35679e-38  3.57758e-40  7.51487e-39  5.24979e-41 -1.82657e-39 -7.20053e-41  2.61338e-40  1.01674e-40 -1.61191e-40 -3.25498e-41  9.91534e-41  2.58248e-41 -6.81209e-41  -1.3763e-41  1.37187e-41  9.36837e-42  1.57779e-42 -1.77411e-42 -3.66468e-44  5.97387e-43  -1.1547e-42 -1.83638e-43   2.2394e-43  1.11476e-44  1.55722e-43  2.82115e-44 -5.69165e-44 -6.38523e-45  2.02923e-44  3.39005e-45 -6.83591e-45  -1.0723e-45  1.51799e-45  5.06541e-46 -3.08018e-46 -3.33781e-46  1.99992e-46  2.45562e-46 -1.58072e-46 -1.48971e-46  1.09963e-46  6.69154e-47 -5.77604e-47 -1.94143e-47  1.97671e-47  2.66949e-48 -2.86916e-48
-3.21793e-37  7.75489e-40  2.24344e-35  7.86827e-39 -5.89126e-35  7.50271e-38  3.38128e-35 -1.37221e-37  8.99835e-35  1.65489e-37 -1.23503e-34  5.71146e-37  4.71264e-34  1.45128e-36 -1.52799e-34  2.55911e-36 -8.60741e-34 -1.61094e-37  2.93421e-33  9.93724e-37 -7.13432e-34  9.14149e-36 -1.93865e-34     5.98e-36   -4.555e-34  2.01151e-35  2.37314e-34  9.96922e-36  2.86344e-34  9.33922e-36 -3.23653e-35 -5.50514e-36  3.37609e-35 -1.15536e-35 -3.77167e-34  2.73059e-35   5.1386e-34  -3.1705e-35 -2.59684e-34  2.86263e-35  8.63787e-35 -1.58638e-35 -1.40206e-34  1.12283e-35  5.38129e-35  1.07669e-36 -4.63033e-35 -8.32807e-38  7.09486e-35 -2.48885e-36 -8.60348e-36  1.59528e-36 -2.05495e-35 -1.49255e-36   2.8827e-35  1.42823e-36 -1.16523e-35  2.38214e-37  1.13883e-36 -5.35881e-37 -2.99904e-36  4.26121e-37  5.14283e-36 -2.66714e-37 -1.18514e-36  1.26976e-37  8.14532e-37  2.80151e-38 -1.34774e-36 -1.82233e-39  3.59487e-37 -1.26868e-38 -3.02316e-38 -9.61571e-39  1.41802e-37  5.93893e-39 -1.19276e-37  1.54522e-39  3.81466e-38 -1.85335e-39 -1.67277e-38  5.79419e-40  9.91224e-39 -5.42322e-41 -2.56543e-39 -2.74677e-41  4.30618e-40  1.33012e-40 -2.22271e-40 -4.31089e-41  1.30172e-40  3.54656e-41  -7.1792e-41 -1.80233e-41  1.01456e-41  1.28989e-41  3.22512e-42 -2.56447e-42  5.68674e-43  8.90319e-43 -1.71526e-42 -2.52527e-43  3.78309e-43  2.29183e-44     1.58e-43  2.77458e-44 -6.13152e-44 -6.82657e-45  2.11408e-44  4.16425e-45  -6.7036e-45 -1.82902e-45  1.82438e-45  1.16723e-45 -8.13816e-46 -8.36123e-46  6.66709e-46  5.43178e-46 -5.06778e-46 -2.70897e-46  3.10919e-46  9.08674e-47 -1.36235e-46 -1.55693e-47  3.38648e-47  3.30772e-49
-4.19488e-40 -4.25349e-36  1.90781e-39  4.09139e-35  2.50398e-38 -9.65121e-35  1.46595e-37  7.76872e-35 -2.60764e-37  2.60532e-35  3.11219e-37 -5.88575e-35  1.14358e-36   3.9041e-34  2.33707e-36 -1.87736e-34  4.22705e-36 -7.84566e-34  9.93724e-37  3.05328e-33  3.17954e-36 -6.84494e-34  1.20821e-35 -1.37133e-34  5.48088e-36 -5.85454e-34  2.74289e-35  1.87352e-34  1.05567e-35  3.75096e-34  1.04709e-35 -1.50758e-34 -9.90422e-36  1.47297e-34 -1.42865e-35 -4.51352e-34  2.98311e-35  5.95011e-34  -3.8441e-35 -3.24325e-34  3.17941e-35  1.48225e-34 -1.51691e-35 -1.79511e-34  7.96865e-36  4.68189e-35   3.3596e-36 -4.85744e-35 -7.28954e-37  7.01421e-35 -3.12422e-36 -5.87271e-37  2.02081e-36 -2.78813e-35 -1.90195e-36   3.4216e-35  1.77404e-36  -9.7275e-36  2.23372e-37 -4.70481e-36 -6.77962e-37  7.73383e-37  5.21331e-37  3.75404e-36 -3.37654e-37 -3.69671e-37  1.60439e-37  8.50752e-37  3.56223e-38 -1.63553e-36 -5.45053e-39  4.73661e-37 -1.39774e-38  -4.4587e-38 -1.30927e-38  1.59569e-37  6.72752e-39 -1.36288e-37   3.3513e-39  4.45531e-38 -2.86322e-39 -1.97002e-38  8.78845e-40  1.24972e-38 -2.46773e-40 -3.37124e-39   6.4643e-41  6.59657e-40  1.62958e-40 -3.02446e-40 -5.37268e-41  1.59351e-40  4.56913e-41 -7.09807e-41  -2.2271e-41  6.58142e-42  1.66193e-41   4.2367e-42 -3.44318e-42  1.44377e-42  1.22382e-42 -2.24369e-42  -3.2885e-43  4.91198e-43  3.72844e-44  1.66936e-43  2.60125e-44 -6.53361e-44 -8.03597e-45  2.17511e-44  6.01595e-45 -7.38794e-45 -3.70153e-45  3.37957e-45  2.67202e-45 -2.56182e-45 -1.79094e-45   2.1415e-45  9.60323e-46 -1.49604e-45 -3.50445e-46  7.94795e-46  6.13471e-47 -2.76422e-46  4.10288e-48  4.07419e-47
 1.31619e-36 -2.74699e-39 -1.21912e-35  4.12437e-39  6.15256e-35  6.34283e-38 -1.47314e-34  2.77896e-37  1.35688e-34 -4.28141e-37 -4.98504e-35  5.92435e-37  3.30766e-35   2.1289e-36  2.53336e-34  3.43926e-36 -2.10338e-34  6.45387e-36 -7.13432e-34  3.17954e-36  3.19393e-33  6.64215e-36 -7.34445e-34  1.50085e-35 -3.26871e-35  3.77712e-36 -6.90989e-34  3.60712e-35  1.50973e-34  9.91638e-36  4.21822e-34  1.02559e-35 -2.63926e-34  -1.4399e-35  2.64259e-34 -1.59799e-35 -5.23233e-34  3.09141e-35  6.56076e-34 -4.42203e-35  -3.9035e-34  3.35487e-35  2.30499e-34 -1.25859e-35 -2.21801e-34   2.7436e-36   3.3692e-35  6.24702e-36 -4.34933e-35 -1.63921e-36  5.89212e-35 -3.70743e-36  1.38788e-35  2.45214e-36 -3.75985e-35 -2.31193e-36  3.84176e-35  2.07802e-36 -5.28883e-36  2.70035e-37  -1.2958e-35 -8.51877e-37  5.98517e-36  6.42591e-37  1.73541e-36 -4.27975e-37  4.75752e-37  1.98387e-37   9.9669e-37   4.6716e-38 -1.92967e-36 -1.03651e-38  5.82104e-37 -1.53632e-38  -4.0844e-38 -1.72903e-38  1.60398e-37  7.11246e-39 -1.45021e-37   6.0473e-39  4.84386e-38 -4.24701e-39 -2.20251e-38  1.30955e-39  1.50075e-38 -5.63521e-40 -4.16264e-39  2.22203e-40  9.47818e-40  1.85407e-40 -4.03383e-40 -6.21083e-41  1.85328e-40  5.50223e-41 -6.62005e-41 -2.58031e-41  3.82519e-42  2.00734e-41  4.43071e-42 -4.33268e-42   2.4605e-42  1.58011e-42 -2.65979e-42 -4.09847e-43  5.51722e-43  5.23772e-44  1.79523e-43  2.49913e-44 -6.97684e-44 -1.19493e-44  2.48173e-44  1.06527e-44 -1.21064e-44 -7.79061e-45  9.37283e-45  5.37527e-45 -8.29941e-45 -2.97904e-45   6.5218e-45  1.09519e-45 -4.05957e-45 -1.23022e-46  1.80332e-45 -9.03644e-47 -4.54491e-46  2.88877e-47
 1.02692e-39  3.89681e-36 -1.18948e-38 -2.23139e-35   1.0049e-38  7.91966e-35  1.34569e-37 -2.05247e-34  5.08551e-37  1.94575e-34 -5.97506e-37 -1.19052e-34  1.09915e-36  1.35787e-34  3.71543e-36  7.72821e-35  4.60436e-36 -2.14833e-34  9.14149e-36 -6.84494e-34  6.64215e-36  3.38719e-33  1.14232e-35 -8.91091e-34  1.76711e-35  1.28781e-34  7.46287e-37 -7.83191e-34  4.59189e-35  1.41818e-34  7.94308e-36  4.13904e-34  8.17168e-36 -3.52987e-34 -1.83643e-35  3.75616e-34 -1.59918e-35 -5.84386e-34  3.00651e-35  6.96228e-34 -4.82181e-35 -4.62094e-34  3.34426e-35  3.35035e-34 -8.01051e-36 -2.67046e-34 -4.12839e-36  1.69146e-35  9.58761e-36 -2.97904e-35 -2.75817e-36  3.45554e-35 -4.16921e-36  3.64419e-35  2.89202e-36 -4.99833e-35 -2.70175e-36  4.06088e-35   2.3041e-36  1.92759e-36  4.01921e-37 -2.32572e-35  -1.0494e-36   1.2343e-35  7.86326e-37 -7.43508e-37 -5.39822e-37   1.1955e-36  2.39506e-37  1.27776e-36  6.45547e-38 -2.20207e-36 -1.65748e-38  6.62972e-37 -1.72223e-38 -2.90523e-39 -2.21816e-38  1.36846e-37  6.94735e-39 -1.42877e-37   9.7778e-39  4.88028e-38  -6.1214e-39 -2.31681e-38  1.94835e-39  1.70814e-38 -1.04215e-39 -4.82338e-39   4.5837e-40  1.27896e-39  1.93698e-40 -5.25223e-40 -6.53542e-41   2.0827e-40  6.14214e-41 -5.86409e-41 -2.77322e-41  2.18091e-42  2.27435e-41  3.95663e-42 -5.14846e-42  3.41532e-42  1.94248e-42 -2.90144e-42 -4.92211e-43  5.61676e-43  6.39289e-44  1.95001e-43  2.93248e-44 -8.12496e-44 -2.23965e-44  4.00526e-44  2.04522e-44 -3.15905e-44 -1.44571e-44  2.99768e-44  7.98403e-45 -2.59918e-44 -2.53428e-45  1.85342e-44 -4.08292e-46 -9.98159e-45  9.07024e-46  3.51457e-45 -3.71452e-46 -5.24201e-46
-6.20552e-37   4.6584e-39  7.47123e-36   -3.958e-38 -3.20701e-35  2.92612e-38  8.89517e-35  2.46347e-37 -2.60535e-34  8.82947e-37  2.42211e-34 -6.72306e-37 -1.63175e-34  1.93003e-36  2.26549e-34  6.11521e-36 -1.13681e-34  5.56682e-36 -1.93865e-34  1.20821e-35 -7.34445e-34  1.14232e-35  3.65683e-33  1.72604e-35 -1.16599e-33  1.99013e-35  3.48247e-34 -3.45642e-36 -8.74647e-34  5.67213e-35   1.6526e-34  4.96256e-36   3.4759e-34  3.69322e-36 -4.03471e-34  -2.1208e-35  4.74595e-34  -1.3806e-35 -6.28834e-34  2.68617e-35  7.18003e-34  -4.9882e-35  -5.4384e-34   3.1332e-35   4.6194e-34 -1.73121e-36  -3.1585e-34 -1.19478e-35 -4.43646e-37  1.31013e-35  -6.6645e-36 -3.94614e-36 -4.79641e-36 -4.47618e-36  6.80657e-35  3.36318e-36 -6.49584e-35 -3.05663e-36  3.99979e-35  2.42273e-36  1.18155e-35  6.32812e-37 -3.48331e-35 -1.25173e-36  1.93178e-35  9.40535e-37 -3.39068e-36 -6.74228e-37  1.61856e-36  2.82888e-37  1.70537e-36  9.35027e-38 -2.42391e-36 -2.42859e-38  6.92166e-37 -1.97904e-38  8.57006e-38 -2.77285e-38  8.35208e-38  6.12516e-39   -1.286e-37   1.4619e-38  4.50913e-38 -8.60846e-39   -2.261e-38  2.88203e-39  1.82938e-38  -1.7077e-39 -5.20807e-39  7.75193e-40  1.61824e-39  1.82339e-40  -6.6661e-40 -6.04399e-41   2.2989e-40  6.24988e-41 -4.96133e-41 -2.71086e-41  1.19851e-42   2.4162e-41  3.28328e-42 -5.81857e-42  4.08097e-42  2.29631e-42 -2.93614e-42 -5.68656e-43  5.24739e-43  6.28789e-44  2.28118e-43  4.69578e-44 -1.27114e-43 -4.32666e-44  1.01031e-43  3.39892e-44 -1.00775e-43 -1.74995e-44  9.57167e-44  2.45803e-45 -7.67245e-44  5.89218e-45  4.84398e-44 -6.49596e-45 -2.17682e-44  3.18414e-45  5.54635e-45 -5.68515e-46
-1.92256e-40 -1.59081e-36  1.48671e-38  1.10019e-35 -1.08167e-37 -4.01193e-35  8.66678e-38  8.72968e-35  3.95696e-37 -3.03675e-34   1.4277e-36  2.72036e-34 -5.01689e-37 -1.68832e-34  3.15643e-36  2.85437e-34  9.53914e-36 -2.96497e-34     5.98e-36 -1.37133e-34  1.50085e-35 -8.91091e-34  1.72604e-35  4.01482e-33  2.35707e-35 -1.55009e-33  2.16126e-35  6.14056e-34 -8.28732e-36 -9.74427e-34  6.80028e-35  2.16495e-34  1.84415e-36  2.32072e-34 -3.68329e-36 -4.11485e-34 -2.25169e-35  5.59148e-34 -9.12432e-36 -6.55323e-34  2.10422e-35   7.2599e-34 -4.91043e-35 -6.37623e-34  2.75365e-35  6.09021e-34   5.5239e-36 -3.69116e-34  -1.9717e-35 -1.57545e-35  1.64135e-35  2.62125e-35 -4.98523e-36 -5.96045e-35  -4.6353e-36  1.08621e-34  3.89205e-36 -8.19072e-35 -3.36497e-36  3.58975e-35  2.41554e-36  2.38711e-35  9.63876e-37 -4.65832e-35 -1.42993e-36  2.61938e-35  1.08492e-36 -5.80888e-36 -8.31175e-37  1.57777e-36  3.28381e-37  2.27779e-36  1.38764e-37  -2.5717e-36 -3.41274e-38  6.48395e-37  -2.2952e-38  2.37379e-37 -3.38707e-38 -1.07518e-39  4.57941e-39 -1.02712e-37  2.05515e-38   3.7374e-38  -1.1807e-38 -1.99486e-38  4.18108e-39  1.82149e-38 -2.55823e-39 -5.15719e-39  1.15768e-39   1.9155e-39  1.48875e-40  -8.2563e-40 -4.47543e-41   2.5296e-40  5.58497e-41 -3.99083e-41 -2.30966e-41 -3.07018e-43  2.40266e-41  3.05815e-42 -6.29641e-42  4.26434e-42  2.62326e-42  -2.7481e-42 -6.22745e-43   4.1032e-43  3.62167e-44  3.51621e-43  8.10354e-44 -3.06078e-43 -6.28767e-44  3.19647e-43  2.57052e-44 -3.27521e-43   1.4967e-44  2.91283e-43 -3.83631e-44 -2.10447e-43  3.74071e-44  1.14597e-43 -2.12467e-44 -4.07629e-44  6.17419e-45  6.14032e-45
