 5.40552e-35  5.26597e-51 -6.46472e-35  3.14795e-51 -4.27772e-35 -3.59767e-50  3.73864e-35 -4.76345e-50  4.26261e-36 -6.10935e-51 -1.02814e-35  8.19104e-50  1.41476e-36  2.63882e-49  3.23578e-36 -3.80362e-48 -1.45731e-36  4.66788e-48  3.27987e-36  6.15646e-48 -2.26093e-36 -4.26418e-47  1.39347e-36  1.55109e-46 -9.39541e-37 -8.67364e-46  1.75214e-37  9.79402e-46 -6.89359e-38  -1.3096e-45  3.13926e-38 -4.00393e-46 -2.12914e-38   -2.769e-46   2.6886e-38 -1.34339e-44  -1.3818e-38  8.39766e-45  3.40026e-39  1.41237e-44  8.51784e-40 -3.31634e-44 -1.72615e-39 -2.35255e-44  1.48427e-39   -4.716e-44 -4.23592e-40  5.00191e-44  2.38691e-40  1.30192e-45 -2.25462e-40  -3.7408e-44 -3.18645e-42  -9.9982e-45  4.10954e-41 -3.68664e-44  -1.4015e-41  1.29685e-44  9.99129e-42  1.05623e-44 -4.00995e-42 -8.29274e-46  2.86364e-43  5.32455e-46  1.33786e-42 -4.18024e-45 -4.26692e-42  9.06785e-46  1.06258e-41  1.42173e-46 -2.38684e-41  4.00089e-46   4.9121e-41 -1.10195e-45 -9.21283e-41  2.94424e-45   1.5658e-40 -6.28863e-45 -2.39629e-40  1.24896e-44  3.27573e-40 -2.28861e-44 -3.95847e-40  3.87122e-44  4.17045e-40 -6.02259e-44  -3.7571e-40  8.58259e-44  2.81078e-40 -1.11406e-43 -1.66201e-40  1.30737e-43   7.0268e-41 -1.37224e-43 -1.59301e-41  1.26725e-43 -1.82914e-43 -1.00071e-43 -2.71236e-42  6.36276e-44  7.39677e-42 -2.70369e-44 -7.72035e-42 -9.14018e-46  5.34824e-42  1.59196e-44 -2.97348e-42 -1.91415e-44  1.48375e-42  1.52685e-44 -6.78214e-43 -9.34806e-45  2.69128e-43  4.54133e-45 -8.80657e-44 -1.74949e-45  2.33489e-44  5.23772e-46 -4.96853e-45 -1.17042e-46   8.1401e-46  1.81534e-47 -9.29523e-47 -1.68852e-48   5.8899e-48   6.0654e-50
 5.26597e-51  1.66282e-34  2.89392e-50 -1.07689e-34  1.91368e-50 -6.78079e-35 -8.69124e-50  2.52474e-35  -1.9823e-49  1.18062e-35 -1.20684e-50 -1.41835e-35  5.61441e-49  5.46378e-37  6.25129e-48   4.1593e-36 -4.18031e-47 -3.51345e-36   3.8755e-47  9.17529e-36  4.64404e-47 -5.38126e-36 -3.83886e-46  3.50473e-36  1.24834e-45 -2.48629e-36 -7.24154e-45  4.36757e-37  7.32848e-45 -1.75194e-37 -8.72384e-45  1.08598e-37 -7.50862e-45  -6.7633e-38 -6.00455e-45  8.45695e-38 -1.02964e-43 -4.15906e-38  6.37595e-44  8.59073e-39  1.01526e-43 -8.43996e-40 -2.38864e-43  -3.7958e-39 -1.73479e-43  4.49875e-39 -3.15515e-43 -7.97317e-40  3.12647e-43  4.41712e-40  1.72952e-44 -6.10346e-40 -2.19956e-43 -3.41948e-41 -7.77043e-44  1.30317e-40 -2.00651e-43 -5.47186e-41  6.74773e-44  3.43766e-41  5.88362e-44 -7.45258e-42  1.16191e-45 -1.62702e-41  7.49228e-46  5.20685e-41 -1.81739e-44 -1.35014e-40  5.28573e-45  3.17122e-40 -3.68303e-45 -6.81933e-40  1.42748e-44  1.33915e-39 -3.42536e-44 -2.38977e-39  7.69048e-44  3.85234e-39 -1.57207e-43 -5.56873e-39  2.99241e-43  7.15162e-39 -5.28505e-43 -8.06012e-39  8.64608e-43  7.83816e-39 -1.30641e-42 -6.41388e-39  1.81705e-42  4.23624e-39 -2.31673e-42 -2.07705e-39  2.69398e-42  5.87595e-40 -2.83889e-42  5.23399e-41  2.68871e-42 -1.12928e-40  -2.2632e-42 -8.64667e-42  1.66592e-42  7.96529e-41 -1.04485e-42 -7.32425e-41  5.31464e-43  4.26121e-41 -1.92932e-43 -2.06893e-41  2.26908e-44   9.6783e-42  3.22979e-44 -4.20284e-42 -3.21675e-44  1.51494e-42  1.79648e-44 -4.31179e-43 -7.08025e-45  9.76651e-44  2.02886e-45 -1.75722e-44 -4.09834e-46  2.35392e-45  5.33789e-47  -2.0379e-46 -3.57715e-48  7.51277e-48
-6.46472e-35  2.89392e-50  2.69539e-34  9.01528e-50 -1.19226e-34  6.81197e-50  -5.8166e-35 -1.88531e-49 -8.16479e-36 -7.98819e-49  1.21763e-35 -5.91328e-50 -1.63263e-35  1.35625e-48  9.37846e-37  7.04769e-47  1.61196e-36 -3.20051e-46 -6.56761e-36  2.12853e-46  1.70205e-35  2.45548e-46 -8.73173e-36 -2.29074e-45  6.45197e-36  6.90808e-45 -4.85806e-36 -4.27365e-44  8.57065e-37  3.79371e-44 -3.44216e-37 -3.95785e-44  2.49173e-37 -6.35722e-44 -1.39172e-37 -5.87423e-44  1.83087e-37 -5.45279e-43 -8.33786e-38  3.36099e-43  1.51584e-38   5.0671e-43 -8.92145e-39 -1.19466e-42 -6.10706e-39  -8.8027e-43  1.00901e-38 -1.45434e-42 -8.88117e-40  1.35464e-42  4.57998e-40  1.11173e-43 -1.14093e-39 -8.92161e-43 -1.23994e-40 -3.86112e-43  2.93855e-40 -7.56111e-43  -1.4145e-40  2.40447e-43  4.22536e-41   2.2539e-43  1.24255e-40  1.99998e-44 -4.41574e-40  1.09477e-45  1.18675e-39 -6.31358e-44 -2.90664e-39  4.52277e-44  6.52828e-39 -8.83002e-44 -1.34135e-38  2.32807e-43  2.51037e-38 -5.29045e-43 -4.25652e-38  1.12259e-42   6.4954e-38 -2.21144e-42 -8.84642e-38  4.05795e-42  1.06375e-37  -6.9195e-42 -1.11293e-37  1.09404e-41  9.91966e-38 -1.59949e-41 -7.28473e-38  2.15536e-41  4.14138e-38 -2.66674e-41 -1.55461e-38  3.01565e-41  1.22168e-39 -3.09983e-41  2.68503e-39  2.87696e-41 -1.48728e-39 -2.39066e-41 -1.74144e-40  1.75938e-41  6.84203e-40 -1.12986e-41 -4.79254e-40  6.19529e-42  2.20683e-40 -2.79771e-42 -9.54374e-41  9.66433e-43  4.44853e-41 -2.02155e-43 -1.84741e-41 -1.55714e-44  5.84258e-42  3.53072e-44 -1.39573e-42 -1.68866e-44  2.64019e-43  4.85073e-45 -3.88988e-44 -8.86947e-46  3.98244e-45  9.31754e-47 -2.33096e-46 -3.69704e-48
 3.14795e-51 -1.07689e-34  9.01528e-50  3.17226e-34  1.94554e-49 -1.15636e-34  2.35615e-49 -1.80397e-35 -8.21979e-49 -4.33248e-35  -3.8115e-48  1.02359e-35 -2.51196e-48 -2.10889e-35 -9.82796e-48   4.6763e-36  5.49032e-46 -3.24212e-36 -1.96602e-45 -1.07305e-35  8.37663e-46  2.47862e-35  1.08982e-45 -1.09525e-35 -1.08004e-44  9.91472e-36  3.04822e-44 -7.96041e-36 -2.05766e-43    1.467e-36  1.58614e-43 -5.78857e-37 -1.42709e-43  4.35037e-37 -3.73407e-43 -2.17085e-37 -3.86317e-43    3.209e-37 -2.30123e-42 -1.29586e-37  1.42185e-42  2.06234e-38   2.0199e-42 -2.67378e-38 -4.77615e-42 -9.54396e-39 -3.54269e-42  1.96131e-38 -5.32869e-42 -7.17397e-40   4.6815e-42  2.01649e-40  5.11757e-43 -1.69261e-39 -2.88431e-42 -2.74684e-40 -1.45397e-42  4.68785e-40  -2.2759e-42 -4.13708e-41  6.74806e-43 -8.22877e-40   6.9043e-43  2.96237e-39  8.28328e-44 -8.32888e-39  4.26411e-44  2.12412e-38 -2.81926e-43 -4.97808e-38  4.70982e-43   1.0692e-37 -1.10947e-42  -2.0963e-37  2.64167e-42  3.73354e-37 -5.76987e-42 -6.00418e-37  1.17744e-41  8.65365e-37 -2.23972e-41 -1.10713e-36  3.96903e-41  1.24147e-36 -6.53838e-41 -1.19868e-36  9.98913e-41  9.70076e-37 -1.41138e-40  -6.2811e-37  1.83823e-40  2.93886e-37 -2.19858e-40 -6.73431e-38  2.40398e-40 -2.63415e-38 -2.39038e-40   3.1327e-38  2.14787e-40 -9.64166e-39 -1.73072e-40 -3.51598e-39  1.23882e-40  4.76085e-39 -7.78211e-41  -2.3036e-39  4.22183e-41  8.02168e-40 -1.93318e-41 -3.46184e-40  7.20627e-42  1.74651e-40  -2.0421e-42 -6.68725e-41  3.64719e-43  1.75686e-41 -1.16581e-45 -3.43237e-42 -2.34258e-44  5.38059e-43  7.90282e-45 -6.10912e-44 -1.32823e-45    4.121e-45  1.04721e-46 -1.26122e-46
-4.27772e-35  1.91368e-50 -1.19226e-34  1.94554e-49  3.20823e-34  3.01549e-49 -1.23842e-34  1.18432e-48  3.81602e-35 -5.52444e-48 -7.41034e-35 -1.76479e-47  1.11776e-35 -3.20046e-47 -2.73179e-35 -1.35257e-46  9.57173e-36  3.34218e-45 -7.20798e-36 -1.02372e-44 -1.55963e-35  2.06148e-45  3.04186e-35  4.54111e-45 -1.10443e-35 -4.43476e-44  1.34604e-35  1.14652e-43 -1.14994e-35 -8.56582e-43  2.27059e-36  5.75336e-43 -8.73315e-37 -4.43608e-43  6.03977e-37 -1.73767e-42 -2.69978e-37 -1.95136e-42  4.93552e-37 -8.19791e-42 -1.66547e-37   5.1215e-42  2.13877e-38  6.79714e-42  -5.3944e-38 -1.61441e-41 -1.77254e-38  -1.1998e-41  3.53282e-38 -1.64346e-41 -1.12342e-39  1.36326e-41 -1.09048e-40  1.91756e-42 -2.21448e-39 -7.89652e-42 -6.35382e-41 -4.45979e-42 -7.61131e-40 -5.79717e-42  4.87481e-39  1.56704e-42 -1.69071e-38  1.82674e-42   4.9411e-38  1.20556e-43 -1.31295e-37  5.74749e-43  3.20808e-37   -1.898e-42 -7.19631e-37  4.37001e-42  1.47653e-36  -1.0382e-41  -2.7587e-36  2.35106e-41  4.66796e-36 -4.95773e-41 -7.10536e-36  9.77103e-41  9.64675e-36 -1.79672e-40 -1.15529e-35  3.07773e-40  1.20213e-35  -4.9005e-40 -1.06314e-35  7.23482e-40  7.71106e-36 -9.87483e-40 -4.28033e-36  1.24188e-39   1.4993e-36 -1.43344e-39  3.46198e-39  1.51163e-39 -3.78823e-37 -1.44861e-39  2.19496e-37  1.25359e-39 -2.60167e-38 -9.72252e-40 -3.76601e-38  6.69653e-40  2.52519e-38 -4.04992e-40 -7.55742e-39  2.11979e-40  1.96611e-39 -9.41977e-41 -1.16975e-39  3.45827e-41  6.37429e-40 -1.00507e-41 -2.04825e-40   2.1342e-42  4.24469e-41 -2.65632e-43 -6.92821e-42 -3.86016e-45  9.09052e-43  8.39602e-45 -6.85041e-44 -1.38749e-45  1.98004e-45  6.92237e-47
-3.59767e-50 -6.78079e-35  6.81197e-50 -1.15636e-34  3.01549e-49  3.26917e-34  1.69412e-49 -1.64507e-34  7.40813e-48  1.00999e-34  -3.5495e-47 -9.84867e-35 -6.84924e-47  1.07629e-35 -2.60666e-46 -2.74808e-35 -9.19407e-46  1.08918e-35  1.68898e-44 -8.47758e-36 -4.65043e-44 -1.99759e-35 -7.26947e-46  3.28751e-35  1.91357e-44 -8.98955e-36  -1.7095e-43  1.66486e-35  3.85022e-43  -1.5044e-35  -3.1807e-42  3.25594e-36  1.89481e-42 -1.22468e-36 -1.27938e-42  6.60533e-37 -6.82142e-42 -2.78125e-37 -8.08547e-42  7.09255e-37 -2.54197e-41  -1.8518e-37  1.62216e-41  1.43617e-38  1.98738e-41 -8.43922e-38 -4.75256e-41 -3.78158e-38 -3.53719e-41  6.07737e-38 -4.39629e-41 -4.10623e-39  3.43822e-41  4.97235e-40  6.20758e-42 -4.38205e-39 -1.89613e-41  7.01596e-39 -1.15975e-41 -2.54204e-38 -1.28746e-41   8.4868e-38  3.00401e-42 -2.56331e-37  4.56507e-42  7.08905e-37 -1.00342e-42 -1.80502e-36  5.15611e-42  4.22529e-36 -1.41089e-41 -9.06361e-36  3.42182e-41  1.77435e-35   -7.933e-41 -3.15443e-35  1.73105e-40  5.06173e-35 -3.53111e-40 -7.27555e-35  6.73294e-40  9.27635e-35 -1.19797e-39 -1.03556e-34  1.98524e-39  9.93781e-35  -3.0571e-39 -7.97049e-35  4.36301e-39  5.08341e-35 -5.75317e-39 -2.30115e-35  6.98443e-39  4.49661e-36 -7.77448e-39  2.85275e-36  7.89692e-39  -2.9398e-36 -7.27905e-39  9.93494e-37  6.04905e-39  1.34534e-37 -4.49714e-39 -2.58391e-37  2.96342e-39    9.333e-38 -1.71133e-39 -1.12719e-38  8.53901e-40  3.14133e-39 -3.61478e-40 -4.37655e-39  1.26661e-40   2.1244e-39 -3.54515e-41 -5.11829e-40  7.48524e-42  8.36581e-41 -1.06598e-42 -1.27803e-41  7.22128e-44  1.36199e-42  3.91685e-45 -4.60278e-44 -9.47581e-46 -5.65723e-46
 3.73864e-35 -8.69124e-50  -5.8166e-35  2.35615e-49 -1.23842e-34  1.69412e-49  3.78793e-34 -1.84134e-48 -2.44567e-34  4.46868e-47  1.64362e-34 -2.01188e-46 -1.11302e-34 -2.06125e-46 -1.00032e-36 -1.64065e-45 -1.38003e-35 -4.58581e-45  6.24009e-36  7.34537e-44 -8.46663e-36 -1.87544e-43 -2.27394e-35 -4.34098e-44  3.27502e-35  8.27591e-44 -5.69278e-36 -6.50363e-43  1.90137e-35  1.20511e-42 -1.80951e-35 -1.07391e-41  4.41068e-36  5.84782e-42 -1.64263e-36 -3.69079e-42  5.13451e-37 -2.34111e-41 -2.71123e-37 -2.85728e-41  1.00453e-36 -6.98847e-41 -1.88629e-37  4.61125e-41 -1.65102e-39  5.13473e-41 -1.06257e-37 -1.24031e-40 -7.97554e-38 -9.28807e-41   1.0098e-37 -1.03769e-40 -1.40797e-38  7.61646e-41  9.54485e-39  1.79078e-41 -3.43101e-38 -4.09181e-41  1.13963e-37  -2.6251e-41 -3.81573e-37 -2.52445e-41  1.18735e-36  4.07721e-42 -3.41379e-36  1.26186e-41   9.0517e-36 -1.18441e-41 -2.20955e-35  3.71964e-41  4.95074e-35 -9.54949e-41 -1.01441e-34  2.28162e-40  1.89222e-34 -5.13323e-40 -3.19558e-34   1.0839e-39  4.85258e-34 -2.14192e-39 -6.56866e-34  3.95667e-39  7.83678e-34 -6.81991e-39 -8.11348e-34  1.09456e-38  7.12476e-34 -1.63173e-38 -5.11149e-34    2.253e-38  2.78082e-34 -2.87181e-38 -9.20192e-35  3.36651e-38 -5.95843e-36 -3.61356e-38  2.80962e-35  3.53364e-38 -1.56346e-35 -3.12958e-38  2.18931e-36   2.4931e-38  2.02436e-36 -1.77199e-38 -1.20365e-36  1.11288e-38  1.74621e-37 -6.10372e-39  3.59342e-38  2.88129e-39  8.80918e-39 -1.14916e-39 -1.73993e-38  3.77864e-40  5.89513e-39 -9.89976e-41   -9.753e-40  1.96299e-41  1.46751e-40 -2.69828e-42 -2.40141e-41   2.1255e-43  1.73329e-42 -4.08484e-45  2.03171e-45 -3.37633e-46
-4.76345e-50  2.52474e-35 -1.88531e-49 -1.80397e-35  1.18432e-48 -1.64507e-34 -1.84134e-48  4.91789e-34 -1.66973e-47 -3.57559e-34  2.42356e-46  2.20215e-34 -1.01208e-45 -1.07339e-34  -4.0677e-46 -3.00895e-35 -8.61173e-45  1.45653e-35 -1.86048e-44 -1.72999e-36  2.81631e-43 -1.02099e-35 -6.79041e-43 -2.42068e-35 -3.08638e-43  3.20526e-35  3.55714e-43 -2.31792e-36 -2.47057e-42  1.99935e-35  3.67095e-42 -2.01096e-35 -3.33971e-41  5.72686e-36  1.72514e-41 -2.15808e-36 -1.11921e-41   1.2849e-37 -7.18402e-41 -3.53276e-37  -8.8348e-41  1.44652e-36 -1.72348e-40 -1.93746e-37  1.19365e-40 -2.63596e-38  1.18409e-40 -1.04499e-37  -2.9018e-40 -1.54472e-37 -2.20969e-40  1.66521e-37 -2.18214e-40 -5.81428e-38   1.4892e-40  1.23616e-37  4.67993e-41 -4.47834e-37 -8.08357e-41  1.54573e-36 -5.29191e-41 -4.98092e-36 -4.30349e-41  1.48734e-35 -1.73184e-42 -4.10419e-35  4.50644e-41  1.04399e-34 -8.27914e-41 -2.44134e-34  2.27326e-40  5.23051e-34  -5.6262e-40 -1.02248e-33  1.30774e-39  1.81459e-33 -2.85527e-39 -2.90561e-33  5.84817e-39  4.16553e-33 -1.12156e-38  -5.2936e-33  2.01083e-38  5.88422e-33 -3.36369e-38 -5.61399e-33  5.23772e-38  4.46447e-33 -7.57157e-38 -2.80753e-33  1.01297e-37  1.23287e-33 -1.24976e-37 -2.04652e-34  1.41607e-37 -1.85803e-34 -1.46665e-37  1.72802e-34  1.38097e-37   -5.623e-35  -1.1747e-37 -7.18957e-36  8.96111e-38   1.2857e-35 -6.07779e-38 -3.51613e-36  3.62755e-38 -4.00652e-37 -1.88174e-38  2.74549e-37  8.35438e-39  7.52626e-38 -3.11314e-39 -6.00572e-38  9.49003e-40  1.19393e-38 -2.28417e-40 -1.33815e-39  4.11948e-41  2.84832e-40 -5.10998e-42 -4.35304e-41  3.69313e-43  1.49262e-42 -9.83269e-45  3.25399e-44
 4.26261e-36  -1.9823e-49 -8.16479e-36 -8.21979e-49  3.81602e-35  7.40813e-48 -2.44567e-34 -1.66973e-47  6.55452e-34 -1.08732e-46 -4.87567e-34  1.17806e-45  2.58956e-34 -4.57387e-45 -8.81982e-35  1.18192e-47 -7.18037e-35 -3.92444e-44  4.97442e-35 -6.46669e-44 -7.24991e-36  9.68923e-43 -1.51412e-35 -2.22266e-42 -2.66437e-35  -1.5501e-42  3.31005e-35  1.46364e-42  4.86216e-37 -9.19301e-42  1.88933e-35  1.12682e-41 -2.04871e-35 -9.65466e-41   7.1908e-36  4.90748e-41 -2.83204e-36 -3.54284e-41 -4.32663e-37 -2.00093e-40 -6.88773e-37 -2.43367e-40  2.11528e-36 -3.84011e-40 -2.24778e-37  2.84595e-40 -6.10856e-38  2.44956e-40 -6.20469e-38 -6.12712e-40 -2.84954e-37 -4.82788e-40  3.39549e-37 -4.10337e-40 -4.63382e-37  2.55835e-40  1.59175e-36   1.1172e-40 -5.70813e-36 -1.48112e-40   1.9098e-35 -9.81074e-41  -5.9247e-35 -5.70512e-41  1.70039e-34 -4.79142e-41 -4.50442e-34  1.94543e-40  1.09851e-33  -4.5809e-40 -2.45865e-33  1.18529e-39  5.03123e-33 -2.84662e-39 -9.37035e-33  6.43297e-39  1.57948e-32 -1.36594e-38 -2.39296e-32  2.72184e-38  3.22988e-32 -5.08104e-38 -3.83921e-32  8.86933e-38  3.95528e-32 -1.44446e-37 -3.44938e-32  2.18908e-37  2.44846e-32 -3.07786e-37 -1.30613e-32  4.00098e-37  4.08127e-33 -4.78957e-37  5.21147e-34  5.25628e-37 -1.44473e-33  -5.2611e-37  7.59237e-34   4.7745e-37  -9.3088e-35 -3.90194e-37  -9.9262e-35  2.84908e-37  5.16732e-35 -1.84152e-37 -2.59549e-36  1.04209e-37 -4.56113e-36 -5.09431e-38  6.23516e-37  2.11608e-38  4.54419e-37 -7.31292e-39 -1.51425e-37  2.04482e-39  1.33328e-38 -4.45042e-40 -1.65795e-39  7.11652e-41  6.44311e-40 -7.59992e-42 -6.15124e-41  4.49064e-43  3.98264e-43 -8.43636e-45
-6.10935e-51  1.18062e-35 -7.98819e-49 -4.33248e-35 -5.52444e-48  1.00999e-34  4.46868e-47 -3.57559e-34 -1.08732e-46  8.47283e-34 -6.05297e-46 -6.13104e-34  5.17223e-45  2.74101e-34 -1.87601e-44 -6.49263e-35  4.50214e-45 -1.12192e-34 -1.59326e-43  8.01115e-35 -2.00441e-43 -6.02668e-36  3.03276e-42 -2.11746e-35 -6.59743e-42 -3.32149e-35 -6.46939e-42  3.71052e-35  5.64212e-42   3.0202e-36 -3.26335e-41  1.49321e-35  3.52696e-41 -1.85791e-35 -2.61226e-40  8.76153e-36  1.34625e-40 -3.75759e-36   -1.119e-40 -1.01891e-36 -5.11147e-40 -1.44135e-36 -6.05192e-40  3.07258e-36 -7.75745e-40 -3.00215e-37  6.31196e-40 -1.21484e-37  4.54752e-40  8.02162e-38 -1.17108e-39  -7.0495e-37  -9.7943e-40  1.63586e-36 -6.88231e-40 -5.28203e-36   3.7866e-40  1.94315e-35  2.44502e-40 -6.74805e-35 -2.52911e-40  2.17478e-34 -1.77195e-40 -6.48928e-34 -2.17061e-41  1.78918e-33 -2.69532e-40 -4.54732e-33  8.23114e-40  1.06232e-32 -2.06426e-39 -2.27334e-32  5.14929e-39  4.43779e-32  -1.2051e-38 -7.86251e-32  2.65811e-38  1.25641e-31 -5.51669e-38 -1.79664e-31  1.07569e-37  2.27586e-31 -1.96666e-37 -2.51918e-31   3.3636e-37  2.38974e-31 -5.36708e-37 -1.88446e-31  7.96498e-37  1.16851e-31  -1.0955e-36 -4.97439e-32  1.39092e-36  6.76581e-33 -1.62299e-36  8.78872e-33  1.73173e-36 -7.48307e-33 -1.68011e-36  2.26546e-33  1.47266e-36  3.89839e-34 -1.15768e-36 -5.45075e-34  8.09276e-37  1.21582e-34 -4.98073e-37  3.44762e-35  2.66691e-37 -1.79307e-35 -1.22448e-37 -1.09247e-36  4.73463e-38  1.69221e-36 -1.50636e-38 -2.16754e-37  3.82278e-39 -4.67259e-39 -7.40472e-40 -4.34749e-39  1.02327e-40  1.27811e-39 -8.96986e-42 -5.14079e-41  3.84217e-43 -4.09874e-43
-1.02814e-35 -1.20684e-50  1.21763e-35  -3.8115e-48 -7.41034e-35  -3.5495e-47  1.64362e-34  2.42356e-46 -4.87567e-34 -6.05297e-46  1.04181e-33 -2.96645e-45 -7.11612e-34  2.06703e-44  2.65416e-34  -7.0416e-44 -5.33649e-35  2.47456e-44 -1.36098e-34  -5.8738e-43  9.76153e-35 -5.77617e-43  1.27531e-36  8.73539e-42 -2.33382e-35 -1.77358e-41 -4.61403e-35 -2.37603e-41  4.32393e-35  2.02246e-41  6.49401e-36 -1.08489e-40  7.37778e-36  1.10991e-40 -1.37804e-35 -6.64896e-40  1.03433e-35  3.54521e-40   -5.044e-36 -3.37974e-40 -1.45267e-36 -1.20661e-39 -2.69312e-36 -1.37211e-39  4.32773e-36 -1.42046e-39 -3.96591e-37  1.31427e-39 -3.60486e-37  7.53149e-40  9.86652e-37 -2.02365e-39 -4.35379e-36 -1.86126e-39  1.62632e-35 -1.01716e-39 -6.14636e-35  4.56175e-40  2.21214e-34  4.91786e-40 -7.40328e-34   -4.024e-40  2.29581e-33 -3.27501e-40 -6.58474e-33  1.83311e-40    1.743e-32  -9.9561e-40 -4.24695e-32  2.77454e-39  9.49535e-32  -6.9861e-39 -1.94064e-31  1.70396e-38  3.60891e-31 -3.92809e-38 -6.07218e-31   8.5672e-38  9.17894e-31 -1.76371e-37 -1.23544e-30  3.41874e-37  1.46321e-30 -6.22086e-37 -1.50016e-30  1.05905e-36  1.29934e-30  -1.6806e-36 -9.12494e-31  2.47603e-36   4.7708e-31 -3.37228e-36 -1.40047e-31  4.22632e-36 -2.78716e-32 -4.84949e-36   5.7048e-32  5.06688e-36 -2.81982e-32 -4.79129e-36  2.64489e-33  4.07247e-36  4.05519e-33 -3.08717e-36 -1.88222e-33  2.06835e-36 -5.76125e-36 -1.21175e-36  2.13485e-34  6.12843e-37 -3.36478e-35 -2.63389e-37 -1.32683e-35  9.43029e-38  3.78878e-36  -2.7407e-38  7.40053e-38     6.24e-39 -3.28331e-38 -1.05678e-39 -1.45926e-38  1.22468e-40  1.68869e-39 -8.28263e-42 -9.87453e-42  2.06359e-43
 8.19104e-50 -1.41835e-35 -5.91328e-50  1.02359e-35 -1.76479e-47 -9.84867e-35 -2.01188e-46  2.20215e-34  1.17806e-45 -6.13104e-34 -2.96645e-45  1.21425e-33 -1.29732e-44 -7.64975e-34  7.56899e-44  2.37686e-34 -2.43535e-43 -6.53867e-35  8.98313e-44 -1.35549e-34 -1.99737e-42  1.02012e-34 -1.61949e-42  8.85006e-36  2.33813e-41 -1.60867e-35 -4.28583e-41 -6.53518e-35 -7.89946e-41  4.86609e-35  6.73991e-41  1.26481e-35 -3.34836e-40  -4.2436e-36  3.42083e-40 -5.68348e-36 -1.59787e-39  1.17585e-35  8.91211e-40 -6.77591e-36 -9.52984e-40 -1.63042e-36 -2.64672e-39 -4.37311e-36 -2.85713e-39  5.76311e-36 -2.34511e-39 -1.38113e-37  2.59215e-39 -2.54327e-36  1.09386e-39  1.06691e-35 -3.13841e-39 -4.55875e-35 -3.33579e-39  1.81246e-34 -1.28121e-39 -6.76326e-34  3.57044e-40  2.34935e-33  9.25988e-40  -7.5686e-33 -6.45575e-40  2.25714e-32 -4.60453e-40 -6.21903e-32   2.9401e-40  1.57934e-31 -1.43924e-39 -3.68612e-31  3.93325e-39  7.87935e-31 -1.01597e-38 -1.53607e-30  2.60555e-38  2.71709e-30 -6.43287e-38 -4.33325e-30  1.51611e-37  6.18122e-30 -3.37606e-37  -7.8054e-30  7.04475e-37  8.60431e-30 -1.36838e-36 -8.11589e-30   2.4611e-36  6.34612e-30 -4.08029e-36 -3.87911e-30  6.21089e-36  1.59807e-30 -8.64621e-36 -1.65777e-31  1.09637e-35 -3.26202e-31 -1.26077e-35  2.56637e-31  1.30838e-35 -7.12554e-32 -1.21839e-35 -1.69961e-32  1.01145e-35  1.90733e-32 -7.42744e-36 -3.62406e-33  4.78043e-36 -1.47645e-33 -2.66682e-36  6.70338e-34    1.272e-36  2.87104e-35 -5.09946e-37 -4.93068e-35  1.68092e-37  3.07983e-36 -4.42362e-38  1.13692e-36   8.9167e-39  2.61098e-38 -1.29235e-39 -3.17359e-38  1.20743e-40  1.04311e-39 -5.70703e-42  1.39297e-41
 1.41476e-36  5.61441e-49 -1.63263e-35 -2.51196e-48  1.11776e-35 -6.84924e-47 -1.11302e-34 -1.01208e-45  2.58956e-34  5.17223e-45 -7.11612e-34 -1.29732e-44  1.34387e-33 -5.12099e-44 -7.64863e-34  2.55389e-43  1.97576e-34 -7.80466e-43 -1.02396e-34   2.4616e-43 -1.12977e-34 -6.34908e-42  1.00091e-34 -4.58726e-42  8.38158e-36  5.86514e-41  4.34435e-36 -9.13398e-41 -8.84094e-35 -2.41593e-40  4.94141e-35  2.09302e-40  2.32399e-35 -9.57179e-40 -1.99248e-35  1.00875e-39  5.79547e-36 -3.63434e-39  1.27252e-35  2.12901e-39 -8.94813e-36 -2.48464e-39 -1.63739e-36 -5.41793e-39  -6.1132e-36 -5.49195e-39  6.42481e-36 -3.44154e-39  4.80664e-36  4.88478e-39 -2.71184e-35  1.33243e-39  1.19845e-34 -4.28428e-39 -4.99311e-34 -5.66785e-39  1.93606e-33 -1.23195e-39 -6.97959e-33 -1.91838e-40  2.33505e-32  1.83635e-39 -7.23753e-32 -1.73324e-39  2.07459e-31  1.66745e-39 -5.48757e-31 -6.14996e-39  1.33596e-30  1.57639e-38 -2.98397e-30 -3.89954e-38  6.09132e-30  8.82853e-38 -1.13114e-29 -1.80528e-37  1.89988e-29  3.29842e-37 -2.86572e-29  -5.2491e-37  3.84661e-29    6.878e-37 -4.53965e-29 -6.19052e-37  4.63212e-29 -4.14519e-38 -3.98471e-29  1.78424e-36  2.76829e-29 -5.07556e-36 -1.41748e-29  1.00761e-35  3.87954e-30 -1.63387e-35  1.10082e-30  2.26909e-35 -1.82321e-30 -2.74929e-35  8.47178e-31  2.92671e-35 -5.14414e-32 -2.74058e-35 -1.35954e-31  2.25175e-35  5.70677e-32 -1.61469e-35  2.35758e-33  1.00252e-35  -7.1818e-33 -5.33184e-36  1.02268e-33  2.39522e-36  4.12151e-34 -8.92346e-37 -9.52507e-35  2.69044e-37  -1.0698e-35 -6.34655e-38  2.29334e-36  1.11462e-38  3.19026e-37 -1.34516e-39 -3.75279e-38  9.56728e-41 -3.13567e-40 -2.56108e-42
 2.63882e-49  5.46378e-37  1.35625e-48 -2.10889e-35 -3.20046e-47  1.07629e-35 -2.06125e-46 -1.07339e-34 -4.57387e-45  2.74101e-34  2.06703e-44 -7.64975e-34 -5.12099e-44  1.41894e-33 -1.84535e-43 -7.16312e-34   7.9791e-43  1.52087e-34 -2.32842e-42 -1.55237e-34  4.78118e-43  -7.8623e-35 -1.90813e-41  1.01937e-34 -1.32788e-41 -7.45677e-36  1.38882e-40  3.85761e-35 -1.63767e-40 -1.11499e-34 -6.86257e-40   4.1721e-35  6.07245e-40  3.95446e-35 -2.53664e-39 -3.90423e-35  2.80392e-39  2.04229e-35 -7.83374e-39  1.28422e-35  4.81922e-39  -1.1352e-35  -5.9773e-39 -2.06741e-36 -1.03859e-38 -5.71691e-36 -9.77193e-39 -3.74132e-36 -4.33699e-39  6.34086e-35  8.86505e-39 -2.99344e-34  1.17538e-39  1.29336e-33 -4.88927e-39 -5.20672e-33 -9.19174e-39  1.94804e-32 -3.24532e-40  -6.7661e-32 -2.12686e-39  2.17878e-31  5.48878e-39 -6.49413e-31 -1.06885e-38  1.78817e-30  2.67585e-38 -4.53771e-30 -7.63094e-38  1.05814e-29  1.97755e-37 -2.25946e-29 -4.78555e-37  4.39919e-29  1.07317e-36 -7.76951e-29 -2.22291e-36  1.23674e-28  4.23733e-36 -1.75996e-28 -7.39328e-36  2.21562e-28  1.17179e-35 -2.43253e-28 -1.66764e-35  2.28157e-28   2.0904e-35 -1.76902e-28  -2.2237e-35  1.06561e-28  1.82966e-35 -4.23901e-29 -7.63098e-36  2.89798e-30 -9.03834e-36  9.91606e-30  2.82938e-35 -7.26133e-30 -4.49076e-35  1.83115e-30  5.40133e-35  5.88266e-31 -5.34234e-35 -5.54481e-31  4.46121e-35  9.01415e-32 -3.16896e-35  4.78714e-32  1.91151e-35 -1.91668e-32 -9.71486e-36 -1.20371e-33  4.10554e-36  1.37737e-33 -1.41532e-36 -3.00881e-35  3.87354e-37 -4.47666e-35 -8.09139e-38  4.05648e-37  1.21364e-38  7.47426e-37 -1.17481e-39 -1.23769e-38  5.77914e-41 -6.90235e-40
 3.23578e-36  6.25129e-48  9.37846e-37 -9.82796e-48 -2.73179e-35 -2.60666e-46 -1.00032e-36  -4.0677e-46 -8.81982e-35 -1.87601e-44  2.65416e-34  7.56899e-44 -7.64863e-34 -1.84535e-43  1.44089e-33 -6.14474e-43 -6.37834e-34  2.31754e-42  1.08997e-34 -6.49131e-42 -2.09592e-34  2.86502e-43  -4.5522e-35 -5.47104e-41  1.17366e-34 -3.86032e-41 -4.23457e-35  3.12226e-40  8.38529e-35 -2.12299e-40 -1.30798e-34  -1.8209e-39  2.31327e-35  1.64932e-39  6.19597e-35 -6.24517e-39  -6.0415e-35  7.29098e-39  3.78201e-35 -1.60064e-38  1.15133e-35  1.03211e-38  -1.2967e-35 -1.32816e-38 -7.26793e-36 -1.86986e-38  1.87209e-35 -1.60951e-38 -1.35385e-34 -4.24839e-39  7.03155e-34  1.55977e-38 -3.16139e-33  1.29827e-40  1.31988e-32 -3.84082e-39 -5.12339e-32 -1.45565e-38  1.84699e-31  3.38537e-39  -6.1769e-31 -1.08791e-38  1.91362e-30  2.85488e-38 -5.48215e-30 -7.81841e-38  1.44914e-29  2.18871e-37 -3.52518e-29  -5.9287e-37  7.86634e-29  1.49301e-36 -1.60399e-28 -3.50513e-36  2.97451e-28  7.65016e-36 -4.98766e-28 -1.54874e-35   7.5076e-28  2.90016e-35 -1.00507e-27 -5.00565e-35  1.18207e-27  7.92734e-35 -1.20049e-27 -1.14505e-34  1.02572e-27  1.49614e-34  -7.0486e-28  -1.7471e-34  3.53182e-28  1.78807e-34  -8.9258e-29 -1.54648e-34 -3.45542e-29  1.03583e-34  4.87185e-29 -3.72379e-35 -2.12848e-29 -2.61857e-35  5.34964e-31  6.98086e-35  3.80004e-30 -8.56878e-35 -1.45196e-30  7.73464e-35 -1.12941e-31 -5.59219e-35  1.96522e-31  3.31637e-35 -2.32991e-32 -1.61693e-35 -1.18425e-32  6.42108e-36  2.26149e-33 -2.03797e-36  3.94228e-34  5.01686e-37 -7.09982e-35  -9.1418e-38 -7.65922e-36  1.14093e-38   7.6536e-37 -8.38125e-40  2.26159e-38  2.31685e-41
-3.80362e-48   4.1593e-36  7.04769e-47   4.6763e-36 -1.35257e-46 -2.74808e-35 -1.64065e-45 -3.00895e-35  1.18192e-47 -6.49263e-35  -7.0416e-44  2.37686e-34  2.55389e-43 -7.16312e-34 -6.14474e-43  1.42463e-33 -1.91657e-42 -5.57029e-34  6.27442e-42  7.70938e-35 -1.69653e-41 -2.52593e-34 -2.91606e-42 -2.56344e-35 -1.50597e-40  1.54032e-34 -1.09524e-40 -9.52026e-35  6.69063e-40  1.34649e-34 -3.31228e-41 -1.43575e-34  -4.5277e-39 -6.80049e-36  4.19927e-39  8.97937e-35 -1.43167e-38 -8.26107e-35  1.76838e-38  5.78562e-35 -3.09846e-38  6.92447e-36  2.09011e-38 -5.47302e-36 -2.73109e-38 -6.20725e-35 -3.17009e-38  3.03447e-34 -2.44426e-38 -1.55655e-33 -1.87479e-39  7.30024e-33  2.67484e-38 -3.16192e-32 -2.62705e-39  1.27307e-31  1.12603e-39  -4.7623e-31 -2.47151e-38  1.65355e-30  2.05357e-38 -5.32244e-30 -6.06232e-38  1.58563e-29  1.77162e-37 -4.36348e-29 -5.15401e-37  1.10652e-28  1.43077e-36 -2.57812e-28 -3.73945e-36  5.49961e-28  9.12028e-36 -1.06949e-27  -2.0744e-35  1.88609e-27  4.39167e-35 -2.99679e-27 -8.63631e-35  4.25488e-27  1.57365e-34 -5.34068e-27 -2.64882e-34   5.8404e-27  4.10344e-34 -5.44762e-27 -5.82351e-34  4.18824e-27  7.52645e-34 -2.48545e-27  -8.7893e-34  9.52364e-28   9.1729e-34 -2.79138e-29 -8.41446e-34 -2.53904e-28  6.59442e-34  1.74083e-28 -4.16192e-34 -3.94679e-29  1.76781e-34 -1.66757e-29  1.96856e-36  1.36365e-29 -9.48837e-35 -1.85951e-30  1.12841e-34 -1.28618e-30 -8.79562e-35  4.55137e-31  5.23362e-35  4.30843e-32 -2.46267e-35 -3.43014e-32  9.17827e-36 -1.16164e-34 -2.66522e-36  1.22682e-33  5.83457e-37 -8.72747e-36 -9.09912e-38 -1.72698e-35  9.11576e-39  2.15948e-38 -4.62856e-40   2.2789e-38
-1.45731e-36 -4.18031e-47  1.61196e-36  5.49032e-46  9.57173e-36 -9.19407e-46 -1.38003e-35 -8.61173e-45 -7.18037e-35  4.50214e-45 -5.33649e-35 -2.43535e-43  1.97576e-34   7.9791e-43 -6.37834e-34 -1.91657e-42  1.39394e-33 -5.68448e-42 -5.02702e-34  1.58415e-41  6.44031e-35 -4.16918e-41 -2.76887e-34 -1.90036e-41 -2.81053e-35 -3.99293e-40  2.16779e-34 -2.96468e-40 -1.60495e-34  1.36931e-39  1.83855e-34  9.77035e-40  -1.4873e-34 -1.05672e-38 -4.64334e-35  1.00297e-38  1.21339e-34   -3.062e-38  -1.0465e-34   3.9989e-38   8.2723e-35 -5.67445e-38 -1.60445e-35  4.00169e-38  9.83445e-35 -5.20649e-38 -6.44352e-34 -5.07394e-38  3.29918e-33 -3.38572e-38 -1.59612e-32  4.56737e-39  7.17309e-32    4.499e-38 -2.99538e-31 -9.09316e-39  1.16248e-30  1.68561e-38 -4.18949e-30 -5.74479e-38  1.40058e-29  1.13238e-37 -4.33712e-29 -3.50441e-37  1.24186e-28  1.05198e-36 -3.28067e-28 -3.02035e-36  7.97475e-28  8.15164e-36 -1.77799e-27 -2.06068e-35  3.62158e-27  4.86537e-35  -6.7074e-27 -1.07157e-34  1.12292e-26  2.19771e-34  -1.6869e-26 -4.18881e-34  2.25259e-26  7.40187e-34 -2.64042e-26 -1.20915e-33  2.66929e-26  1.81979e-33 -2.26538e-26 -2.51278e-33  1.53971e-26  3.16706e-33 -7.54325e-27 -3.62006e-33   1.7391e-27  3.72104e-33  8.98045e-28 -3.39977e-33  -1.1133e-27   2.7138e-33  4.57297e-28  -1.8388e-33  5.91901e-30  9.97644e-34 -9.03832e-29 -3.65353e-34  3.15023e-29  6.16105e-36  3.69703e-30  1.23671e-34 -4.57555e-30 -1.21152e-34  4.27241e-31  7.50189e-35  2.95828e-31 -3.43693e-35 -4.76709e-32  1.19999e-35 -1.06292e-32  -3.1623e-36  1.62691e-33  6.06754e-37  1.88797e-34 -7.89626e-38 -1.48717e-35  6.01931e-39 -7.37968e-37 -1.72272e-40
 4.66788e-48 -3.51345e-36 -3.20051e-46 -3.24212e-36  3.34218e-45  1.08918e-35 -4.58581e-45  1.45653e-35 -3.92444e-44 -1.12192e-34  2.47456e-44 -6.53867e-35 -7.80466e-43  1.52087e-34  2.31754e-42 -5.57029e-34 -5.68448e-42  1.37436e-33 -1.62815e-41 -4.96429e-34  3.71799e-41  7.48704e-35 -9.66524e-41   -2.812e-34 -8.02254e-41 -5.85235e-35  -1.0205e-39  3.07157e-34  -7.5688e-40 -2.29567e-34  2.67664e-39  2.24354e-34  4.29591e-39 -1.46809e-34 -2.31612e-38 -9.24824e-35  2.24785e-38  1.54648e-34 -6.11818e-38 -1.29687e-34  8.43688e-38  1.38541e-34 -9.81043e-38 -2.18074e-34   7.2431e-38  1.21652e-33 -9.21232e-38 -6.63567e-33 -7.68842e-38  3.31536e-32 -4.16803e-38 -1.54399e-31  1.68786e-38   6.6865e-31  7.54698e-38 -2.69171e-30  -2.7692e-38  1.00665e-29  7.44493e-38 -3.49414e-29 -2.14664e-37  1.12426e-28  6.21742e-37  -3.3478e-28 -1.93836e-36  9.20784e-28   5.7367e-36 -2.33348e-27  -1.6007e-35  5.43271e-27  4.18544e-35 -1.15783e-26 -1.02399e-34  2.24908e-26  2.34035e-34 -3.96086e-26 -4.98984e-34  6.28256e-26  9.90744e-34 -8.90058e-26  -1.8282e-33  1.11402e-25  3.12776e-33 -1.21359e-25 -4.94723e-33  1.12581e-25  7.21034e-33 -8.58284e-26 -9.64447e-33  5.01632e-26  1.17824e-32 -1.84644e-26 -1.30691e-32 -2.59275e-28  1.30638e-32  5.58837e-27 -1.16536e-32 -3.60459e-27  9.15335e-33  7.25189e-28 -6.20422e-33  3.98496e-28  3.50698e-33 -2.88903e-28 -1.53798e-33  3.18118e-29  4.12311e-34  2.95927e-29  5.02375e-35 -9.28416e-30 -1.40723e-34 -1.21876e-30  9.74348e-35  7.44003e-31 -4.40037e-35     1.77e-32  1.43482e-35 -2.75677e-32 -3.39419e-36 -1.02708e-34  5.59996e-37  3.74164e-34  -5.8712e-38  3.54184e-36   3.1097e-39 -5.57616e-37
 3.27987e-36   3.8755e-47 -6.56761e-36 -1.96602e-45 -7.20798e-36  1.68898e-44  6.24009e-36 -1.86048e-44  4.97442e-35 -1.59326e-43 -1.36098e-34  8.98313e-44 -1.02396e-34 -2.32842e-42  1.08997e-34  6.27442e-42 -5.02702e-34 -1.62815e-41   1.3868e-33 -4.56287e-41 -5.46786e-34  8.03453e-41  1.05598e-34 -2.12225e-40 -2.68844e-34 -2.81159e-40 -1.17935e-34  -2.5111e-39  4.22674e-34 -1.81851e-39 -2.92512e-34  4.98997e-39  2.50647e-34  1.30776e-38  -1.3951e-34 -4.76613e-38 -1.41497e-34  4.72705e-38  1.93427e-34 -1.14277e-37 -2.01806e-34  1.66246e-37  5.07531e-34 -1.59619e-37 -2.27502e-33  1.23909e-37  1.25953e-32 -1.51292e-37 -6.54518e-32 -1.10711e-37  3.15911e-31 -4.23496e-38 -1.41854e-30  3.46864e-38  5.92255e-30  1.33317e-37 -2.29796e-29 -1.02164e-37  8.27941e-29  3.32847e-37 -2.76694e-28 -1.03196e-36  8.56494e-28  3.26578e-36 -2.45127e-27 -9.99173e-36  6.47203e-27  2.87766e-35 -1.57219e-26 -7.78006e-35  3.50242e-26  1.96982e-34 -7.12712e-26 -4.66524e-34  1.31841e-25  1.03214e-33 -2.20394e-25 -2.12996e-33  3.30465e-25  4.09263e-33 -4.40215e-25 -7.30676e-33  5.14346e-25  1.20914e-32 -5.17647e-25 -1.84932e-32   4.3641e-25  2.60538e-32 -2.93356e-25 -3.36759e-32  1.40399e-25  3.97459e-32 -2.90739e-26 -4.25885e-32  -1.9851e-26  4.11372e-32  2.21258e-26 -3.54987e-32  -8.5399e-27  2.70433e-32 -4.61487e-28 -1.78868e-32  1.86214e-27  1.00107e-32 -5.92007e-28 -4.52625e-33 -9.57847e-29  1.48063e-33  9.26066e-29  -2.0641e-34 -6.36286e-30 -1.24508e-34 -6.39232e-30  1.14308e-34  8.71608e-31 -5.17451e-35  2.39849e-31  1.56688e-35 -3.09077e-32 -3.27758e-36 -4.29352e-33  4.53061e-37  2.66898e-34  -3.6294e-38  1.78335e-35  1.09303e-39
 6.15646e-48  9.17529e-36  2.12853e-46 -1.07305e-35 -1.02372e-44 -8.47758e-36  7.34537e-44 -1.72999e-36 -6.46669e-44  8.01115e-35  -5.8738e-43 -1.35549e-34   2.4616e-43 -1.55237e-34 -6.49131e-42  7.70938e-35  1.58415e-41 -4.96429e-34 -4.56287e-41  1.44404e-33 -1.26075e-40 -6.47984e-34  1.56389e-40  1.46536e-34   -4.437e-40  -2.4611e-34 -8.75808e-40 -2.01651e-34 -5.93576e-39  5.56178e-34 -4.12938e-39 -3.40124e-34  8.85381e-39  2.59935e-34  3.33024e-38 -1.27895e-34 -9.19917e-38  -1.9907e-34  9.32359e-38  3.06626e-34 -1.99464e-37 -7.94483e-34  3.06236e-37  4.10321e-33 -2.43305e-37 -2.28609e-32  2.00207e-37  1.22893e-31 -2.30185e-37 -6.15252e-31 -1.52632e-37  2.86443e-30 -2.43825e-38  -1.2402e-29  4.49808e-38  4.99157e-29  2.82554e-37 -1.86631e-28 -4.56565e-37  6.47622e-28  1.58012e-36 -2.08305e-27 -5.10617e-36  6.20039e-27  1.60906e-35 -1.70455e-26 -4.78655e-35  4.31722e-26   1.3368e-34 -1.00442e-25 -3.50038e-34  2.13884e-25  8.58192e-34 -4.15039e-25 -1.96783e-33  7.29991e-25  4.21443e-33 -1.15602e-24 -8.41699e-33  1.63437e-24  1.56472e-32 -2.04006e-24 -2.70171e-32  2.21418e-24  4.32182e-32 -2.04312e-24 -6.38612e-32  1.54463e-24  8.68663e-32 -8.88889e-25 -1.08329e-31  3.13363e-25  1.23263e-31   1.9563e-26 -1.27233e-31 -1.07379e-25  1.18305e-31  6.54111e-26 -9.82289e-32 -1.14732e-26  7.20134e-32 -8.20416e-27 -4.59112e-32  5.35331e-27  2.48971e-32 -4.47078e-28 -1.10755e-32 -5.93235e-28  3.75659e-33  1.65479e-28 -7.74255e-34  2.83692e-29 -4.94186e-35 -1.41013e-29  1.20781e-34  -6.1802e-31 -5.59615e-35  5.35722e-31  1.55792e-35  9.13113e-33 -2.82152e-36 -7.30552e-33   3.1492e-37 -1.26715e-34 -1.76084e-38   1.1154e-35
-2.26093e-36  4.64404e-47  1.70205e-35  8.37663e-46 -1.55963e-35 -4.65043e-44 -8.46663e-36  2.81631e-43 -7.24991e-36 -2.00441e-43  9.76153e-35 -1.99737e-42 -1.12977e-34  4.78118e-43 -2.09592e-34 -1.69653e-41  6.44031e-35  3.71799e-41 -5.46786e-34 -1.26075e-40   1.5499e-33 -3.43545e-40 -7.82668e-34  2.60094e-40  1.83116e-34 -8.89198e-40 -2.21419e-34 -2.49438e-39 -2.98911e-34 -1.34435e-38  6.95982e-34 -8.93774e-39 -3.65296e-34  1.49331e-38  2.50869e-34  7.50946e-38 -9.92304e-35 -1.66233e-37 -3.71195e-34   1.7234e-37  1.24814e-33 -3.24806e-37  -6.7381e-33  5.27632e-37  3.95913e-32 -3.45036e-37 -2.20028e-31  3.05044e-37  1.14192e-30 -3.22559e-37 -5.51269e-30 -2.05787e-37    2.475e-29   4.2085e-38 -1.03316e-28 -2.81862e-38  4.00789e-28   8.2433e-37 -1.44367e-27 -2.16829e-36  4.82329e-27   7.4793e-36 -1.49251e-26 -2.41247e-35  4.26979e-26  7.40762e-35 -1.12679e-25 -2.13684e-34  2.73557e-25  5.78258e-34 -6.08971e-25 -1.46661e-33  1.23811e-24  3.48234e-33  -2.2878e-24 -7.73188e-33  3.81916e-24  1.60304e-32  -5.7165e-24 -3.09835e-32  7.59757e-24  5.57185e-32 -8.84966e-24 -9.30186e-32  8.86795e-24   1.4378e-31 -7.42766e-24 -2.05139e-31  4.93793e-24  2.69197e-31 -2.30669e-24 -3.23549e-31  4.20333e-25  3.54408e-31   3.8046e-25 -3.51721e-31 -3.87486e-25  3.13995e-31   1.4038e-25 -2.49951e-31  1.38776e-26   1.7545e-31 -3.37081e-26 -1.07011e-31  9.76174e-27  5.55569e-32  2.07115e-27 -2.37818e-32 -1.65125e-27  7.91945e-33  7.37459e-29  -1.7712e-33  1.20825e-28  9.62701e-35 -1.37987e-29  1.14926e-34 -4.71218e-30 -5.57451e-35  5.07078e-31   1.4024e-35   8.6443e-32 -2.13388e-36 -4.26957e-33  1.81816e-37 -3.60064e-34  -5.8089e-39
-4.26418e-47 -5.38126e-36  2.45548e-46  2.47862e-35  2.06148e-45 -1.99759e-35 -1.87544e-43 -1.02099e-35  9.68923e-43 -6.02668e-36 -5.77617e-43  1.02012e-34 -6.34908e-42  -7.8623e-35  2.86502e-43 -2.52593e-34 -4.16918e-41  7.48704e-35  8.03453e-41 -6.47984e-34 -3.43545e-40  1.70038e-33 -9.17655e-40 -9.27301e-34  3.11683e-40   2.0088e-34 -1.72128e-39 -2.04847e-34 -6.58757e-39 -3.94316e-34 -2.90983e-38  8.26831e-34 -1.86434e-38 -3.61796e-34  2.39851e-38  2.05502e-34  1.53667e-37  1.06333e-34 -2.80382e-37 -1.80629e-33  2.98096e-37  1.06552e-32 -4.91676e-37 -6.50663e-32  8.50161e-37  3.75901e-31 -4.49887e-37 -2.02243e-30  4.36644e-37  1.01234e-29 -4.09102e-37 -4.71282e-29 -2.90593e-37  2.04022e-28  2.63652e-37  -8.2101e-28 -5.54697e-37  3.06908e-27  3.14037e-36 -1.06473e-26 -1.00692e-35  3.42369e-26  3.39111e-35 -1.01874e-25 -1.07073e-34  2.79944e-25  3.18915e-34 -7.08676e-25 -8.91583e-34  1.64775e-24   2.3378e-33 -3.50611e-24 -5.74416e-33  6.79721e-24  1.32115e-32 -1.19413e-23 -2.84081e-32  1.88821e-23  5.70232e-32 -2.66439e-23 -1.06665e-31  3.31721e-23  1.85551e-31 -3.58758e-23 -2.99465e-31  3.29332e-23  4.47166e-31 -2.46928e-23 -6.15795e-31  1.39884e-23  7.79151e-31 -4.70738e-24 -9.01825e-31 -5.49645e-25  9.49941e-31  1.82349e-24 -9.05067e-31 -1.05236e-24  7.74225e-31   1.5702e-25 -5.89287e-31  1.47889e-25  3.94573e-31 -8.78213e-26 -2.29012e-31  4.95947e-27   1.1291e-31  1.04899e-26 -4.58849e-32 -2.60522e-27  1.45963e-32 -5.62793e-28 -3.23709e-33  2.35974e-28  2.99229e-34  1.52914e-29  9.93775e-35 -9.20019e-30 -5.12154e-35 -2.84141e-31   1.1321e-35  1.27003e-31 -1.38495e-36  3.08465e-33  8.18657e-38 -1.92185e-34
 1.39347e-36 -3.83886e-46 -8.73173e-36  1.08982e-45  3.04186e-35 -7.26947e-46 -2.27394e-35 -6.79041e-43 -1.51412e-35  3.03276e-42  1.27531e-36 -1.61949e-42  1.00091e-34 -1.90813e-41  -4.5522e-35 -2.91606e-42 -2.76887e-34 -9.66524e-41  1.05598e-34  1.56389e-40 -7.82668e-34 -9.17655e-40   1.8857e-33 -2.38081e-39 -1.05832e-33 -3.68403e-43  1.90431e-34 -3.24174e-39 -2.07251e-34 -1.62612e-38 -4.70659e-34 -6.00523e-38    9.292e-34 -3.79126e-38 -3.01088e-34  3.69932e-38 -9.74034e-35  2.88891e-37  2.16302e-33 -4.39196e-37 -1.60377e-32  4.81272e-37  1.02238e-31  -6.8714e-37 -6.12956e-31  1.27937e-36   3.4213e-30 -5.27038e-37 -1.77577e-29  5.81159e-37  8.57192e-29  -4.4032e-37 -3.84808e-28 -5.10985e-37  1.60612e-27  1.08524e-36 -6.22952e-27 -3.19073e-36  2.24347e-26   1.3197e-35 -7.49365e-26 -4.43607e-35  2.31816e-25   1.4506e-34  -6.6295e-25 -4.45318e-34  1.74877e-24  1.28567e-33  -4.2434e-24  -3.4836e-33  9.44031e-24  8.85226e-33  -1.9178e-23  -2.1077e-32  3.54026e-23  4.69682e-32 -5.90255e-23 -9.78279e-32  8.82059e-23  1.90152e-31  -1.1698e-22 -3.44281e-31  1.35861e-22  5.79379e-31 -1.35576e-22 -9.03982e-31  1.12836e-22  1.30388e-30 -7.41897e-23 -1.73272e-30  3.37981e-23  2.11309e-30 -5.26847e-24 -2.35399e-30 -6.41466e-24   2.3825e-30  6.04314e-24 -2.17674e-30 -2.05175e-24  1.78141e-30 -3.04067e-25  -1.2936e-30  5.42211e-25  8.23737e-31 -1.42689e-25 -4.53018e-31 -3.84867e-26  2.10782e-31  2.62052e-26 -8.05238e-32 -5.48397e-28  2.40389e-32 -2.02268e-27 -5.05877e-33  1.89721e-28  5.14679e-34   8.1918e-29  8.06045e-35 -7.29671e-30  -4.3403e-35 -1.53748e-30  8.06955e-36  5.97418e-32 -7.41805e-37  6.35698e-33     2.47e-38
 1.55109e-46  3.50473e-36 -2.29074e-45 -1.09525e-35  4.54111e-45  3.28751e-35 -4.34098e-44 -2.42068e-35 -2.22266e-42 -2.11746e-35  8.73539e-42  8.85006e-36 -4.58726e-42  1.01937e-34 -5.47104e-41 -2.56344e-35 -1.90036e-41   -2.812e-34 -2.12225e-40  1.46536e-34  2.60094e-40 -9.27301e-34 -2.38081e-39   2.0927e-33 -5.94429e-39 -1.15758e-33 -1.58474e-39  1.51149e-34 -5.96656e-39 -2.38912e-34 -3.77101e-38 -5.09231e-34 -1.17922e-37  9.51827e-34 -7.58773e-38  1.15352e-34   5.5865e-38 -2.98013e-33  5.02101e-37  2.27201e-32 -6.33447e-37 -1.53498e-31  7.22109e-37  9.55543e-31 -8.74942e-37 -5.53273e-30  1.79224e-36  2.97817e-29 -5.23825e-37 -1.49068e-28  6.94416e-37  6.93907e-28 -2.69111e-37 -3.00367e-27 -1.33657e-36  1.20856e-26  4.37661e-36 -4.51708e-26 -1.48351e-35  1.56678e-25  5.50226e-35 -5.03686e-25  -1.8368e-34  1.49832e-24  5.82445e-34 -4.11587e-24 -1.73494e-33  1.04148e-23  4.85568e-33 -2.42029e-23 -1.27547e-32  5.14653e-23  3.14204e-32 -9.96921e-23 -7.25179e-32  1.74954e-22  1.56623e-31 -2.76272e-22 -3.16099e-31  3.89143e-22  5.95144e-31 -4.83327e-22 -1.04327e-30  5.20961e-22  1.69884e-30 -4.75847e-22 -2.56293e-30  3.53892e-22  3.57113e-30 -1.97316e-22 -4.57934e-30  6.31533e-23  5.38166e-30   1.1252e-23 -5.76802e-30 -2.76402e-23  5.60584e-30  1.51525e-23  -4.9068e-30 -1.85588e-24  3.83659e-30 -2.36326e-24 -2.65302e-30  1.28809e-24   1.6024e-30  -3.7222e-26 -8.31904e-31  -1.6527e-25  3.63315e-31  3.65268e-26 -1.29399e-31  9.73903e-27  3.57503e-32 -3.52253e-27 -6.93173e-33 -3.06564e-28  6.75792e-34  1.41215e-28   6.5668e-35  6.33573e-30 -3.38215e-35 -1.97144e-30  4.95224e-36 -6.14889e-32 -3.04957e-37  2.92856e-33
