     0.12029  2.23064e-17   -0.0525746 -4.12122e-17   -0.0257495  3.48246e-18   0.00410786   2.4657e-18   0.00545928  1.85763e-19  0.000576547  5.35602e-19 -0.000621841 -1.55826e-19 -0.000202386  -7.0148e-20  5.92539e-06  1.86926e-20  9.75865e-06  1.22966e-21  7.81993e-07
 2.23064e-17     0.131089  3.46811e-17   -0.0208407  -3.3347e-17    -0.031903 -2.69628e-18 -0.000178834 -2.93898e-19    0.0069754  6.41213e-19   0.00158254  8.47845e-19  -0.00071851 -3.96559e-19 -0.000352778 -7.28331e-20 -2.21903e-05  1.70831e-20  8.12147e-06  2.31568e-22
  -0.0525746  3.46811e-17    0.0854408  2.92495e-17  -0.00398586 -1.45602e-17   -0.0294199 -2.22855e-18  -0.00334309 -2.96755e-18   0.00715408  1.62283e-18   0.00246826  6.64609e-19  -0.00057312 -5.91911e-19 -0.000429073 -6.77741e-20 -5.39296e-05 -1.97146e-21  1.93176e-06
-4.12122e-17   -0.0208407  2.92495e-17    0.0580247  1.50193e-17  0.000868182 -9.57706e-19   -0.0265193 -1.50184e-18  -0.00544228 -2.77847e-18   0.00677745  3.23139e-18   0.00317116  3.81162e-19 -0.000264282  -5.3509e-19 -0.000404965 -6.74191e-20 -6.36322e-05 -1.40448e-20
  -0.0257495  -3.3347e-17  -0.00398586  1.50193e-17     0.046128  3.14737e-18   0.00277792  4.16001e-18   -0.0243105 -4.15971e-18  -0.00706374 -5.96492e-19   0.00607097  4.62275e-18   0.00366945  4.53226e-19  0.000139112 -1.95159e-19 -0.000282444 -5.30985e-20  -4.0768e-05
 3.48246e-18    -0.031903 -1.45602e-17  0.000868182  3.14737e-18    0.0397101  -8.8821e-19   0.00394782  1.76661e-18   -0.0226306 -9.27128e-18  -0.00849343  1.27186e-18   0.00507593  4.79075e-18   0.00390725   9.0603e-19   0.00053842  1.98121e-19   -0.0001123 -2.59151e-20
  0.00410786 -2.69628e-18   -0.0294199 -9.57706e-19   0.00277792  -8.8821e-19    0.0357323  2.92112e-18   0.00486069 -4.46225e-18   -0.0213232 -1.39918e-17  -0.00988494  1.08588e-18   0.00375423  3.53354e-18   0.00377493  1.37506e-18  0.000782635  3.57899e-19  7.85936e-06
  2.4657e-18 -0.000178834 -2.22855e-18   -0.0265193  4.16001e-18   0.00394782  2.92112e-18    0.0332396   1.0951e-17    0.0057398 -9.81784e-18   -0.0202544 -1.59581e-17   -0.0113231 -1.33386e-18   0.00203347  1.58979e-18   0.00313411  1.45964e-18  0.000721748  2.20558e-19
  0.00545928 -2.93898e-19  -0.00334309 -1.50184e-18   -0.0243105  1.76661e-18   0.00486069   1.0951e-17    0.0317747  1.82898e-17   0.00673064 -1.11253e-17   -0.0192835 -1.51041e-17   -0.0128136 -4.90822e-18 -9.82394e-05  -9.0603e-20    0.0019669   1.0191e-18   0.00037874
 1.85763e-19    0.0069754 -2.96755e-18  -0.00544228 -4.15971e-18   -0.0226306 -4.46225e-18    0.0057398  1.82898e-17    0.0311213  2.15778e-17    0.0079763 -8.28336e-18   -0.0182035 -1.35497e-17   -0.0141727 -8.21723e-18  -0.00235704 -1.02931e-18  0.000633747  3.45589e-19
 0.000576547  6.41213e-19   0.00715408 -2.77847e-18  -0.00706374 -9.27128e-18   -0.0213232 -9.81784e-18   0.00673064  2.15778e-17    0.0312138  2.10854e-17   0.00969005 -3.62367e-18   -0.0166022 -1.33815e-17   -0.0147797 -9.89152e-18  -0.00391054 -1.18828e-18 -0.000162313
 5.35602e-19   0.00158254  1.62283e-18   0.00677745 -5.96492e-19  -0.00849343 -1.39918e-17   -0.0202544 -1.11253e-17    0.0079763  2.10854e-17    0.0321317  2.02222e-17    0.0122848  3.56805e-19   -0.0136378 -1.41626e-17   -0.0134586 -8.73562e-18  -0.00373857 -7.07738e-19
-0.000621841  8.47845e-19   0.00246826  3.23139e-18   0.00607097  1.27186e-18  -0.00988494 -1.59581e-17   -0.0192835 -8.28336e-18   0.00969005  2.02222e-17    0.0341848  2.23934e-17    0.0165412   2.8768e-18  -0.00811453 -1.28277e-17  -0.00931072 -4.90644e-18  -0.00192951
-1.55826e-19  -0.00071851  6.64609e-19   0.00317116  4.62275e-18   0.00507593  1.08588e-18   -0.0113231 -1.51041e-17   -0.0182035 -3.62367e-18    0.0122848  2.23934e-17     0.038037  2.76126e-17    0.0233588  4.98112e-18  0.000227051 -7.23962e-18  -0.00357057 -9.98499e-19
-0.000202386 -3.96559e-19  -0.00057312  3.81162e-19   0.00366945  4.79075e-18   0.00375423 -1.33386e-18   -0.0128136 -1.35497e-17   -0.0166022  3.56805e-19    0.0165412  2.76126e-17    0.0443808  3.21511e-17    0.0321504   7.9412e-18   0.00851302   -2.011e-19  0.000282852
 -7.0148e-20 -0.000352778 -5.91911e-19 -0.000264282  4.53226e-19   0.00390725  3.53354e-18   0.00203347 -4.90822e-18   -0.0141727 -1.33815e-17   -0.0136378   2.8768e-18    0.0233588  3.21511e-17    0.0522189  3.22148e-17    0.0385348  1.08996e-17    0.0114388  2.75895e-18
 5.92539e-06 -7.28331e-20 -0.000429073  -5.3509e-19  0.000139112   9.0603e-19   0.00377493  1.58979e-18 -9.82394e-05 -8.21723e-18   -0.0147797 -1.41626e-17  -0.00811453  4.98112e-18    0.0321504  3.22148e-17    0.0565457  2.75715e-17    0.0358907  1.06464e-17   0.00721378
 1.86926e-20 -2.21903e-05 -6.77741e-20 -0.000404965 -1.95159e-19   0.00053842  1.37506e-18   0.00313411  -9.0603e-20  -0.00235704 -9.89152e-18   -0.0134586 -1.28277e-17  0.000227051   7.9412e-18    0.0385348  2.75715e-17    0.0502663  2.01705e-17     0.023076  5.98394e-18
 9.75865e-06  1.70831e-20 -5.39296e-05 -6.74191e-20 -0.000282444  1.98121e-19  0.000782635  1.45964e-18    0.0019669 -1.02931e-18  -0.00391054 -8.73562e-18  -0.00931072 -7.23962e-18   0.00851302  1.08996e-17    0.0358907  2.01705e-17     0.032608  1.14414e-17    0.0084351
 1.22966e-21  8.12147e-06 -1.97146e-21 -6.36322e-05 -5.30985e-20   -0.0001123  3.57899e-19  0.000721748   1.0191e-18  0.000633747 -1.18828e-18  -0.00373857 -4.90644e-18  -0.00357057   -2.011e-19    0.0114388  1.06464e-17     0.023076  1.14414e-17    0.0133242  3.83286e-18
 7.81993e-07  2.31568e-22  1.93176e-06 -1.40448e-20  -4.0768e-05 -2.59151e-20  7.85936e-06  2.20558e-19   0.00037874  3.45589e-19 -0.000162313 -7.07738e-19  -0.00192951 -9.98499e-19  0.000282852  2.75895e-18   0.00721378  5.98394e-18    0.0084351  3.83286e-18   0.00253804
